Gene_Symbol	logFC	pv	pct.1	pct.2	p_val_adj
KLF2	-2.88828	6.27E-119	0.197	0.681	2.02E-114
SOCS3	-2.73368	2.62E-118	0.128	0.605	8.45E-114
DUSP1	-1.73963	5.09E-112	0.557	0.948	1.64E-107
FOS	-1.72576	5.97E-106	0.592	0.94	1.93E-101
ACTB	1.920104	9.02E-106	0.999	0.994	2.91E-101
JUNB	-1.28553	5.95E-100	0.73	0.98	1.92E-95
ARHGAP15	-1.66601	7.60E-84	0.272	0.744	2.45E-79
IER2	-1.57343	1.52E-70	0.352	0.78	4.92E-66
SELL	-1.72627	6.71E-64	0.16	0.544	2.17E-59
HMGB2	-1.64846	6.12E-62	0.176	0.554	1.98E-57
ZFP36	-1.45643	1.16E-61	0.351	0.734	3.74E-57
GPCPD1	-1.71073	5.80E-60	0.159	0.522	1.87E-55
LCN2	-2.18276	2.46E-57	0.073	0.351	7.93E-53
CSTB	1.614593	5.80E-57	0.77	0.573	1.87E-52
FTH1	1.198419	7.21E-56	0.993	1	2.33E-51
BTG2	-1.02289	1.20E-55	0.538	0.887	3.86E-51
HP	-0.83515	7.85E-53	0.719	0.96	2.54E-48
EGR1	-2.21877	1.80E-51	0.093	0.363	5.81E-47
NR4A1	-1.57272	2.17E-51	0.199	0.546	7.02E-47
PRTN3	-2.24565	2.08E-50	0.052	0.282	6.72E-46
MMP8	-1.57244	6.67E-50	0.166	0.502	2.15E-45
CTSB	1.141476	2.08E-49	0.875	0.831	6.72E-45
PFN1	0.632992	6.00E-49	0.985	0.974	1.94E-44
CEBPD	-1.74687	2.15E-48	0.123	0.419	6.93E-44
IL1R2	-2.17004	1.27E-47	0.051	0.27	4.11E-43
RIPOR2	-2.62463	1.64E-46	0.037	0.232	5.28E-42
GSR	-0.88197	1.86E-46	0.612	0.919	6.02E-42
TMSB4X	0.341307	1.62E-45	0.999	0.998	5.24E-41
LGMN	1.49006	2.73E-45	0.688	0.492	8.82E-41
FPR2	-2.2458	2.20E-43	0.046	0.248	7.10E-39
DGKG	-2.14675	2.47E-43	0.045	0.246	7.96E-39
F13A1	-1.01393	6.01E-43	0.469	0.821	1.94E-38
ST8SIA4	-2.58062	1.83E-42	0.024	0.185	5.92E-38
S100A8	-1.54036	2.31E-42	0.126	0.407	7.44E-38
SBNO2	-1.62157	3.46E-42	0.122	0.401	1.12E-37
MGST1	-0.98661	1.39E-41	0.416	0.77	4.49E-37
EMB	-0.88272	2.03E-41	0.523	0.861	6.57E-37
H2AZ1	-0.81141	4.12E-41	0.706	0.913	1.33E-36
ADD3	-2.18526	1.10E-40	0.038	0.22	3.56E-36
MCEMP1	-1.01809	3.51E-39	0.309	0.673	1.13E-34
ATRNL1	-1.3197	7.58E-39	0.175	0.474	2.45E-34
LDLRAD3	-2.38487	6.75E-38	0.031	0.194	2.18E-33
SMPDL3A	-0.88142	8.54E-38	0.551	0.847	2.76E-33
JUND	-1.11042	3.25E-37	0.387	0.714	1.05E-32
YPEL3	-1.40415	4.06E-37	0.132	0.397	1.31E-32
IL5	-1.32732	7.95E-36	0.289	0.587	2.57E-31
AP1S2	-1.18462	1.53E-35	0.179	0.48	4.95E-31
RPS9	-0.35701	3.09E-35	0.99	0.998	9.99E-31
LRG1	-1.58785	3.19E-35	0.199	0.47	1.03E-30
JUN	-1.42281	9.43E-35	0.237	0.526	3.05E-30
CERS6	-1.10043	1.01E-34	0.229	0.542	3.26E-30
LGALS1	1.066031	1.12E-34	0.766	0.655	3.60E-30
CDKN2D	-1.49405	1.77E-34	0.107	0.341	5.70E-30
JAML	-2.65954	2.22E-33	0.018	0.145	7.16E-29
C5AR1	1.28904	1.24E-32	0.629	0.393	3.99E-28
F5	-1.84758	2.37E-32	0.051	0.224	7.65E-28
APOE	-1.06108	6.82E-31	0.754	0.877	2.20E-26
IER5	-0.99065	1.12E-30	0.359	0.673	3.61E-26
IL6	-4.20735	2.05E-30	0.006	0.097	6.61E-26
COX7A2L	-0.82262	2.23E-30	0.433	0.756	7.19E-26
FLT3	-3.4673	3.18E-30	0.006	0.097	1.03E-25
EIF4A1	0.65466	3.43E-30	0.893	0.863	1.11E-25
CYBB	-0.91031	6.56E-30	0.378	0.702	2.12E-25
GADD45A	-1.93865	1.50E-29	0.042	0.194	4.85E-25
NFIL3	-1.15602	2.52E-29	0.173	0.435	8.14E-25
CD302	-1.16836	4.80E-29	0.157	0.407	1.55E-24
IRF1	-1.65782	5.76E-29	0.058	0.228	1.86E-24
ANXA2	0.656758	7.12E-29	0.9	0.873	2.30E-24
CTSD	1.329116	1.52E-27	0.678	0.617	4.89E-23
SAMSN1	-1.12274	1.89E-27	0.159	0.407	6.09E-23
GPX4	-0.78484	1.96E-27	0.501	0.778	6.34E-23
MYL12A	0.935326	2.20E-27	0.696	0.611	7.11E-23
ARHGEF37	-1.93492	2.60E-27	0.045	0.192	8.41E-23
CLEC12A	-1.09763	3.75E-27	0.202	0.464	1.21E-22
CSRNP1	-1.21582	5.48E-27	0.097	0.3	1.77E-22
CRIP1	0.577471	8.58E-27	0.953	0.94	2.77E-22
CCR2	-0.66322	1.12E-26	0.602	0.871	3.61E-22
VCAN	-0.95483	1.86E-26	0.309	0.595	6.01E-22
ARID5A	-1.57224	1.94E-26	0.064	0.23	6.25E-22
FAM174A	-1.16591	2.38E-26	0.132	0.355	7.67E-22
FRY	-1.85279	2.83E-26	0.041	0.179	9.13E-22
TMEM38B	-1.43949	7.32E-26	0.066	0.234	2.36E-21
FBXL5	-1.22698	3.72E-25	0.115	0.317	1.20E-20
ATF3	-0.88017	3.83E-25	0.247	0.512	1.24E-20
ZFP36L1	-1.3847	4.77E-25	0.1	0.288	1.54E-20
STAT3	-0.95022	5.29E-25	0.318	0.599	1.71E-20
ST3GAL4	-1.13784	5.42E-25	0.146	0.371	1.75E-20
SNTB1	-3.74173	1.11E-24	0.004	0.075	3.59E-20
NINJ1	1.192911	5.33E-24	0.571	0.397	1.72E-19
HOMER1	-1.51318	6.73E-24	0.06	0.212	2.17E-19
IL17RA	-1.07357	6.98E-24	0.125	0.337	2.25E-19
HGSNAT	-1.73885	1.10E-23	0.041	0.171	3.56E-19
RPL10	-0.32403	1.13E-23	0.979	0.992	3.64E-19
RNASE6	-1.46505	1.47E-23	0.053	0.2	4.75E-19
IL1B	-1.09676	1.60E-23	0.584	0.78	5.17E-19
S100A10	0.727524	4.64E-23	0.827	0.798	1.50E-18
TFEC	-2.02845	4.70E-23	0.031	0.145	1.52E-18
IDH1	-1.12144	5.21E-23	0.131	0.337	1.68E-18
NFKBIZ	-1.13805	6.83E-23	0.152	0.363	2.21E-18
IGSF6	-0.91918	7.94E-23	0.213	0.464	2.56E-18
SLA	-1.12431	9.60E-23	0.127	0.331	3.10E-18
DMKN	1.589015	1.17E-22	0.413	0.196	3.79E-18
CFL1	0.517729	1.46E-22	0.912	0.938	4.71E-18
RNH1	1.009626	2.07E-22	0.665	0.613	6.70E-18
RARA	-1.16882	2.41E-22	0.087	0.26	7.79E-18
BIRC3	-1.20456	4.77E-22	0.107	0.29	1.54E-17
VIM	0.618376	5.64E-22	0.924	0.905	1.82E-17
AKAP13	-0.99643	5.80E-22	0.138	0.347	1.87E-17
LMO4	-1.66701	7.00E-22	0.045	0.173	2.26E-17
IKZF1	-1.33207	9.52E-22	0.088	0.254	3.07E-17
CTSZ	0.72265	1.47E-21	0.748	0.712	4.73E-17
PRKCG	-3.67308	1.83E-21	0.005	0.071	5.92E-17
PYGL	-1.31131	2.21E-21	0.074	0.23	7.13E-17
TGM2	1.630354	2.51E-21	0.351	0.137	8.12E-17
GPR141	-1.26422	2.86E-21	0.085	0.248	9.24E-17
SPP1	3.455117	2.94E-21	0.268	0.079	9.50E-17
ARHGAP26	-0.76252	3.37E-21	0.301	0.573	1.09E-16
CDKN1A	-0.74026	4.24E-21	0.393	0.667	1.37E-16
ID2	-0.93411	4.39E-21	0.179	0.397	1.42E-16
IFNGR1	-0.78733	4.97E-21	0.319	0.593	1.60E-16
CCPG1	-1.80158	5.01E-21	0.036	0.151	1.62E-16
CD33	-1.42306	6.26E-21	0.051	0.183	2.02E-16
FN1	-0.71115	7.62E-21	0.446	0.712	2.46E-16
LILRB3	-0.74482	8.34E-21	0.377	0.649	2.69E-16
FNIP2	2.548246	9.23E-21	0.256	0.071	2.98E-16
XBP1	-0.82739	1.08E-20	0.294	0.569	3.49E-16
PLIN2	0.930733	1.20E-20	0.677	0.593	3.89E-16
CD68	0.829516	1.68E-20	0.685	0.607	5.43E-16
ATG101	-1.28172	2.19E-20	0.091	0.252	7.06E-16
EEF1A1	-0.28849	2.34E-20	0.987	1	7.56E-16
KLF13	-0.79084	2.52E-20	0.224	0.464	8.12E-16
MYL6	0.49991	3.17E-20	0.899	0.933	1.02E-15
SERP1	-0.68383	3.30E-20	0.473	0.734	1.06E-15
TMPO	-1.18408	4.75E-20	0.095	0.26	1.53E-15
KLF6	-0.78043	1.58E-19	0.232	0.472	5.10E-15
PAIP2	-0.90237	2.37E-19	0.16	0.371	7.64E-15
NIBAN1	-1.07613	2.44E-19	0.081	0.236	7.86E-15
XDH	-0.98554	2.81E-19	0.124	0.308	9.07E-15
PTPN1	-0.70231	3.17E-19	0.458	0.722	1.02E-14
HPGD	-2.40043	4.02E-19	0.02	0.107	1.30E-14
ALOX5AP	-0.41696	4.69E-19	0.84	0.95	1.51E-14
DIPK1A	-1.74607	5.07E-19	0.031	0.133	1.64E-14
CALM1	0.525716	9.45E-19	0.893	0.895	3.05E-14
NAPSA	-0.50899	1.09E-18	0.563	0.839	3.51E-14
ARHGEF18	-3.06253	1.29E-18	0.007	0.069	4.18E-14
RPS27A	-0.2561	1.64E-18	0.993	0.998	5.30E-14
CCND3	-0.79245	2.41E-18	0.263	0.492	7.80E-14
TUBA1A	-1.19482	2.80E-18	0.087	0.238	9.05E-14
BST1	-0.87254	2.85E-18	0.153	0.349	9.21E-14
HLX	-1.80382	3.34E-18	0.023	0.111	1.08E-13
PTPRO	-1.20659	3.82E-18	0.073	0.212	1.23E-13
TMEM59	-0.77468	4.37E-18	0.253	0.498	1.41E-13
ECI2	-1.26833	5.93E-18	0.049	0.169	1.91E-13
CDK14	1.978293	6.16E-18	0.273	0.101	1.99E-13
TSC22D3	-0.84064	7.77E-18	0.172	0.379	2.51E-13
IL13RA1	-0.90386	9.80E-18	0.133	0.315	3.16E-13
CCDC88C	-2.60899	1.13E-17	0.009	0.075	3.66E-13
TRIB1	-0.90078	1.36E-17	0.133	0.315	4.39E-13
BIN2	-0.65369	1.40E-17	0.227	0.466	4.51E-13
TMCC1	-0.98345	1.46E-17	0.125	0.292	4.70E-13
PSAP	0.389009	1.47E-17	0.988	0.99	4.74E-13
MIDN	-1.34789	1.47E-17	0.05	0.167	4.75E-13
FOXP1	-0.60742	1.94E-17	0.434	0.681	6.25E-13
CDC42EP3	-1.35936	2.16E-17	0.043	0.153	6.96E-13
FGR	-0.65999	2.73E-17	0.27	0.518	8.82E-13
RASSF4	-0.98942	3.26E-17	0.144	0.327	1.05E-12
DDX3Y	-1.20093	3.39E-17	0.092	0.24	1.09E-12
CARD19	0.999657	3.47E-17	0.534	0.415	1.12E-12
ACTG1	0.308832	5.53E-17	0.995	1	1.79E-12
HACD4	-0.82944	5.70E-17	0.145	0.333	1.84E-12
GLUL	-0.86591	7.69E-17	0.122	0.292	2.48E-12
PHF5A	-0.89938	7.94E-17	0.116	0.284	2.56E-12
RABAC1	-0.69262	1.06E-16	0.216	0.446	3.43E-12
CASP4	-1.14382	1.27E-16	0.102	0.252	4.11E-12
CNTRL	-1.58365	1.66E-16	0.029	0.121	5.36E-12
ATP6V0C	0.461195	1.67E-16	0.901	0.907	5.38E-12
FPR1	-2.82906	1.82E-16	0.007	0.065	5.87E-12
TGFBI	0.576809	1.92E-16	0.839	0.845	6.20E-12
ESD	0.94713	2.03E-16	0.606	0.54	6.55E-12
DEGS1	-0.76598	2.41E-16	0.171	0.367	7.79E-12
CIR1	-1.59644	2.87E-16	0.026	0.113	9.25E-12
OGFRL1	-1.06588	3.31E-16	0.086	0.228	1.07E-11
ITGA4	-1.2117	3.53E-16	0.092	0.232	1.14E-11
TNFAIP8L2	-0.83632	3.95E-16	0.15	0.331	1.28E-11
CD33	-1.48155	4.35E-16	0.041	0.143	1.41E-11
DOK2	2.541599	4.51E-16	0.207	0.058	1.46E-11
CDH23	-1.51153	5.44E-16	0.026	0.111	1.75E-11
ABCA6	-3.10118	5.52E-16	0.005	0.056	1.78E-11
SDCBP	0.739309	5.58E-16	0.658	0.621	1.80E-11
NEDD9	-0.7362	6.15E-16	0.185	0.381	1.99E-11
IDH3G	-0.88513	7.09E-16	0.118	0.282	2.29E-11
DUSP22	-1.07141	7.32E-16	0.065	0.19	2.36E-11
TMSB10	0.449697	7.35E-16	0.95	0.946	2.37E-11
HSPA1A	-0.89982	7.76E-16	0.138	0.304	2.51E-11
ZFAND5	-0.68849	8.24E-16	0.325	0.548	2.66E-11
HCAR2	-2.29032	8.77E-16	0.008	0.065	2.83E-11
RASGRP2	-0.8112	1.06E-15	0.077	0.214	3.42E-11
CUX1	-1.05014	1.13E-15	0.085	0.22	3.66E-11
RAB7B	1.929878	1.35E-15	0.236	0.083	4.37E-11
ORAI1	-0.97214	1.43E-15	0.116	0.272	4.61E-11
HAGH	-1.2938	1.55E-15	0.047	0.153	5.00E-11
EIF3F	-0.43855	1.57E-15	0.665	0.867	5.06E-11
CD74	0.582038	1.68E-15	0.377	0.198	5.44E-11
ARIH1	-0.82651	1.94E-15	0.223	0.429	6.27E-11
IFITM1	-1.52631	2.57E-15	0.104	0.242	8.31E-11
IER3	-0.78884	2.87E-15	0.49	0.712	9.27E-11
GCNT2	-0.83437	3.18E-15	0.159	0.341	1.03E-10
PKM	0.472468	3.21E-15	0.872	0.881	1.04E-10
MIA2	-0.76172	3.67E-15	0.145	0.325	1.19E-10
LBR	-1.08432	4.42E-15	0.072	0.198	1.43E-10
ID3	-1.15984	5.42E-15	0.124	0.272	1.75E-10
CEBPG	-1.22588	5.46E-15	0.051	0.157	1.76E-10
SAP30	-1.02318	5.90E-15	0.106	0.25	1.90E-10
CDK2AP2	-0.5072	6.23E-15	0.434	0.688	2.01E-10
KLF4	-0.98409	6.43E-15	0.203	0.377	2.08E-10
INPP5F	-2.05419	7.99E-15	0.015	0.081	2.58E-10
S100A9	-1.41488	8.14E-15	0.049	0.153	2.63E-10
PRKCE	-1.05849	8.45E-15	0.064	0.181	2.73E-10
BNIP3L	-0.72544	9.35E-15	0.144	0.319	3.02E-10
NRG1	-0.87441	9.88E-15	0.136	0.296	3.19E-10
NAAA	-0.73806	1.07E-14	0.179	0.365	3.45E-10
GYG1	-0.77997	1.19E-14	0.126	0.286	3.83E-10
KLF3	-0.80723	1.56E-14	0.138	0.306	5.05E-10
MDFIC	1.332203	1.86E-14	0.355	0.216	6.01E-10
PABPC1	-0.52022	2.12E-14	0.473	0.736	6.83E-10
TIFA	-1.05892	2.15E-14	0.075	0.198	6.96E-10
MPP1	-0.94814	2.35E-14	0.118	0.268	7.59E-10
SLPI	-0.74242	2.49E-14	0.364	0.565	8.05E-10
CCNL1	-0.71659	2.56E-14	0.197	0.391	8.25E-10
PLA2G7	-0.51744	2.58E-14	0.462	0.708	8.34E-10
CTDSPL	-2.13341	2.61E-14	0.01	0.067	8.42E-10
OSM	-0.90967	2.72E-14	0.282	0.468	8.79E-10
CASK	-1.18317	2.82E-14	0.063	0.175	9.10E-10
BASP1	1.942304	2.86E-14	0.209	0.065	9.22E-10
ITM2B	-0.28769	3.06E-14	0.924	0.98	9.87E-10
TPGS1	-1.00769	3.13E-14	0.056	0.165	1.01E-09
HERC4	-0.98899	3.21E-14	0.073	0.194	1.04E-09
B2M	0.332089	3.24E-14	0.978	0.988	1.05E-09
GAMT	-1.51907	3.92E-14	0.029	0.111	1.27E-09
ADGRE1	-0.67176	4.00E-14	0.189	0.387	1.29E-09
NDEL1	-0.57604	4.00E-14	0.329	0.567	1.29E-09
PTAFR	2.046846	4.93E-14	0.244	0.101	1.59E-09
RNF149	-0.61776	4.93E-14	0.187	0.383	1.59E-09
PID1	0.695841	5.29E-14	0.661	0.573	1.71E-09
CD37	-0.92531	5.93E-14	0.104	0.242	1.92E-09
PPP1R15A	-0.80244	6.14E-14	0.107	0.25	1.98E-09
COTL1	0.58204	6.48E-14	0.746	0.744	2.09E-09
CC2D2A	-5.46432	6.84E-14	0.001	0.032	2.21E-09
NDUFAF7	-1.48459	7.90E-14	0.033	0.117	2.55E-09
ZBTB20	-1.24656	1.11E-13	0.044	0.139	3.58E-09
PLCB1	-0.37318	1.31E-13	0.542	0.774	4.22E-09
CKS2	-1.2766	1.31E-13	0.056	0.159	4.22E-09
SSH2	-0.67504	1.32E-13	0.189	0.377	4.27E-09
FABP7	-2.34655	1.37E-13	0.009	0.062	4.42E-09
TMEM176B	-1.0706	1.52E-13	0.181	0.335	4.91E-09
SDCCAG8	-1.1977	1.54E-13	0.052	0.153	4.98E-09
SERTAD1	-0.77056	1.64E-13	0.147	0.312	5.28E-09
RAB44	-1.39342	1.92E-13	0.029	0.109	6.19E-09
LGALS3	0.41	2.08E-13	0.985	0.978	6.71E-09
LRMDA	-0.63605	2.51E-13	0.269	0.482	8.09E-09
SVIL	-0.71125	2.55E-13	0.192	0.369	8.22E-09
PLEKHG1	-1.51721	3.44E-13	0.023	0.095	1.11E-08
CAPZB	0.523926	3.57E-13	0.745	0.718	1.15E-08
FLOT2	-0.94064	3.61E-13	0.057	0.161	1.17E-08
ARL15	-0.88452	3.66E-13	0.102	0.236	1.18E-08
TNRC6B	-1.07909	3.90E-13	0.067	0.177	1.26E-08
CALM2	0.670343	3.93E-13	0.667	0.629	1.27E-08
MID1IP1	-1.89527	3.95E-13	0.018	0.083	1.27E-08
RNASEL	-1.25907	4.20E-13	0.052	0.149	1.36E-08
ARG2	-0.8397	4.55E-13	0.109	0.246	1.47E-08
CAPG	0.666052	4.70E-13	0.672	0.647	1.52E-08
ARL13B	-2.15885	4.87E-13	0.013	0.071	1.57E-08
GOT1	2.988562	4.98E-13	0.147	0.03	1.61E-08
SGMS1	-1.11953	5.01E-13	0.09	0.214	1.62E-08
PROS1	-1.23506	6.35E-13	0.051	0.147	2.05E-08
FAM111A	-0.86068	7.21E-13	0.109	0.244	2.33E-08
THAP11	-1.54231	7.59E-13	0.025	0.097	2.45E-08
KLF9	-1.61406	7.96E-13	0.021	0.089	2.57E-08
IQGAP2	-0.84465	8.58E-13	0.097	0.226	2.77E-08
FCGR1A	1.036811	8.63E-13	0.441	0.321	2.79E-08
ABTB2	-0.58171	9.37E-13	0.138	0.292	3.03E-08
PPFIA4	-1.32046	9.55E-13	0.035	0.117	3.08E-08
YIPF3	-0.99662	9.84E-13	0.069	0.179	3.18E-08
SAMHD1	-0.65688	1.07E-12	0.455	0.704	3.46E-08
TNFRSF13B	-1.36445	1.09E-12	0.038	0.123	3.52E-08
USF1	-1.16829	1.22E-12	0.04	0.127	3.94E-08
KXD1	-0.96517	1.40E-12	0.071	0.181	4.51E-08
FCGR2B	-0.65177	1.54E-12	0.296	0.498	4.96E-08
MAF1	-1.18848	1.78E-12	0.058	0.157	5.76E-08
ARRDC4	-1.25227	2.09E-12	0.042	0.129	6.74E-08
RBM47	1.211015	2.10E-12	0.395	0.284	6.77E-08
NFE2L2	-0.47835	2.45E-12	0.362	0.593	7.91E-08
MTUS1	-1.29844	2.46E-12	0.04	0.125	7.94E-08
PLD4	-0.45533	2.52E-12	0.449	0.69	8.14E-08
PHF21A	-0.90059	2.73E-12	0.084	0.202	8.83E-08
FCGR3A	-0.44557	3.21E-12	0.617	0.812	1.04E-07
LY86	-0.68176	3.33E-12	0.223	0.411	1.07E-07
ADORA3	-2.00652	4.01E-12	0.009	0.058	1.29E-07
SSBP2	-1.50812	4.67E-12	0.025	0.095	1.51E-07
TUBA1B	-0.56527	5.25E-12	0.185	0.361	1.70E-07
WDR45	-2.17341	5.68E-12	0.009	0.056	1.83E-07
STAB1	2.218797	6.18E-12	0.166	0.048	2.00E-07
NFKBIA	-0.5193	6.53E-12	0.501	0.694	2.11E-07
RELT	-1.6953	6.86E-12	0.02	0.083	2.21E-07
NSMCE4A	-1.00021	6.96E-12	0.055	0.151	2.25E-07
NCEH1	2.182924	7.67E-12	0.184	0.065	2.47E-07
RPS14	-0.18975	8.31E-12	0.994	1	2.68E-07
UBL7	-1.04232	9.55E-12	0.057	0.155	3.08E-07
UXS1	-1.60355	1.13E-11	0.027	0.097	3.66E-07
TMEM234	-0.61478	1.31E-11	0.211	0.391	4.23E-07
GADD45G	-1.02347	1.35E-11	0.071	0.173	4.35E-07
MOB3B	-1.13288	1.36E-11	0.042	0.125	4.40E-07
FOXN3	-0.53531	1.39E-11	0.221	0.403	4.47E-07
CD38	-1.80386	1.42E-11	0.018	0.077	4.58E-07
SLC39A1	2.115825	1.50E-11	0.197	0.079	4.85E-07
CITED2	-0.80822	1.56E-11	0.12	0.254	5.02E-07
ATG4C	-1.06845	1.66E-11	0.042	0.125	5.35E-07
EMP1	2.700727	1.80E-11	0.141	0.034	5.81E-07
RIPK1	-1.01389	1.82E-11	0.061	0.159	5.86E-07
RAMP1	-0.79697	1.84E-11	0.097	0.22	5.93E-07
FAM89B	-0.85974	1.85E-11	0.104	0.228	5.96E-07
ANXA1	-0.47821	1.90E-11	0.441	0.653	6.14E-07
EMC9	-2.1725	1.93E-11	0.007	0.05	6.23E-07
SUPT4H1	-0.60856	2.07E-11	0.214	0.391	6.69E-07
NQO2	-1.57541	2.09E-11	0.023	0.087	6.75E-07
PPP1R3B	-1.52997	2.17E-11	0.015	0.071	7.01E-07
RCSD1	-1.10006	2.33E-11	0.043	0.127	7.54E-07
NLRP12	-4.34579	2.46E-11	0.001	0.026	7.93E-07
TARM1	-0.6221	2.55E-11	0.157	0.315	8.24E-07
RAB27A	-1.44308	2.79E-11	0.016	0.073	9.02E-07
PEX7	-1.40968	2.79E-11	0.031	0.103	9.02E-07
SPATA6	-1.51123	2.81E-11	0.028	0.097	9.06E-07
FYN	2.610956	2.88E-11	0.143	0.036	9.31E-07
TPM4	0.722423	2.90E-11	0.57	0.536	9.35E-07
MBNL1	-0.6076	3.02E-11	0.19	0.359	9.75E-07
CLK3	-1.22348	3.04E-11	0.044	0.127	9.82E-07
RASSF1	-0.56472	3.09E-11	0.163	0.325	9.97E-07
STXBP6	-0.69563	3.68E-11	0.1	0.222	1.19E-06
RGS18	-1.32826	3.73E-11	0.033	0.107	1.20E-06
METTL9	-0.77377	3.74E-11	0.108	0.234	1.21E-06
FMNL2	2.543817	4.04E-11	0.131	0.028	1.31E-06
TIFAB	-0.91312	4.25E-11	0.086	0.2	1.37E-06
TNFAIP6	-1.73622	4.34E-11	0.036	0.111	1.40E-06
PRDX1	0.845855	4.57E-11	0.846	0.881	1.48E-06
ICAM2	-1.65347	4.76E-11	0.022	0.083	1.54E-06
STK17B	-0.54803	5.33E-11	0.23	0.409	1.72E-06
CRISPLD2	-2.74866	6.16E-11	0.006	0.044	1.99E-06
NABP1	-0.78091	6.23E-11	0.072	0.175	2.01E-06
DNAJC14	-1.46146	6.59E-11	0.028	0.097	2.13E-06
DHX40	-1.14182	7.61E-11	0.059	0.151	2.46E-06
PELI1	-0.8735	7.91E-11	0.077	0.181	2.55E-06
SLC7A11	-0.79089	9.10E-11	0.221	0.377	2.94E-06
FGD4	-1.02183	9.33E-11	0.058	0.149	3.01E-06
ZNF22	-2.30705	9.63E-11	0.007	0.048	3.11E-06
NME1	0.761859	9.82E-11	0.511	0.435	3.17E-06
DBNL	-0.63569	1.03E-10	0.121	0.256	3.34E-06
NBDY	-1.31101	1.07E-10	0.039	0.115	3.44E-06
ADGRE5	-0.72737	1.15E-10	0.15	0.292	3.70E-06
ARHGAP24	-0.5532	1.21E-10	0.199	0.365	3.91E-06
FOSB	-0.80049	1.27E-10	0.092	0.204	4.09E-06
MSRB1	-0.28978	1.33E-10	0.808	0.913	4.30E-06
HBEGF	-2.54682	1.34E-10	0.007	0.046	4.33E-06
CCL3	-1.51346	1.37E-10	0.039	0.115	4.43E-06
CYP27A1	-1.30473	1.39E-10	0.02	0.079	4.50E-06
MT2A	-1.62876	1.57E-10	0.023	0.083	5.07E-06
CCL4	-1.57999	1.66E-10	0.092	0.198	5.37E-06
UCK2	-0.71642	1.69E-10	0.147	0.282	5.44E-06
OSBPL8	1.245011	1.69E-10	0.31	0.194	5.45E-06
PLD1	-1.49272	1.82E-10	0.021	0.079	5.89E-06
LRCH4	-0.82128	1.93E-10	0.069	0.167	6.24E-06
NR3C1	-1.01642	2.08E-10	0.052	0.137	6.72E-06
ABCD2	-1.73437	2.10E-10	0.008	0.05	6.78E-06
SPINK2	-2.62103	2.14E-10	0.006	0.044	6.91E-06
MBOAT7	-0.68056	2.21E-10	0.075	0.179	7.13E-06
MKNK2	-1.17983	2.22E-10	0.036	0.109	7.17E-06
RDH12	-2.72966	2.27E-10	0.004	0.036	7.34E-06
OAZ2	-0.93971	2.28E-10	0.06	0.151	7.36E-06
CASP1	-0.67405	2.38E-10	0.133	0.27	7.67E-06
ADAP2	2.67784	2.41E-10	0.136	0.038	7.79E-06
TAF13	-0.68808	2.51E-10	0.119	0.248	8.12E-06
IKBKB	-0.54644	2.54E-10	0.191	0.355	8.19E-06
SPIDR	-1.00709	2.58E-10	0.043	0.121	8.34E-06
BORCS5	-1.76516	2.61E-10	0.013	0.06	8.42E-06
GGT5	-4.09695	2.67E-10	0.001	0.026	8.62E-06
CLK1	-0.6383	3.17E-10	0.137	0.274	1.02E-05
SEC24B	-0.72592	3.24E-10	0.092	0.204	1.05E-05
SDF2	-0.70799	3.25E-10	0.096	0.212	1.05E-05
UTRN	-0.8013	3.25E-10	0.057	0.147	1.05E-05
CD27	-3.62227	3.31E-10	0.002	0.028	1.07E-05
TREML4	-1.31405	4.10E-10	0.034	0.103	1.32E-05
SLC66A3	-1.09094	4.21E-10	0.032	0.101	1.36E-05
NLRP3	-0.69022	4.40E-10	0.112	0.232	1.42E-05
SIRT3	-2.6138	4.62E-10	0.005	0.04	1.49E-05
DDX5	-0.34997	5.00E-10	0.553	0.78	1.62E-05
CFH	-1.04461	5.03E-10	0.078	0.175	1.62E-05
SUSD6	-0.64171	5.06E-10	0.115	0.238	1.63E-05
UNC119	-0.91298	5.20E-10	0.07	0.165	1.68E-05
RP9	-0.68502	5.25E-10	0.126	0.252	1.70E-05
ATP2B4	3.201584	5.58E-10	0.114	0.024	1.80E-05
MAP3K8	-1.07809	5.62E-10	0.032	0.099	1.81E-05
MCMDC2	-7.43125	5.69E-10	0	0.02	1.84E-05
MXI1	1.680919	5.99E-10	0.206	0.095	1.93E-05
AIF1	1.354693	6.15E-10	0.283	0.167	1.99E-05
SERINC3	-0.60731	6.42E-10	0.16	0.304	2.07E-05
MPLKIP	-0.69531	6.96E-10	0.064	0.157	2.25E-05
LIMD2	-0.66525	7.00E-10	0.137	0.266	2.26E-05
UBAC2	-0.59335	7.03E-10	0.085	0.192	2.27E-05
TLR2	-0.5211	7.38E-10	0.245	0.421	2.38E-05
EIF5	0.932052	7.60E-10	0.395	0.298	2.45E-05
POLR3GL	-1.72158	8.01E-10	0.015	0.065	2.59E-05
VPS13B	-0.68607	8.16E-10	0.097	0.21	2.64E-05
C1QB	2.355871	8.76E-10	0.126	0.032	2.83E-05
COX6B2	-1.58535	8.83E-10	0.019	0.073	2.85E-05
PNPLA7	-1.47585	9.50E-10	0.02	0.075	3.07E-05
TAGLN2	0.616575	9.99E-10	0.645	0.627	3.23E-05
NOP53	-0.46193	1.14E-09	0.371	0.579	3.69E-05
ARHGEF6	-1.68484	1.17E-09	0.017	0.069	3.76E-05
CYSLTR1	-0.77221	1.18E-09	0.058	0.145	3.81E-05
FABP5	1.728839	1.26E-09	0.27	0.159	4.08E-05
RAPGEF6	-0.90288	1.40E-09	0.08	0.177	4.51E-05
STING1	-0.7669	1.41E-09	0.08	0.179	4.56E-05
ACOT13	-0.83918	1.41E-09	0.054	0.137	4.57E-05
STK38	-0.90957	1.45E-09	0.045	0.121	4.70E-05
TNFSF14	-1.22649	1.51E-09	0.029	0.093	4.88E-05
ASAP1	-0.51983	1.64E-09	0.215	0.377	5.31E-05
ATRAID	-0.69719	1.65E-09	0.089	0.196	5.32E-05
MRPL52	0.725159	1.76E-09	0.506	0.46	5.69E-05
NFE2	-1.70365	1.86E-09	0.011	0.052	6.00E-05
ABCA9	-2.05831	1.88E-09	0.011	0.052	6.08E-05
KLHL6	-1.27954	1.94E-09	0.021	0.075	6.27E-05
XPR1	-0.7626	1.97E-09	0.062	0.149	6.36E-05
LRRC20	-3.98604	2.05E-09	0.002	0.026	6.60E-05
FMO5	-3.54246	2.06E-09	0.002	0.028	6.65E-05
FBXL20	-1.3004	2.10E-09	0.024	0.081	6.79E-05
KIF3A	-2.88984	2.20E-09	0.002	0.028	7.10E-05
MRPS35	-1.32784	2.23E-09	0.024	0.081	7.19E-05
SESN2	-1.55869	2.27E-09	0.017	0.067	7.33E-05
RPS18	-0.21808	2.28E-09	0.971	0.994	7.38E-05
SLC12A9	-1.19309	2.32E-09	0.029	0.091	7.48E-05
KYNU	-2.53326	2.36E-09	0.005	0.038	7.61E-05
WSB1	-0.6038	2.52E-09	0.134	0.262	8.14E-05
TNFAIP2	-0.85711	2.56E-09	0.062	0.147	8.27E-05
GTF3A	-1.16748	2.63E-09	0.029	0.091	8.49E-05
CBLB	-1.43365	2.86E-09	0.02	0.073	9.22E-05
BLOC1S2	-0.65041	2.92E-09	0.105	0.218	9.41E-05
RAMAC	-0.70577	2.96E-09	0.083	0.183	9.56E-05
ZYX	-0.54916	3.04E-09	0.225	0.397	9.82E-05
MPV17L2	-0.96966	3.15E-09	0.044	0.117	0.000102
RIPK2	-1.07704	3.19E-09	0.042	0.113	0.000103
IL15RA	-2.20167	3.23E-09	0.007	0.042	0.000104
TTC32	-1.54733	3.61E-09	0.023	0.079	0.000116
PON2	-0.72718	3.73E-09	0.126	0.246	0.000121
LRRK2	-1.62586	3.77E-09	0.013	0.056	0.000122
PCBP2	-0.43132	3.81E-09	0.298	0.486	0.000123
ING3	-1.59284	3.96E-09	0.027	0.085	0.000128
RPL9	-0.20097	4.07E-09	0.943	0.988	0.000131
UBXN2A	-1.92596	4.09E-09	0.014	0.058	0.000132
MAPK14	-0.83449	4.26E-09	0.071	0.161	0.000138
RPS4X	-0.18113	4.66E-09	0.973	0.986	0.00015
UIMC1	-0.83365	4.91E-09	0.048	0.125	0.000159
P2RY6	1.459545	5.10E-09	0.206	0.103	0.000165
MAP3K5	-0.73167	5.20E-09	0.124	0.24	0.000168
CD47	-0.36145	5.21E-09	0.349	0.558	0.000168
POR	0.910785	5.23E-09	0.405	0.327	0.000169
CAMK2G	-0.96973	6.28E-09	0.034	0.099	0.000203
PHYKPL	-1.6678	6.36E-09	0.012	0.054	0.000205
DUSP16	-0.97525	6.56E-09	0.042	0.113	0.000212
TMEM203	-1.32302	6.64E-09	0.025	0.081	0.000214
VSIR	-0.38117	6.79E-09	0.322	0.526	0.000219
PDE4B	-0.54531	7.14E-09	0.322	0.486	0.000231
NR4A3	-0.92242	7.19E-09	0.043	0.113	0.000232
CD63	1.972624	7.19E-09	0.155	0.06	0.000232
SUB1	-0.27301	7.31E-09	0.702	0.879	0.000236
CAPN10	-2.28491	7.68E-09	0.006	0.038	0.000248
DDI2	-0.8351	7.97E-09	0.07	0.157	0.000257
STK24	-0.53158	8.04E-09	0.122	0.242	0.00026
OLA1	-0.90479	8.08E-09	0.06	0.141	0.000261
CCDC125	-2.35419	8.11E-09	0.007	0.042	0.000262
RIT1	-1.07192	8.46E-09	0.041	0.109	0.000273
OPRM1	-4.65717	8.64E-09	0.001	0.02	0.000279
ABTB1	-1.3037	8.73E-09	0.017	0.065	0.000282
GRK5	-0.47133	8.73E-09	0.167	0.304	0.000282
CBFA2T3	-1.04599	8.75E-09	0.039	0.107	0.000283
AUH	-0.57743	8.79E-09	0.091	0.194	0.000284
DHRS7	-0.64589	8.87E-09	0.093	0.196	0.000286
POU2F2	-0.56236	8.92E-09	0.105	0.214	0.000288
PNPLA2	-0.90078	9.10E-09	0.042	0.113	0.000294
ATG10	-1.50192	9.37E-09	0.02	0.071	0.000302
NUP210L	-1.69029	9.42E-09	0.009	0.046	0.000304
FAU	-0.13294	9.49E-09	0.996	0.998	0.000306
F11R	-1.15667	1.00E-08	0.036	0.101	0.000323
CIRBP	-0.88418	1.08E-08	0.036	0.101	0.000349
SNX24	2.14222	1.12E-08	0.131	0.042	0.000361
CCDC180	-1.46209	1.15E-08	0.015	0.06	0.00037
INTS6L	-1.08526	1.16E-08	0.027	0.085	0.000375
NAT8L	-4.12458	1.21E-08	0.001	0.022	0.000391
PALM	-2.38065	1.21E-08	0.005	0.036	0.000391
COMMD8	-0.64063	1.37E-08	0.099	0.202	0.000441
GLIPR1	-0.39193	1.39E-08	0.199	0.353	0.000448
BCR	-1.84833	1.40E-08	0.014	0.056	0.000453
UCP2	-0.37022	1.41E-08	0.459	0.657	0.000455
RAI14	2.963323	1.47E-08	0.1	0.022	0.000473
C1GALT1	-1.94967	1.49E-08	0.008	0.044	0.00048
SEPHS2	-0.69197	1.52E-08	0.057	0.137	0.00049
CSF2RB	-0.43151	1.52E-08	0.186	0.333	0.000491
RPLP0	-0.15604	1.59E-08	0.992	0.998	0.000512
DYNLL1	0.443132	1.75E-08	0.732	0.72	0.000564
PITPNA	0.609347	1.80E-08	0.587	0.601	0.00058
TOR1A	-0.60652	1.81E-08	0.095	0.196	0.000585
MYO1G	-0.81072	1.82E-08	0.062	0.143	0.000587
PARP8	-0.71357	1.85E-08	0.068	0.153	0.000598
DENND4A	-0.30923	2.20E-08	0.262	0.444	0.000709
CD80	-0.69385	2.21E-08	0.114	0.222	0.000714
TMEM167A	-0.40129	2.23E-08	0.362	0.569	0.00072
CYTIP	-0.30477	2.23E-08	0.411	0.637	0.00072
SRGN	0.243873	2.34E-08	0.973	0.968	0.000756
BTLA	-2.48593	2.68E-08	0.004	0.032	0.000864
ATG3	-0.43831	2.68E-08	0.232	0.393	0.000866
PGLS	-0.48412	2.84E-08	0.221	0.377	0.000918
C3AR1	1.641124	2.99E-08	0.173	0.079	0.000964
TNFRSF1A	-0.42577	3.06E-08	0.267	0.448	0.000988
NT5DC2	2.014948	3.17E-08	0.154	0.067	0.001022
RGL1	2.47467	3.17E-08	0.117	0.036	0.001024
RBBP8	-0.74005	3.22E-08	0.068	0.151	0.001041
SLC33A1	-1.21569	3.43E-08	0.023	0.075	0.001106
ADAM8	1.291682	3.50E-08	0.245	0.151	0.001131
NDUFA6	-0.36628	3.64E-08	0.346	0.536	0.001176
GBA2	-2.44692	3.69E-08	0.004	0.03	0.00119
MILR1	-0.49295	3.70E-08	0.126	0.242	0.001195
STOM	-0.74788	3.81E-08	0.071	0.155	0.001229
HAVCR2	1.726106	3.85E-08	0.165	0.075	0.001243
TLR4	-1.0265	3.92E-08	0.067	0.147	0.001266
SPTLC2	-0.44626	4.02E-08	0.16	0.292	0.001299
DYM	-1.16753	4.07E-08	0.03	0.087	0.001315
ARPC1B	0.255948	4.16E-08	0.949	0.97	0.001344
ARID4A	-0.68866	4.19E-08	0.084	0.175	0.001354
ATP6V0A1	-0.80849	4.45E-08	0.084	0.173	0.001437
BSCL2	-0.53097	4.48E-08	0.128	0.244	0.001447
BZW2	-1.04888	4.59E-08	0.039	0.103	0.001481
SYNGR2	-0.4723	4.71E-08	0.185	0.327	0.00152
CCDC88A	-0.67558	4.75E-08	0.095	0.192	0.001533
EVL	1.110958	4.77E-08	0.314	0.232	0.001539
GPR146	-1.15934	4.80E-08	0.029	0.085	0.00155
H3-3B	-0.18536	4.84E-08	0.945	0.992	0.001561
HCFC1R1	-0.52165	5.18E-08	0.108	0.216	0.001673
TREM1	-0.57839	5.40E-08	0.107	0.21	0.001745
POLR2J	-0.44276	5.55E-08	0.15	0.278	0.001793
RBFA	-0.78105	5.65E-08	0.073	0.157	0.001825
CASP8	-0.53753	5.65E-08	0.13	0.244	0.001825
RAB8B	0.958683	5.70E-08	0.389	0.327	0.001839
PNP	-0.40572	5.72E-08	0.207	0.355	0.001848
INSIG1	2.595667	5.89E-08	0.101	0.026	0.001902
DOCK10	-0.37909	6.02E-08	0.235	0.389	0.001943
TESK2	-1.92616	6.03E-08	0.008	0.042	0.001947
CISD1	-0.97601	6.06E-08	0.051	0.121	0.001957
MYADM	-0.8211	6.07E-08	0.04	0.105	0.001959
SCRG1	-4.70875	6.11E-08	0.001	0.018	0.001974
KCNE3	-4.49989	6.16E-08	0.001	0.018	0.001988
NTNG2	-1.40785	6.54E-08	0.015	0.056	0.00211
PLSCR3	-1.51698	6.58E-08	0.015	0.056	0.002125
TRPS1	-0.30714	7.05E-08	0.542	0.756	0.002278
LYL1	-0.9763	7.07E-08	0.051	0.121	0.002284
LDHA	0.488936	7.30E-08	0.68	0.655	0.002358
KCNRG	-0.96157	7.47E-08	0.045	0.111	0.002411
PTPN12	-0.58679	7.54E-08	0.08	0.167	0.002433
SMIM5	-2.80818	8.18E-08	0.002	0.024	0.00264
PPP4R3B	-0.57644	8.33E-08	0.085	0.177	0.002689
TLR8	-1.8514	8.33E-08	0.009	0.044	0.002691
UQCRFS1	-0.36979	8.54E-08	0.251	0.415	0.002757
CPNE3	-0.70281	8.66E-08	0.072	0.155	0.002796
ETFBKMT	-1.95188	9.13E-08	0.005	0.032	0.002947
G6PC3	-1.12489	9.13E-08	0.024	0.075	0.002947
ASAH1	-0.44271	9.19E-08	0.258	0.421	0.002968
CLEC6A	1.03126	9.24E-08	0.301	0.198	0.002984
EIF4E3	-0.93611	9.43E-08	0.035	0.095	0.003046
LMNA	1.762695	9.45E-08	0.168	0.079	0.00305
PRDX5	-0.24045	9.53E-08	0.831	0.915	0.003078
GINS4	-1.18084	1.01E-07	0.018	0.062	0.003251
GADD45B	-0.6309	1.01E-07	0.125	0.228	0.003264
MFSD6	-0.94894	1.04E-07	0.038	0.099	0.00335
ATOX1	0.394364	1.04E-07	0.753	0.782	0.003361
C1GALT1C1	-0.34836	1.06E-07	0.094	0.192	0.003408
RFX3	-1.05013	1.07E-07	0.03	0.085	0.003457
DGAT2	-1.35424	1.09E-07	0.031	0.085	0.003531
MAP3K1	-0.73676	1.09E-07	0.053	0.125	0.003532
KLHL5	-0.96566	1.11E-07	0.032	0.089	0.003597
ETFA	-0.44305	1.12E-07	0.107	0.21	0.003621
WDFY2	-0.71663	1.13E-07	0.061	0.137	0.003661
SLC8A1	-0.33779	1.16E-07	0.32	0.49	0.003743
GMFG	-0.33415	1.16E-07	0.521	0.732	0.003744
MYL12B	-0.3926	1.16E-07	0.372	0.558	0.00376
ROGDI	-0.89471	1.17E-07	0.032	0.089	0.003792
IGF1R	-0.61762	1.18E-07	0.058	0.131	0.003812
LAT2	1.330054	1.29E-07	0.241	0.151	0.00415
RTCB	-0.6456	1.31E-07	0.073	0.155	0.004218
METRNL	0.62252	1.33E-07	0.474	0.399	0.004288
ELMSAN1	-0.89177	1.37E-07	0.037	0.097	0.004434
RPL29	-0.2215	1.46E-07	0.795	0.94	0.004702
DEK	-0.57198	1.55E-07	0.095	0.19	0.005014
DNPEP	-0.82997	1.58E-07	0.049	0.117	0.005086
VRK1	-0.7659	1.70E-07	0.068	0.147	0.005487
PLAUR	-0.35593	1.74E-07	0.387	0.577	0.00562
TMEM71	-1.08257	1.78E-07	0.023	0.071	0.005763
FRG1	-0.51436	1.79E-07	0.13	0.242	0.005786
ST7	-1.09887	1.81E-07	0.035	0.093	0.005845
NCOR1	-0.48467	1.84E-07	0.153	0.274	0.005949
MYD88	-0.45916	1.88E-07	0.144	0.262	0.006064
ZSWIM4	-1.16309	1.96E-07	0.028	0.081	0.006339
KIZ	-1.64521	1.98E-07	0.01	0.044	0.006401
MCL1	-0.42558	2.01E-07	0.363	0.546	0.006484
USE1	-0.33933	2.06E-07	0.262	0.433	0.006648
IL15	-1.01106	2.07E-07	0.029	0.083	0.006691
RFTN1	-0.49089	2.14E-07	0.103	0.2	0.006895
EMP3	0.372832	2.14E-07	0.786	0.806	0.00692
CRACR2B	-6.7003	2.18E-07	0	0.014	0.007049
ROM1	-6.90239	2.18E-07	0	0.014	0.007049
IAH1	-0.65654	2.20E-07	0.075	0.157	0.007108
BRI3	0.986533	2.27E-07	0.383	0.329	0.007323
EIF3E	-0.39301	2.30E-07	0.444	0.635	0.007437
CAST	-0.48843	2.55E-07	0.109	0.208	0.00823
LIFR	-1.22219	2.58E-07	0.021	0.067	0.008333
GATD1	-0.89123	2.60E-07	0.029	0.083	0.008409
FOSL2	-0.40717	2.64E-07	0.188	0.323	0.008528
FCER1G	0.168398	2.65E-07	0.994	1	0.008557
INTS6	-0.8016	2.72E-07	0.041	0.101	0.008776
ASS1	3.398633	2.74E-07	0.07	0.01	0.008845
KBTBD4	-2.48882	2.76E-07	0.003	0.026	0.008898
SCAI	-2.46687	2.77E-07	0.003	0.026	0.008943
REXO1	-0.66681	2.86E-07	0.042	0.105	0.009219
CD44	-0.32637	2.95E-07	0.67	0.819	0.009511
RAPH1	2.721368	2.97E-07	0.08	0.016	0.009605
BTG3	-0.85073	3.00E-07	0.047	0.111	0.009696
MFGE8	-1.81612	3.01E-07	0.009	0.042	0.009707
MMADHC	-0.70937	3.13E-07	0.055	0.125	0.010095
DOCK8	-0.63835	3.23E-07	0.108	0.204	0.010439
SDC1	4.604859	3.31E-07	0.058	0.004	0.010687
PTPN18	-0.35419	3.34E-07	0.415	0.601	0.01077
CCR1	-0.37997	3.35E-07	0.438	0.621	0.010814
FLNB	-0.82467	3.37E-07	0.042	0.103	0.010872
SKP1	-0.54303	3.38E-07	0.118	0.222	0.010908
RPL13A	-0.16694	3.39E-07	0.973	1	0.010935
ALCAM	0.657436	3.53E-07	0.434	0.365	0.011394
AIM2	-1.08983	3.54E-07	0.036	0.093	0.011417
CARNMT1	-0.87976	3.54E-07	0.042	0.103	0.011434
CPOX	-1.34615	3.56E-07	0.013	0.05	0.011496
TANGO2	-1.11878	3.57E-07	0.027	0.077	0.011537
MFSD14B	-0.76649	3.60E-07	0.054	0.123	0.011619
CABLES2	-2.83251	3.72E-07	0.003	0.024	0.012009
KIF9	-2.40449	3.83E-07	0.003	0.024	0.012363
LILRA6	-1.22853	3.84E-07	0.024	0.071	0.012405
MRPL34	-0.53453	3.92E-07	0.1	0.194	0.012666
OPA3	-1.3562	3.95E-07	0.023	0.069	0.012756
PADI2	-1.31009	4.07E-07	0.015	0.054	0.013155
MAN2B1	-0.32318	4.09E-07	0.265	0.438	0.013191
CTSH	-0.32695	4.09E-07	0.594	0.794	0.013192
CD300LG	-0.95548	4.15E-07	0.027	0.077	0.013402
BPNT1	-1.35046	4.27E-07	0.018	0.06	0.01379
CHRM3	-4.38932	4.32E-07	0.001	0.016	0.013953
KIRREL3	-4.03778	4.35E-07	0.001	0.016	0.014054
EEF2	-0.27095	4.47E-07	0.605	0.786	0.014439
RPL10A	-0.21928	4.58E-07	0.84	0.931	0.0148
SUN1	-2.73955	4.79E-07	0.002	0.022	0.015476
MTERF4	-2.90416	4.82E-07	0.002	0.022	0.015562
SUSD3	-0.57495	4.88E-07	0.113	0.21	0.015771
PF4	3.838699	4.89E-07	0.071	0.012	0.015777
CHMP2B	-0.66973	4.91E-07	0.063	0.137	0.015847
TYK2	-1.49356	4.96E-07	0.012	0.046	0.016003
KCTD12	-0.49047	5.09E-07	0.1	0.194	0.016435
XRCC4	-1.01089	5.10E-07	0.041	0.099	0.016471
CTNNBIP1	-0.5204	5.13E-07	0.077	0.159	0.016574
PNPLA8	-0.92554	5.17E-07	0.042	0.101	0.016699
FAS	-0.87159	5.30E-07	0.048	0.111	0.017096
MAP2K5	-0.85416	5.46E-07	0.04	0.099	0.017623
CHMP4B	0.549301	5.51E-07	0.509	0.468	0.017778
SRSF2	0.72947	5.51E-07	0.433	0.387	0.017782
PISD	-0.76438	5.60E-07	0.065	0.137	0.018095
DCAF5	-1.73687	5.64E-07	0.014	0.05	0.018221
ARHGAP10	2.490269	6.05E-07	0.092	0.026	0.019526
PPT1	-0.38655	6.13E-07	0.265	0.427	0.019779
KCNN4	4.971301	6.53E-07	0.052	0.002	0.021085
CHURC1	-0.61876	6.74E-07	0.091	0.177	0.021772
DPEP2	-0.60486	6.75E-07	0.054	0.121	0.021784
INPP5A	-0.83748	6.85E-07	0.033	0.087	0.022112
BMX	-1.90828	6.90E-07	0.007	0.036	0.022285
ERGIC3	-0.51676	7.05E-07	0.126	0.23	0.022748
ALDH9A1	-0.89114	7.10E-07	0.039	0.097	0.022918
DDX28	-1.30737	7.46E-07	0.019	0.06	0.024085
CROT	-2.07428	7.48E-07	0.006	0.032	0.024163
PTPRC	-0.29591	7.61E-07	0.4	0.611	0.024578
H2AZ2	-0.68311	7.89E-07	0.066	0.139	0.025469
ZFAND6	-0.36661	7.98E-07	0.16	0.282	0.02576
NDRG1	-0.86363	8.00E-07	0.041	0.099	0.025819
IRF5	-0.36882	8.04E-07	0.303	0.47	0.025962
SELPLG	-0.43455	8.19E-07	0.221	0.363	0.026448
PTRHD1	-0.72234	8.22E-07	0.06	0.129	0.026551
CNDP2	0.811594	8.29E-07	0.395	0.339	0.026753
DNAJC4	-0.95184	8.36E-07	0.037	0.093	0.026984
DGLUCY	-1.40581	8.57E-07	0.011	0.044	0.027653
RTRAF	-0.34187	8.60E-07	0.261	0.421	0.027757
BTG1	-0.291	8.91E-07	0.789	0.909	0.028782
ELP1	-1.60363	9.13E-07	0.013	0.048	0.02947
IGBP1	-0.71971	9.36E-07	0.072	0.145	0.030224
DGUOK	-0.64541	9.41E-07	0.048	0.111	0.030388
CENPA	2.197643	9.47E-07	0.105	0.036	0.030572
GLS	-0.63725	9.47E-07	0.08	0.159	0.030585
ITPR1	-0.70097	9.49E-07	0.049	0.113	0.030626
RALGAPA2	-0.65742	9.66E-07	0.056	0.123	0.031173
AP2A2	-0.44854	9.81E-07	0.142	0.254	0.031676
KSR1	-1.52058	9.82E-07	0.013	0.048	0.031691
RNF187	-0.47735	9.86E-07	0.109	0.204	0.031827
TNFRSF21	-0.55717	1.00E-06	0.088	0.171	0.032407
SRD5A3	-0.82891	1.01E-06	0.058	0.125	0.032588
YIPF1	-0.50525	1.02E-06	0.101	0.192	0.032965
HCST	-0.3056	1.03E-06	0.113	0.214	0.033173
TMEM205	-0.73679	1.03E-06	0.051	0.115	0.033244
COP1	-0.83985	1.03E-06	0.044	0.103	0.033268
ABCB7	-1.14312	1.03E-06	0.025	0.071	0.033399
CHMP1A	-0.5786	1.04E-06	0.078	0.157	0.033633
ITPKB	1.347235	1.08E-06	0.194	0.115	0.03491
IL16	-1.44864	1.09E-06	0.017	0.056	0.035259
TMEM164	-0.41953	1.09E-06	0.141	0.248	0.03526
IL6ST	-1.22756	1.10E-06	0.027	0.075	0.03551
PINK1	-1.21288	1.11E-06	0.022	0.065	0.035963
UBE2H	-0.55847	1.12E-06	0.069	0.143	0.036104
ITPRIP	-1.73239	1.13E-06	0.014	0.05	0.036544
ITGB5	1.561159	1.15E-06	0.148	0.071	0.03716
ATP11A	-0.93307	1.15E-06	0.031	0.081	0.037186
RIC8A	-0.94272	1.16E-06	0.034	0.087	0.037523
SQOR	-0.60469	1.18E-06	0.108	0.2	0.038035
MSRA	-0.64918	1.20E-06	0.071	0.145	0.038602
ERP29	-0.40719	1.23E-06	0.383	0.56	0.039629
NHSL2	-1.20557	1.24E-06	0.015	0.052	0.040151
SORT1	-1.37827	1.24E-06	0.016	0.054	0.040156
ZBTB16	-1.8552	1.26E-06	0.005	0.03	0.040752
NDUFB3	-0.35907	1.31E-06	0.206	0.343	0.042399
ERRFI1	-1.20808	1.34E-06	0.063	0.129	0.043174
UPF1	-0.99069	1.36E-06	0.016	0.054	0.044039
NUP98	-0.43664	1.37E-06	0.15	0.262	0.04413
PIK3CG	-1.20741	1.40E-06	0.017	0.056	0.045115
CEPT1	-0.45796	1.41E-06	0.146	0.258	0.045538
GPNMB	4.840886	1.41E-06	0.057	0.006	0.045636
PDE7B	-0.46436	1.44E-06	0.081	0.159	0.046569
ATG4D	-0.97067	1.44E-06	0.028	0.077	0.046577
KDM7A	-0.32832	1.44E-06	0.25	0.397	0.046581
ZC2HC1A	-2.51467	1.47E-06	0.003	0.024	0.047448
TBC1D15	-0.73033	1.49E-06	0.048	0.109	0.04813
RPS2	-0.18371	1.55E-06	0.893	0.956	0.049895
