Gene_Symbol	logFC	pv	pct.1	pct.2	p_val_adj
HP	-2.45295	1.95E-168	0.389	0.96	6.28E-164
MIF	3.170246	1.49E-159	0.914	0.28	4.81E-155
GAPDH	1.961168	3.14E-154	0.986	0.825	1.02E-149
PKM	1.723114	1.09E-147	0.99	0.881	3.50E-143
SMPDL3A	-2.68969	4.32E-146	0.259	0.847	1.39E-141
ALDOA	1.947327	4.07E-139	0.966	0.671	1.31E-134
TPI1	2.702132	2.69E-138	0.9	0.327	8.68E-134
ARG1	7.554288	2.96E-134	0.729	0.03	9.54E-130
ARHGAP15	-2.96102	5.17E-134	0.186	0.744	1.67E-129
LDHA	1.957505	1.13E-133	0.961	0.655	3.65E-129
PGK1	2.460847	6.16E-132	0.917	0.478	1.99E-127
MGST1	-2.61741	1.06E-125	0.213	0.77	3.41E-121
RPS9	-0.9243	7.52E-125	0.986	0.998	2.43E-120
IFITM3	-1.20403	1.39E-119	0.859	0.996	4.50E-115
SELL	-3.47788	1.06E-114	0.066	0.544	3.42E-110
CD9	5.249576	3.92E-114	0.685	0.058	1.27E-109
CSTB	2.010182	1.03E-113	0.928	0.573	3.33E-109
HILPDA	4.533364	8.29E-112	0.707	0.103	2.68E-107
SRGN	1.441066	1.19E-109	0.996	0.968	3.85E-105
ITM2B	-1.28824	1.99E-109	0.8	0.98	6.42E-105
PLAC8	-1.62548	2.43E-107	0.561	0.966	7.84E-103
BASP1	3.757652	7.32E-107	0.689	0.065	2.36E-102
ENO1	1.811837	3.47E-105	0.917	0.577	1.12E-100
PGAM1	1.840624	8.60E-100	0.889	0.452	2.78E-95
MSRB1	-1.58056	1.30E-98	0.604	0.913	4.18E-94
FTH1	1.664248	2.79E-98	0.998	1	9.00E-94
NAPSA	-1.83018	2.63E-97	0.398	0.839	8.48E-93
H2AZ1	-1.59863	7.32E-96	0.677	0.913	2.36E-91
SPP1	6.955514	4.61E-90	0.607	0.079	1.49E-85
LGALS1	1.887154	1.02E-88	0.899	0.655	3.28E-84
IFITM2	-1.09785	1.08E-83	0.816	0.99	3.50E-79
GSR	-1.39397	1.52E-82	0.564	0.919	4.92E-78
RPS27A	-0.72657	3.37E-82	0.973	0.998	1.09E-77
RPL18A	-0.78301	9.09E-82	0.963	0.994	2.94E-77
TYROBP	-0.69191	6.15E-80	0.977	0.998	1.99E-75
CYBB	-2.00855	1.24E-79	0.262	0.702	4.02E-75
COX7A2L	-1.82518	2.37E-79	0.372	0.756	7.66E-75
CD52	-0.90563	8.52E-76	0.842	0.99	2.75E-71
GPCPD1	-2.72507	6.13E-75	0.131	0.522	1.98E-70
SLC16A3	2.054541	3.77E-74	0.729	0.238	1.22E-69
LSP1	-1.53921	1.49E-73	0.476	0.847	4.80E-69
DAB2	3.161254	4.91E-73	0.58	0.091	1.59E-68
CXCL2	1.972302	1.47E-72	0.85	0.44	4.74E-68
ALOX5AP	-1.04634	3.38E-72	0.813	0.95	1.09E-67
ECM1	3.029778	5.59E-72	0.591	0.121	1.81E-67
H3-3B	-0.79095	1.13E-70	0.934	0.992	3.66E-66
CLEC6A	2.421944	1.18E-69	0.663	0.198	3.80E-65
CORO1A	-0.99652	2.97E-69	0.786	0.964	9.59E-65
PLD4	-1.78852	3.55E-69	0.289	0.69	1.15E-64
CD74	3.232379	1.36E-68	0.651	0.198	4.40E-64
FCGR2B	1.490124	2.58E-67	0.843	0.498	8.32E-63
SDC4	3.9997	3.97E-66	0.482	0.034	1.28E-61
FOXP1	-1.74392	9.52E-66	0.291	0.681	3.08E-61
FAM162A	3.422288	1.19E-65	0.54	0.093	3.83E-61
CST3	-0.84969	2.60E-65	0.869	0.982	8.40E-61
BNIP3	3.640412	2.33E-64	0.515	0.073	7.51E-60
MCEMP1	-1.71706	1.37E-63	0.279	0.673	4.41E-59
EIF3F	-1.24914	5.39E-63	0.62	0.867	1.74E-58
TALDO1	-1.28853	1.32E-62	0.57	0.845	4.25E-58
RPL10	-0.63576	2.23E-62	0.981	0.992	7.19E-58
CCL2	2.332615	2.90E-61	0.7	0.292	9.35E-57
GMFG	-1.55447	6.35E-61	0.379	0.732	2.05E-56
MMP8	-2.1256	9.31E-61	0.138	0.502	3.00E-56
ANXA2	1.14498	7.93E-60	0.957	0.873	2.56E-55
SAMHD1	-1.76731	9.75E-60	0.345	0.704	3.15E-55
TGM2	2.387937	6.41E-59	0.586	0.137	2.07E-54
ARHGAP26	-2.0607	4.44E-58	0.215	0.573	1.43E-53
C5AR1	1.51395	2.31E-57	0.791	0.393	7.47E-53
CAPG	1.21009	5.92E-57	0.877	0.647	1.91E-52
LMNA	3.489319	1.92E-56	0.484	0.079	6.19E-52
S100A10	1.150778	3.17E-55	0.917	0.798	1.02E-50
CALM1	0.829971	7.53E-55	0.968	0.895	2.43E-50
CXCL3	6.562882	3.72E-54	0.406	0.03	1.20E-49
RPS14	-0.5204	1.57E-53	0.986	1	5.07E-49
PFN1	0.6883	1.68E-53	0.978	0.974	5.42E-49
RPL13	-0.53738	1.86E-53	0.988	0.996	5.99E-49
BSG	1.631811	1.98E-53	0.738	0.367	6.40E-49
LRG1	-2.30516	4.27E-52	0.144	0.47	1.38E-47
CCR2	-1.12257	6.56E-52	0.585	0.871	2.12E-47
EMB	-1.07407	6.89E-52	0.604	0.861	2.22E-47
ERO1A	4.214137	8.41E-52	0.433	0.056	2.71E-47
PTPN18	-1.74334	1.51E-51	0.273	0.601	4.88E-47
RPS4X	-0.63052	2.38E-51	0.937	0.986	7.70E-47
CTSD	1.48781	6.57E-51	0.827	0.617	2.12E-46
PLCB1	-1.24664	7.04E-50	0.442	0.774	2.27E-45
CD302	-2.38388	9.09E-49	0.116	0.407	2.94E-44
H3-3B	0.790796	1.32E-47	0.992	0.982	4.28E-43
AP1S2	-1.83253	1.92E-47	0.164	0.48	6.19E-43
PF4	7.616401	2.19E-47	0.347	0.012	7.06E-43
PRTN3	-2.97685	3.30E-47	0.045	0.282	1.07E-42
JUNB	-0.76392	3.74E-47	0.888	0.98	1.21E-42
HMGB2	-1.78169	5.30E-47	0.241	0.554	1.71E-42
CD14	1.010507	1.04E-46	0.953	0.841	3.34E-42
ARHGDIB	-0.95728	1.60E-46	0.675	0.897	5.17E-42
PLIN2	1.347445	4.24E-46	0.841	0.593	1.37E-41
LCN2	-2.31112	5.78E-46	0.079	0.351	1.87E-41
ARHGEF37	-4.9606	1.25E-45	0.011	0.192	4.05E-41
CLEC12A	-1.99951	2.90E-45	0.164	0.464	9.37E-41
RGCC	2.099931	7.40E-45	0.586	0.234	2.39E-40
RPLP0	-0.48895	1.01E-44	0.978	0.998	3.25E-40
PIGQ	1.417178	1.19E-44	0.775	0.504	3.84E-40
DOK2	3.094565	2.28E-44	0.405	0.058	7.37E-40
CTSL	1.612101	4.41E-44	0.763	0.514	1.42E-39
GDA	-1.16315	5.31E-44	0.462	0.762	1.72E-39
PTPN1	-1.31259	5.91E-44	0.422	0.722	1.91E-39
SOCS3	-1.68064	7.11E-44	0.312	0.605	2.30E-39
ADAM8	2.18325	7.68E-44	0.506	0.151	2.48E-39
CD300A	-1.87066	1.00E-43	0.183	0.48	3.23E-39
RPS11	-0.53397	4.11E-43	0.958	0.998	1.33E-38
HIGD1A	1.82438	1.12E-42	0.623	0.274	3.61E-38
MYL12A	1.079038	2.38E-42	0.84	0.611	7.68E-38
RPL23A	-0.52542	4.30E-42	0.951	0.996	1.39E-37
C3AR1	2.718418	4.93E-42	0.422	0.079	1.59E-37
SELENOP	-1.53203	6.55E-42	0.215	0.52	2.12E-37
LST1	-1.29179	9.04E-42	0.403	0.694	2.92E-37
RPL37	-0.60457	2.12E-41	0.926	0.978	6.84E-37
EMP1	3.929561	2.63E-41	0.349	0.034	8.49E-37
DBI	-1.02653	1.31E-39	0.576	0.8	4.24E-35
LY86	-2.03149	1.46E-39	0.14	0.411	4.72E-35
RPL26	-0.49455	2.94E-39	0.959	0.976	9.51E-35
CDKN2D	-2.3314	4.98E-39	0.097	0.341	1.61E-34
FOS	-0.86931	8.02E-39	0.799	0.94	2.59E-34
FGR	-1.51594	1.13E-38	0.229	0.518	3.64E-34
RPS24	-0.52281	1.20E-38	0.939	0.984	3.86E-34
PLA2G7	-1.12143	1.40E-38	0.415	0.708	4.53E-34
POU2F2	-3.29315	4.95E-38	0.029	0.214	1.60E-33
MRPL33	-1.10559	6.86E-38	0.536	0.768	2.22E-33
IER2	-1.13664	1.33E-37	0.528	0.78	4.31E-33
RPS23	-0.47676	1.51E-37	0.957	0.996	4.88E-33
PRDX6	1.427131	2.16E-37	0.749	0.518	6.96E-33
EEF1A1	-0.43906	4.33E-37	0.979	1	1.40E-32
CCL7	3.634843	6.96E-37	0.409	0.105	2.25E-32
CEBPD	-1.90628	2.45E-36	0.157	0.419	7.93E-32
RPL10A	-0.71483	3.48E-36	0.805	0.931	1.12E-31
RASGRP2	-3.15219	5.91E-36	0.033	0.214	1.91E-31
SDCBP	1.021912	7.28E-36	0.827	0.621	2.35E-31
STXBP6	-2.92878	1.07E-35	0.036	0.222	3.46E-31
UQCRH	-0.88156	1.11E-35	0.632	0.833	3.59E-31
ALDH2	-1.56437	1.31E-35	0.198	0.47	4.23E-31
RPS7	-0.54404	5.75E-35	0.906	0.978	1.86E-30
MPEG1	-1.66108	6.21E-35	0.176	0.438	2.01E-30
YPEL3	-1.79967	1.09E-34	0.142	0.397	3.51E-30
FMNL2	3.512174	1.10E-34	0.302	0.028	3.55E-30
RPL32	-0.48946	1.93E-34	0.949	0.986	6.25E-30
RPL6	-0.50265	2.05E-34	0.932	0.984	6.61E-30
RPS18	-0.516	2.71E-34	0.946	0.994	8.76E-30
RPL4	-0.60877	2.76E-34	0.859	0.97	8.93E-30
RPL37A	-0.48689	3.01E-34	0.942	0.986	9.73E-30
DUSP1	-0.71372	3.88E-34	0.801	0.948	1.25E-29
FAU	-0.34042	3.93E-34	0.994	0.998	1.27E-29
ACTB	0.90412	5.51E-34	0.986	0.994	1.78E-29
RIPOR2	-2.96534	1.18E-33	0.046	0.232	3.79E-29
RPL13A	-0.4444	1.23E-33	0.972	1	3.97E-29
HSP90AB1	0.842837	1.46E-33	0.839	0.677	4.71E-29
RPL34	-0.50922	2.37E-33	0.938	0.986	7.64E-29
KLF2	-1.36151	2.99E-33	0.455	0.681	9.66E-29
SLC2A1	1.95336	7.31E-33	0.472	0.169	2.36E-28
RPL3	-0.60015	2.05E-32	0.85	0.966	6.63E-28
MT1A	1.610284	2.45E-32	0.767	0.577	7.92E-28
BIN2	-1.4561	4.81E-32	0.217	0.466	1.55E-27
CCND3	-1.53356	9.22E-32	0.241	0.492	2.98E-27
RPS5	-0.46546	1.29E-31	0.955	0.99	4.18E-27
RNASE6	-2.83959	1.50E-31	0.033	0.2	4.83E-27
LILRB3	-1.13074	1.67E-31	0.396	0.649	5.38E-27
RPL24	-0.48453	1.72E-31	0.93	0.976	5.56E-27
TMEM176B	-2.36072	1.77E-31	0.116	0.335	5.71E-27
RPL17	-0.44684	2.77E-31	0.947	0.982	8.94E-27
RPL7	-0.55703	3.46E-31	0.902	0.972	1.12E-26
FKBP1A	1.229638	3.80E-31	0.686	0.403	1.23E-26
MMP14	5.629282	4.01E-31	0.241	0.006	1.29E-26
PFKL	2.296038	5.18E-31	0.374	0.095	1.67E-26
GNGT2	-1.16474	5.92E-31	0.287	0.552	1.91E-26
TUBB4A	1.789021	1.79E-30	0.49	0.196	5.78E-26
TMEM38B	-2.59592	2.20E-30	0.054	0.234	7.11E-26
RAMP1	-2.7496	2.26E-30	0.046	0.22	7.29E-26
PDPN	4.477135	2.78E-30	0.265	0.024	8.96E-26
LDLRAD3	-3.07442	5.23E-30	0.034	0.194	1.69E-25
RPS27	-0.43985	7.14E-30	0.958	0.994	2.31E-25
SLC8A1	-1.29253	1.25E-29	0.233	0.49	4.03E-25
RPL27	-0.53075	1.60E-29	0.874	0.972	5.18E-25
LY6E	-0.7972	4.20E-29	0.643	0.853	1.35E-24
LGMN	1.354294	5.98E-29	0.677	0.492	1.93E-24
MYO1E	4.333644	7.73E-29	0.249	0.02	2.50E-24
RPL18	-0.47463	7.78E-29	0.93	0.98	2.51E-24
RPL11	-0.47417	8.28E-29	0.923	0.984	2.67E-24
RPS16	-0.39904	1.03E-28	0.966	0.992	3.32E-24
SUB1	-0.66967	2.27E-28	0.723	0.879	7.33E-24
TMPO	-2.27801	2.39E-28	0.073	0.26	7.73E-24
DGKG	-2.19832	3.10E-28	0.062	0.246	9.99E-24
LPP	1.87028	4.04E-28	0.384	0.109	1.31E-23
RPL27A	-0.48465	6.06E-28	0.91	0.986	1.96E-23
NOP53	-1.17272	8.27E-28	0.353	0.579	2.67E-23
CD63	3.057667	1.25E-27	0.301	0.06	4.05E-23
COTL1	0.790199	1.64E-27	0.835	0.744	5.29E-23
CERS6	-1.23777	1.91E-27	0.304	0.542	6.15E-23
LYN	-0.75161	1.95E-27	0.674	0.827	6.29E-23
PTPRC	-1.05897	2.63E-27	0.357	0.611	8.50E-23
IFNGR1	-1.21455	2.87E-27	0.356	0.593	9.27E-23
OSBPL8	1.698522	3.18E-27	0.47	0.194	1.03E-22
RPL9	-0.42826	3.28E-27	0.943	0.988	1.06E-22
EIF4A1	0.604976	4.78E-27	0.914	0.863	1.54E-22
ST3GAL4	-1.59191	6.31E-27	0.154	0.371	2.04E-22
CHST11	2.283191	8.25E-27	0.345	0.093	2.66E-22
C12orf57	-1.28663	1.05E-26	0.237	0.474	3.38E-22
RPL28	-0.54829	1.17E-26	0.829	0.938	3.79E-22
NINJ1	1.170675	1.25E-26	0.67	0.397	4.03E-22
CD177	-2.42696	1.67E-26	0.06	0.23	5.40E-22
STAT3	-1.24745	2.34E-26	0.381	0.599	7.56E-22
DUSP5	2.360491	2.54E-26	0.316	0.073	8.21E-22
TAGLN2	0.952785	3.13E-26	0.783	0.627	1.01E-21
NCF2	-1.03374	3.36E-26	0.452	0.657	1.08E-21
EGLN3	3.07642	4.83E-26	0.261	0.038	1.56E-21
RPL35A	-0.4024	5.37E-26	0.953	0.996	1.73E-21
SMOX	1.355674	8.05E-26	0.56	0.28	2.60E-21
RPS28	-0.45486	1.01E-25	0.939	0.988	3.27E-21
RPSA	-0.57172	1.23E-25	0.857	0.948	3.97E-21
FAM174A	-1.65232	1.76E-25	0.145	0.355	5.69E-21
ZFP36	-0.84676	3.38E-25	0.534	0.734	1.09E-20
INHBA	5.171067	3.59E-25	0.217	0.016	1.16E-20
B4GALT1	2.603091	4.02E-25	0.281	0.052	1.30E-20
HPGD	-4.38573	5.66E-25	0.006	0.107	1.83E-20
EIF3E	-1.01215	5.72E-25	0.433	0.635	1.85E-20
KLF13	-1.32227	5.84E-25	0.245	0.464	1.89E-20
RGS1	4.400347	5.93E-25	0.226	0.022	1.91E-20
RPS15	-0.49206	6.23E-25	0.891	0.972	2.01E-20
TRPS1	-0.78973	6.34E-25	0.536	0.756	2.05E-20
SBNO2	-1.56497	8.76E-25	0.186	0.401	2.83E-20
PPFIA4	-4.23133	1.18E-24	0.01	0.117	3.80E-20
CASP1	-1.89588	1.35E-24	0.087	0.27	4.37E-20
RPL21	-0.46149	1.44E-24	0.908	0.974	4.65E-20
ANXA3	1.654227	1.53E-24	0.413	0.159	4.93E-20
MALT1	1.93746	1.60E-24	0.365	0.121	5.16E-20
ATP5PD	-0.66629	2.13E-24	0.686	0.835	6.88E-20
CD24	3.79884	2.80E-24	0.217	0.018	9.04E-20
TNFSF13	-1.99043	2.91E-24	0.076	0.246	9.39E-20
MSR1	1.14636	4.37E-24	0.577	0.319	1.41E-19
RAC2	-0.87491	4.61E-24	0.473	0.683	1.49E-19
GSN	1.00112	4.89E-24	0.663	0.425	1.58E-19
ASS1	4.947332	4.94E-24	0.2	0.01	1.60E-19
TNFAIP8L2	-1.66082	5.02E-24	0.133	0.331	1.62E-19
TBXAS1	1.714519	5.24E-24	0.371	0.125	1.69E-19
RPS3	-0.38313	5.81E-24	0.966	0.99	1.88E-19
CALM2	0.8032	6.29E-24	0.821	0.629	2.03E-19
LTB4R	1.164288	9.75E-24	0.612	0.361	3.15E-19
ADGRE1	-1.36633	1.19E-23	0.171	0.387	3.84E-19
SLC3A2	1.12344	1.54E-23	0.594	0.329	4.99E-19
ITGB7	-1.5159	1.61E-23	0.152	0.359	5.19E-19
SLC15A3	1.397861	1.76E-23	0.485	0.222	5.69E-19
P4HB	1.343625	1.85E-23	0.566	0.308	5.96E-19
C1QB	4.233859	2.06E-23	0.229	0.032	6.65E-19
MYL12B	-1.03712	2.20E-23	0.346	0.558	7.12E-19
UBB	0.513603	5.32E-23	0.986	0.964	1.72E-18
TUBA1B	1.098086	5.35E-23	0.61	0.361	1.73E-18
RPL19	-0.38403	6.14E-23	0.94	0.984	1.98E-18
OGFRL1	-2.06678	6.69E-23	0.067	0.228	2.16E-18
GYG1	-1.81252	7.80E-23	0.107	0.286	2.52E-18
FNDC3A	1.516777	8.28E-23	0.487	0.248	2.67E-18
CREB5	4.341771	9.80E-23	0.197	0.014	3.16E-18
LGALS3	0.794998	1.19E-22	0.983	0.978	3.84E-18
NACA	-0.62011	1.51E-22	0.76	0.879	4.88E-18
RPS6	-0.37868	1.83E-22	0.95	0.984	5.90E-18
FPR2	-1.95188	2.71E-22	0.082	0.248	8.75E-18
PI16	-1.98038	2.88E-22	0.07	0.23	9.31E-18
GPX4	-0.7025	2.92E-22	0.617	0.778	9.42E-18
GLIPR1	-1.36196	3.79E-22	0.151	0.353	1.22E-17
FLT3	-3.93411	4.17E-22	0.006	0.097	1.35E-17
SLPI	-0.09207	5.64E-22	0.298	0.565	1.82E-17
TMSB10	-0.48279	6.78E-22	0.87	0.946	2.19E-17
UNC93B1	-1.1339	7.13E-22	0.288	0.496	2.30E-17
EIF4EBP1	1.161674	1.01E-21	0.602	0.383	3.27E-17
MT2A	3.074487	1.01E-21	0.293	0.083	3.27E-17
IFI30	-0.73661	1.05E-21	0.568	0.74	3.39E-17
IER3	0.797704	1.20E-21	0.84	0.712	3.88E-17
ANXA1	-0.93345	1.24E-21	0.458	0.653	3.99E-17
EHD1	1.308235	1.26E-21	0.452	0.2	4.07E-17
RPS13	-0.39997	1.92E-21	0.929	0.968	6.20E-17
ANTXR2	1.81223	2.30E-21	0.361	0.135	7.42E-17
LIMD2	-1.79858	2.50E-21	0.097	0.266	8.08E-17
PDE4D	2.767536	2.67E-21	0.257	0.056	8.64E-17
IL17RA	-1.48882	3.54E-21	0.149	0.337	1.14E-16
THBS1	0.890559	4.30E-21	0.754	0.554	1.39E-16
CASP4	-1.95753	4.33E-21	0.088	0.252	1.40E-16
EEF1B2	-0.7829	5.06E-21	0.472	0.677	1.63E-16
CD48	-1.22991	6.99E-21	0.23	0.425	2.26E-16
IDH1	-1.464	7.82E-21	0.153	0.337	2.53E-16
EIF3H	-0.77447	9.65E-21	0.524	0.706	3.12E-16
SNTB1	-6.32835	1.13E-20	0.002	0.075	3.65E-16
MXI1	1.796876	1.19E-20	0.313	0.095	3.85E-16
VASP	1.308902	1.24E-20	0.481	0.242	4.01E-16
RAB5C	1.055753	1.27E-20	0.544	0.3	4.10E-16
RPS29	-0.30228	1.30E-20	0.971	0.998	4.21E-16
PPT1	-1.206	1.42E-20	0.227	0.427	4.59E-16
FYB1	-0.84202	1.52E-20	0.373	0.599	4.91E-16
TUBB6	1.000622	1.55E-20	0.562	0.302	4.99E-16
ITGA4	-2.1114	1.97E-20	0.078	0.232	6.37E-16
MMP19	1.675862	2.00E-20	0.505	0.292	6.45E-16
HACD4	-1.34218	2.28E-20	0.144	0.333	7.36E-16
CHD7	1.410615	2.49E-20	0.419	0.183	8.04E-16
EIF3K	-0.76392	2.57E-20	0.544	0.718	8.29E-16
RPS20	-0.47762	2.98E-20	0.831	0.925	9.63E-16
TCF7L2	2.163621	3.44E-20	0.249	0.054	1.11E-15
HMOX1	1.79632	3.59E-20	0.541	0.31	1.16E-15
FCGR3A	0.638143	3.74E-20	0.898	0.812	1.21E-15
LRMDA	-1.11704	4.10E-20	0.272	0.482	1.32E-15
EIF5	1.051512	4.36E-20	0.547	0.298	1.41E-15
RPL41	-0.31725	4.81E-20	0.98	0.998	1.55E-15
IFRD1	0.836397	4.87E-20	0.704	0.47	1.57E-15
SQSTM1	1.648436	5.28E-20	0.406	0.171	1.71E-15
ASAP1	-1.4739	5.29E-20	0.195	0.377	1.71E-15
BAX	1.035426	6.43E-20	0.604	0.381	2.08E-15
TGFBI	0.734871	7.02E-20	0.855	0.845	2.27E-15
PID1	0.791208	7.38E-20	0.758	0.573	2.38E-15
XDH	-1.40496	8.27E-20	0.129	0.308	2.67E-15
RPS15A	-0.39535	8.35E-20	0.948	0.984	2.70E-15
RASSF4	-1.5038	8.56E-20	0.145	0.327	2.76E-15
CD86	0.947965	8.85E-20	0.62	0.363	2.86E-15
RAI14	3.40061	1.15E-19	0.191	0.022	3.70E-15
FCGR1A	1.142168	1.24E-19	0.548	0.321	4.00E-15
BTG2	-0.50578	1.36E-19	0.758	0.887	4.40E-15
STAB1	2.169037	1.78E-19	0.237	0.048	5.74E-15
CTSZ	0.656092	2.08E-19	0.831	0.712	6.71E-15
APP	0.798923	2.29E-19	0.731	0.532	7.38E-15
TMBIM6	0.675629	3.27E-19	0.795	0.635	1.05E-14
MAN2B1	-1.14209	3.66E-19	0.24	0.438	1.18E-14
SLC7A8	2.828478	4.42E-19	0.216	0.04	1.43E-14
RPS19	-0.30378	6.31E-19	0.97	0.998	2.04E-14
CSF3R	-2.11027	8.93E-19	0.045	0.171	2.88E-14
PLGRKT	1.854853	1.11E-18	0.292	0.091	3.59E-14
YBX1	0.612369	1.13E-18	0.823	0.746	3.63E-14
CCL24	6.382369	1.71E-18	0.156	0.008	5.52E-14
IL1RN	1.840812	1.78E-18	0.297	0.097	5.76E-14
PRR13	-0.83541	1.81E-18	0.412	0.613	5.85E-14
SNX3	0.976312	1.99E-18	0.584	0.353	6.43E-14
C1GALT1C1	-1.86885	2.09E-18	0.057	0.192	6.74E-14
FXYD5	-0.35862	2.29E-18	0.934	0.972	7.41E-14
S100A4	-0.43609	2.58E-18	0.785	0.938	8.34E-14
LAMTOR4	-1.00853	2.71E-18	0.366	0.544	8.75E-14
GAMT	-3.34259	3.28E-18	0.018	0.111	1.06E-13
CFP	1.028357	3.32E-18	0.548	0.339	1.07E-13
GABARAP	0.49962	3.37E-18	0.9	0.78	1.09E-13
RPS25	-0.36238	3.54E-18	0.935	0.984	1.14E-13
PILRA	1.32784	3.67E-18	0.412	0.196	1.18E-13
RPL8	-0.32911	4.14E-18	0.957	0.99	1.34E-13
CALM3	1.18822	4.48E-18	0.477	0.26	1.45E-13
ARHGEF18	-5.28719	4.53E-18	0.002	0.069	1.46E-13
NRROS	-1.24783	5.70E-18	0.237	0.411	1.84E-13
BHLHE40	2.60917	6.94E-18	0.197	0.032	2.24E-13
NIBAN1	-1.50722	6.96E-18	0.086	0.236	2.25E-13
PDIA6	1.035176	7.11E-18	0.668	0.482	2.29E-13
ATP6V0C	0.449179	7.55E-18	0.937	0.907	2.44E-13
RPL39	-0.4342	7.82E-18	0.867	0.954	2.52E-13
F5	-1.56597	7.98E-18	0.077	0.224	2.57E-13
GRINA	1.491384	8.24E-18	0.388	0.181	2.66E-13
NPC2	-0.38696	8.46E-18	0.811	0.911	2.73E-13
RAN	1.024629	9.19E-18	0.546	0.335	2.97E-13
ATP5F1C	-0.80675	9.48E-18	0.487	0.645	3.06E-13
ADD3	-1.94843	9.54E-18	0.079	0.22	3.08E-13
MRC1	3.566447	1.02E-17	0.169	0.018	3.29E-13
ATRNL1	-1.04343	1.03E-17	0.298	0.474	3.32E-13
NDUFAF7	-3.05474	1.25E-17	0.021	0.117	4.05E-13
VIM	0.668183	1.39E-17	0.921	0.905	4.50E-13
CCPG1	-2.2561	1.43E-17	0.038	0.151	4.62E-13
VAT1	3.404551	1.52E-17	0.162	0.014	4.92E-13
BACH2	2.739303	1.59E-17	0.201	0.038	5.13E-13
PITPNC1	2.220696	1.83E-17	0.257	0.079	5.91E-13
HSP90AA1	0.543075	1.89E-17	0.718	0.546	6.09E-13
RPL23	-0.3216	2.35E-17	0.951	0.988	7.60E-13
ARL4C	1.409115	2.38E-17	0.336	0.125	7.67E-13
GSTM1	-1.66439	2.45E-17	0.071	0.21	7.92E-13
VCAN	-0.91389	2.53E-17	0.425	0.595	8.15E-13
GCNT2	-1.2404	2.98E-17	0.166	0.341	9.62E-13
CUX1	2.512514	3.07E-17	0.253	0.075	9.91E-13
HEXA	-0.76548	3.49E-17	0.438	0.611	1.13E-12
PGM1	2.96641	3.54E-17	0.174	0.022	1.14E-12
PFDN5	-0.63333	3.96E-17	0.63	0.772	1.28E-12
EEF2	-0.62747	4.12E-17	0.668	0.786	1.33E-12
CLIC1	0.581414	4.13E-17	0.869	0.744	1.33E-12
CD33	-2.26965	4.62E-17	0.034	0.143	1.49E-12
C1QA	4.965662	4.63E-17	0.153	0.012	1.49E-12
ARL15	-1.72668	4.68E-17	0.093	0.236	1.51E-12
CD80	1.200389	4.81E-17	0.431	0.222	1.55E-12
PDIA4	1.816908	4.88E-17	0.295	0.105	1.57E-12
CDC42EP3	-2.1144	5.02E-17	0.04	0.153	1.62E-12
CYFIP1	1.487638	5.10E-17	0.352	0.149	1.65E-12
NDUFA6	-0.8801	5.71E-17	0.366	0.536	1.84E-12
ATP2B4	3.272396	6.71E-17	0.173	0.024	2.17E-12
RAPH1	3.311877	7.19E-17	0.16	0.016	2.32E-12
IL37	3.938807	7.61E-17	0.156	0.014	2.46E-12
CCDC88C	-4.35024	7.95E-17	0.006	0.075	2.57E-12
CYTIP	-0.70669	8.77E-17	0.424	0.637	2.83E-12
ABCA1	1.824985	9.05E-17	0.244	0.067	2.92E-12
FN1	0.862563	9.65E-17	0.778	0.712	3.11E-12
GPAT3	2.201697	1.14E-16	0.227	0.06	3.69E-12
CARD19	0.881433	1.17E-16	0.626	0.415	3.79E-12
CTSB	0.792408	1.20E-16	0.88	0.831	3.86E-12
VDAC1	1.299757	1.22E-16	0.386	0.177	3.93E-12
DUSP22	-1.892	1.47E-16	0.063	0.19	4.75E-12
TIMM10B	-0.93365	1.76E-16	0.321	0.492	5.69E-12
C1QC	4.040016	1.96E-16	0.168	0.024	6.32E-12
TIMP1	2.436431	2.04E-16	0.238	0.069	6.58E-12
IL10RB	1.102253	2.53E-16	0.428	0.212	8.16E-12
PROS1	-2.2678	2.57E-16	0.038	0.147	8.30E-12
TMEM189	1.508255	3.26E-16	0.335	0.145	1.05E-11
PSMA7	-0.61749	3.31E-16	0.63	0.766	1.07E-11
GOT1	2.721197	3.58E-16	0.18	0.03	1.16E-11
P4HA1	1.217699	3.82E-16	0.346	0.141	1.23E-11
ECI2	-2.04273	3.96E-16	0.052	0.169	1.28E-11
EIF3M	-0.9216	4.76E-16	0.312	0.486	1.54E-11
GNG5	0.58988	6.38E-16	0.818	0.704	2.06E-11
CALR	0.773499	6.70E-16	0.743	0.611	2.16E-11
RPL29	-0.41867	7.23E-16	0.823	0.94	2.33E-11
CARHSP1	2.092908	7.30E-16	0.233	0.067	2.36E-11
SVIP	-4.5298	7.48E-16	0.005	0.069	2.41E-11
NT5E	4.003984	7.77E-16	0.144	0.012	2.51E-11
USE1	-0.97125	9.54E-16	0.261	0.433	3.08E-11
IKBKB	-1.23294	9.63E-16	0.196	0.355	3.11E-11
FURIN	1.461569	9.67E-16	0.323	0.133	3.12E-11
NAAA	-1.19751	1.09E-15	0.201	0.365	3.52E-11
LBR	-1.76334	1.13E-15	0.07	0.198	3.64E-11
ATP8A1	-1.48159	1.16E-15	0.102	0.244	3.75E-11
USF1	-2.36488	1.25E-15	0.03	0.127	4.04E-11
FAM49A	-1.67231	1.31E-15	0.055	0.175	4.22E-11
EPB41L2	1.400482	1.43E-15	0.312	0.121	4.61E-11
NDUFB10	-0.9906	1.68E-15	0.299	0.466	5.43E-11
ABCA6	-5.13333	1.77E-15	0.002	0.056	5.72E-11
KCNN4	5.793587	1.88E-15	0.122	0.002	6.06E-11
HGSNAT	-1.99084	2.11E-15	0.055	0.171	6.81E-11
PSMB1	-0.64746	2.21E-15	0.565	0.698	7.15E-11
IL7R	3.659181	2.23E-15	0.141	0.012	7.19E-11
NR4A2	1.398358	2.25E-15	0.359	0.169	7.26E-11
CTSC	0.5329	2.33E-15	0.902	0.897	7.51E-11
BCL2L1	2.899719	2.61E-15	0.162	0.024	8.42E-11
PARP8	-1.68138	3.35E-15	0.044	0.153	1.08E-10
CXCL16	3.139735	3.56E-15	0.155	0.02	1.15E-10
RPL30	-0.45329	3.79E-15	0.753	0.883	1.22E-10
SELENOH	-2.38176	3.90E-15	0.037	0.137	1.26E-10
PRELID1	0.741878	3.94E-15	0.684	0.528	1.27E-10
SLA	-1.15225	4.37E-15	0.168	0.331	1.41E-10
DOK3	-1.40456	4.92E-15	0.137	0.282	1.59E-10
RPS12	-0.4534	6.39E-15	0.824	0.901	2.06E-10
RPL35	-0.39591	7.84E-15	0.774	0.899	2.53E-10
RAB8B	1.018975	8.67E-15	0.521	0.327	2.80E-10
CCRL2	2.235676	8.86E-15	0.207	0.054	2.86E-10
CDK14	1.3779	9.77E-15	0.281	0.101	3.15E-10
COL18A1	5.310316	1.03E-14	0.116	0.002	3.32E-10
TNFRSF1A	-0.99732	1.11E-14	0.281	0.448	3.57E-10
NADK	-1.33115	1.17E-14	0.169	0.317	3.78E-10
SORL1	-1.99119	1.19E-14	0.059	0.173	3.83E-10
TES	1.345813	1.37E-14	0.357	0.171	4.43E-10
ID2	0.965061	1.41E-14	0.575	0.397	4.56E-10
MBNL1	-1.17873	1.44E-14	0.205	0.359	4.66E-10
TMEM14C	-0.70396	1.46E-14	0.393	0.56	4.72E-10
RPS8	-0.30471	1.68E-14	0.947	0.986	5.41E-10
TSPAN13	-1.57709	1.85E-14	0.106	0.24	5.96E-10
SH3PXD2B	1.934904	1.85E-14	0.202	0.052	5.99E-10
STON2	2.624349	1.88E-14	0.164	0.028	6.08E-10
COX17	0.97529	1.94E-14	0.534	0.345	6.25E-10
CD300LG	-3.63873	2.45E-14	0.01	0.077	7.91E-10
ATG101	-1.46859	2.46E-14	0.114	0.252	7.94E-10
CFL1	0.35766	2.46E-14	0.941	0.938	7.95E-10
IQGAP1	0.75637	2.63E-14	0.679	0.5	8.48E-10
NXPE4	-4.46093	2.64E-14	0.004	0.06	8.53E-10
BSCL2	-1.52071	2.71E-14	0.11	0.244	8.76E-10
PDLIM7	3.998414	3.01E-14	0.128	0.01	9.72E-10
SSH2	-1.04472	3.16E-14	0.216	0.377	1.02E-09
IGSF6	-0.83619	3.92E-14	0.295	0.464	1.27E-09
EXT1	-0.943	4.23E-14	0.231	0.395	1.36E-09
TMEM59	-0.85554	4.33E-14	0.339	0.498	1.40E-09
HSD17B12	1.232652	4.50E-14	0.319	0.135	1.45E-09
STING1	-1.77305	4.68E-14	0.063	0.179	1.51E-09
C3	-1.69648	4.85E-14	0.067	0.183	1.57E-09
RBPJ	1.269785	5.17E-14	0.347	0.163	1.67E-09
CERS2	1.104066	5.21E-14	0.4	0.202	1.68E-09
IDH3G	-1.28816	5.55E-14	0.139	0.282	1.79E-09
PITPNA	0.597709	7.08E-14	0.729	0.601	2.29E-09
CLEC4D	0.82643	7.23E-14	0.656	0.476	2.33E-09
RPL7A	-0.4096	7.95E-14	0.791	0.893	2.57E-09
SNX6	1.101993	8.28E-14	0.385	0.202	2.67E-09
PFKP	1.285124	9.58E-14	0.371	0.192	3.09E-09
PTGS2	1.652636	9.72E-14	0.228	0.073	3.14E-09
SGK1	1.990515	9.93E-14	0.216	0.067	3.21E-09
RAB7B	1.464362	1.21E-13	0.24	0.083	3.89E-09
HIGD2A	-1.25815	1.23E-13	0.186	0.329	3.99E-09
SEM1	-0.44521	1.57E-13	0.82	0.901	5.06E-09
PABPC1	-0.57736	2.11E-13	0.611	0.736	6.80E-09
FIS1	-0.83779	2.35E-13	0.376	0.52	7.60E-09
F10	0.775384	2.46E-13	0.663	0.498	7.95E-09
COX4I1	-0.38077	2.91E-13	0.891	0.948	9.38E-09
KHK	-2.13174	3.09E-13	0.044	0.141	9.98E-09
CDKN1A	0.564505	3.37E-13	0.803	0.667	1.09E-08
TPM4	0.701175	3.52E-13	0.691	0.536	1.14E-08
MDFIC	1.036346	3.60E-13	0.396	0.216	1.16E-08
HAVCR2	1.82088	3.65E-13	0.222	0.075	1.18E-08
TNFRSF21	-1.77056	3.66E-13	0.063	0.171	1.18E-08
NDUFV3	0.932267	3.77E-13	0.442	0.252	1.22E-08
MTHFS	2.45384	4.48E-13	0.152	0.028	1.45E-08
MITF	1.39474	4.77E-13	0.287	0.121	1.54E-08
IKZF1	-1.36715	5.45E-13	0.123	0.254	1.76E-08
SRM	2.675651	5.69E-13	0.141	0.022	1.84E-08
CDK6	2.035897	5.94E-13	0.181	0.046	1.92E-08
NDRG1	1.867882	6.10E-13	0.247	0.099	1.97E-08
CCDC180	-3.79417	6.16E-13	0.006	0.06	1.99E-08
APOC2	-0.60028	6.54E-13	0.352	0.528	2.11E-08
ANXA4	1.296038	7.00E-13	0.289	0.121	2.26E-08
UBC	0.51729	7.39E-13	0.894	0.817	2.39E-08
EIF4E	1.006679	7.45E-13	0.448	0.264	2.41E-08
AP2M1	0.921855	8.88E-13	0.426	0.232	2.87E-08
DIP2C	3.269433	9.74E-13	0.124	0.014	3.14E-08
PBX1	-2.23674	1.05E-12	0.03	0.115	3.39E-08
GBE1	2.340074	1.08E-12	0.165	0.038	3.47E-08
ABI3	-1.63538	1.13E-12	0.066	0.173	3.65E-08
ITGB5	1.579148	1.20E-12	0.216	0.071	3.87E-08
GNA13	1.39224	1.23E-12	0.285	0.125	3.97E-08
PHLDA1	0.966897	1.26E-12	0.403	0.224	4.06E-08
LAMP2	-0.634	1.37E-12	0.457	0.615	4.42E-08
CCDC28B	-2.05374	1.62E-12	0.035	0.123	5.22E-08
MAF	1.83605	2.09E-12	0.205	0.067	6.74E-08
CALHM6	-6.03894	2.17E-12	0.001	0.042	7.00E-08
FUBP1	1.334776	2.30E-12	0.263	0.105	7.42E-08
PTMA	0.498743	2.60E-12	0.866	0.817	8.40E-08
MPP1	-1.34023	2.62E-12	0.138	0.268	8.45E-08
PPA1	2.131266	2.68E-12	0.157	0.034	8.67E-08
HPCAL1	-0.87326	2.77E-12	0.269	0.413	8.93E-08
MAFF	2.086738	3.22E-12	0.149	0.03	1.04E-07
FAM49B	-0.3877	3.47E-12	0.747	0.857	1.12E-07
SNX24	1.953427	3.55E-12	0.168	0.042	1.15E-07
CYP27B1	2.268758	3.92E-12	0.157	0.036	1.27E-07
MIA2	-0.98898	4.13E-12	0.179	0.325	1.33E-07
ATXN1	1.717355	4.17E-12	0.206	0.069	1.35E-07
DAPK1	2.039451	4.22E-12	0.17	0.044	1.36E-07
RPL31	-0.39224	4.35E-12	0.843	0.919	1.40E-07
CACNA1D	1.260558	4.35E-12	0.237	0.089	1.41E-07
FAM111A	-1.33826	4.42E-12	0.12	0.244	1.43E-07
TMCC1	-1.28511	4.50E-12	0.163	0.292	1.45E-07
MTSS1	2.789429	5.00E-12	0.133	0.022	1.61E-07
PEAK1	1.23314	5.18E-12	0.28	0.119	1.67E-07
UBL4A	1.528251	5.69E-12	0.213	0.073	1.84E-07
DHRS3	1.343056	5.95E-12	0.252	0.103	1.92E-07
NT5DC2	1.838424	6.14E-12	0.202	0.067	1.98E-07
TMEM256	-0.85635	6.94E-12	0.341	0.48	2.24E-07
IL16	-3.36083	7.20E-12	0.006	0.056	2.32E-07
BTG1	0.404962	7.90E-12	0.951	0.909	2.55E-07
PLAUR	0.660117	8.20E-12	0.727	0.577	2.65E-07
CREM	0.812829	8.41E-12	0.5	0.312	2.71E-07
YWHAH	0.797134	8.81E-12	0.512	0.329	2.85E-07
HSP90B1	0.876255	9.20E-12	0.7	0.556	2.97E-07
SCIMP	1.910696	9.52E-12	0.176	0.05	3.07E-07
BAG1	0.912955	1.09E-11	0.408	0.224	3.52E-07
UBE2N	0.711794	1.18E-11	0.543	0.359	3.82E-07
BMX	-7.81754	1.28E-11	0	0.036	4.14E-07
PHF5A	-1.11277	1.39E-11	0.153	0.284	4.50E-07
S100A8	-1.21039	1.42E-11	0.258	0.407	4.57E-07
FRY	-1.50212	1.47E-11	0.074	0.179	4.75E-07
YIF1B	1.424923	1.49E-11	0.229	0.087	4.81E-07
ACOT13	-1.88863	1.61E-11	0.047	0.137	5.19E-07
TUBA1C	0.919997	1.61E-11	0.403	0.224	5.21E-07
CFH	-1.88159	1.73E-11	0.074	0.175	5.57E-07
ALCAM	0.665387	1.85E-11	0.543	0.365	5.96E-07
SEPHS2	-1.6041	2.04E-11	0.046	0.137	6.58E-07
APOE	-0.55352	2.05E-11	0.805	0.877	6.63E-07
SCARB1	-1.9805	2.10E-11	0.047	0.137	6.78E-07
FGF13	5.355426	2.16E-11	0.09	0.002	6.98E-07
RGL1	2.397572	2.34E-11	0.149	0.036	7.57E-07
HIVEP2	1.231754	2.40E-11	0.279	0.129	7.73E-07
CLEC5A	1.459163	2.53E-11	0.247	0.103	8.17E-07
HIF1A	0.732349	2.53E-11	0.493	0.304	8.18E-07
ANKRD37	1.560454	2.54E-11	0.203	0.069	8.20E-07
SET	1.02519	2.54E-11	0.354	0.183	8.22E-07
SLC41A2	5.471391	2.62E-11	0.089	0.002	8.45E-07
TMEM119	5.141769	2.73E-11	0.089	0.002	8.82E-07
FAM20C	2.809514	2.75E-11	0.114	0.014	8.88E-07
EZR	1.314574	3.22E-11	0.294	0.143	1.04E-06
PLBD1	-0.70725	3.31E-11	0.345	0.496	1.07E-06
CDV3	1.546817	3.33E-11	0.205	0.073	1.08E-06
TGIF1	1.24352	3.79E-11	0.313	0.159	1.22E-06
RALA	1.08572	3.95E-11	0.327	0.165	1.27E-06
IRF1	-1.31834	4.12E-11	0.111	0.228	1.33E-06
GPR171	4.298244	4.47E-11	0.095	0.006	1.44E-06
TCF25	0.84972	4.48E-11	0.378	0.208	1.45E-06
TXNDC17	0.882279	4.57E-11	0.444	0.276	1.48E-06
MTHFD1L	1.668366	4.72E-11	0.184	0.058	1.52E-06
ITGB2	0.693558	4.94E-11	0.522	0.347	1.60E-06
HK1	2.187366	5.25E-11	0.164	0.048	1.70E-06
ID3	-0.82747	5.44E-11	0.143	0.272	1.76E-06
MMP12	9.301658	5.85E-11	0.082	0	1.89E-06
AIF1	1.203098	6.13E-11	0.325	0.167	1.98E-06
FNIP2	1.541182	6.13E-11	0.199	0.071	1.98E-06
SUPT4H1	-0.80338	6.68E-11	0.255	0.391	2.16E-06
NRG1	-0.90416	7.34E-11	0.161	0.296	2.37E-06
ETV5	7.320388	7.34E-11	0.081	0	2.37E-06
FAM71F2	4.064013	7.35E-11	0.094	0.006	2.37E-06
ERN1	1.329667	7.78E-11	0.286	0.143	2.51E-06
BRI3	0.816138	7.96E-11	0.503	0.329	2.57E-06
ELOB	0.517005	7.99E-11	0.68	0.53	2.58E-06
FCER1G	-0.20396	8.27E-11	0.978	1	2.67E-06
RTRAF	-0.82046	8.62E-11	0.291	0.421	2.78E-06
SDC1	4.612738	8.80E-11	0.089	0.004	2.84E-06
KLF4	0.63646	8.86E-11	0.567	0.377	2.86E-06
PTPN6	-0.74074	8.94E-11	0.338	0.478	2.89E-06
MTUS1	-1.99039	1.00E-10	0.042	0.125	3.23E-06
H2AJ	-0.5264	1.00E-10	0.571	0.685	3.24E-06
RANBP1	0.915649	1.01E-10	0.434	0.26	3.27E-06
RREB1	1.182606	1.13E-10	0.294	0.143	3.63E-06
AP3S1	0.734388	1.20E-10	0.485	0.302	3.87E-06
PTPRO	-1.24286	1.24E-10	0.099	0.212	4.01E-06
TIFA	-1.42198	1.27E-10	0.092	0.198	4.09E-06
MT-CO3	-0.21734	1.30E-10	0.986	0.998	4.20E-06
DHRS7	-1.20654	1.42E-10	0.087	0.196	4.59E-06
ITGB1	0.941379	1.45E-10	0.325	0.161	4.69E-06
EIF3B	1.302262	1.50E-10	0.232	0.095	4.83E-06
TTC39B	2.750258	1.55E-10	0.114	0.018	5.00E-06
COX6B2	-2.71107	1.61E-10	0.014	0.073	5.20E-06
TMED9	0.584434	1.69E-10	0.612	0.45	5.44E-06
ITGAM	0.765444	1.73E-10	0.48	0.317	5.59E-06
CD274	3.414871	1.78E-10	0.098	0.01	5.75E-06
RPL15	-0.27772	1.78E-10	0.929	0.972	5.76E-06
VPS29	0.86326	2.12E-10	0.4	0.23	6.85E-06
RPLP2	-0.25513	2.35E-10	0.946	0.98	7.60E-06
NDFIP1	0.893634	2.46E-10	0.421	0.26	7.95E-06
IRAK2	0.932082	2.50E-10	0.301	0.147	8.06E-06
HK2	1.658725	2.50E-10	0.192	0.069	8.07E-06
DDIT4	3.065993	2.62E-10	0.111	0.018	8.47E-06
LASP1	1.799124	2.65E-10	0.156	0.044	8.56E-06
PLK3	1.699403	2.68E-10	0.171	0.054	8.65E-06
NLRP3	0.913054	2.73E-10	0.396	0.232	8.81E-06
NDUFS2	-0.98246	2.92E-10	0.198	0.321	9.42E-06
SDC3	3.313552	2.94E-10	0.097	0.01	9.50E-06
FABP7	-2.75927	3.28E-10	0.01	0.062	1.06E-05
ZMIZ1	1.02579	3.32E-10	0.35	0.196	1.07E-05
HCK	-0.71409	3.54E-10	0.238	0.381	1.14E-05
RNASEL	-1.77191	4.09E-10	0.06	0.149	1.32E-05
ROGDI	-2.10012	4.25E-10	0.023	0.089	1.37E-05
RGS18	-2.12939	4.26E-10	0.034	0.107	1.37E-05
SPINT1	2.210653	4.27E-10	0.137	0.034	1.38E-05
SERP1	-0.49092	4.39E-10	0.651	0.734	1.42E-05
F7	7.374091	4.50E-10	0.074	0	1.45E-05
CANX	0.706023	5.00E-10	0.487	0.315	1.61E-05
CCDC125	-4.17608	5.07E-10	0.003	0.042	1.64E-05
PSMD7	1.017733	5.07E-10	0.306	0.155	1.64E-05
PPBP	5.732933	5.14E-10	0.086	0.006	1.66E-05
ACAA2	-1.52788	5.28E-10	0.08	0.175	1.70E-05
GFOD1	2.003029	5.30E-10	0.131	0.03	1.71E-05
MAP4K4	1.326929	5.31E-10	0.255	0.121	1.71E-05
UBL7	-1.51739	5.65E-10	0.064	0.155	1.82E-05
MTHFD2	2.115848	5.68E-10	0.13	0.03	1.83E-05
CD36	2.984639	5.81E-10	0.122	0.026	1.88E-05
MYD88	-1.07289	5.92E-10	0.143	0.262	1.91E-05
WNK1	0.847461	6.02E-10	0.43	0.272	1.94E-05
MAML2	1.84846	6.09E-10	0.176	0.06	1.97E-05
KLF7	1.403703	6.28E-10	0.215	0.089	2.03E-05
RHOC	3.026274	6.38E-10	0.09	0.008	2.06E-05
AP2A2	-1.21518	6.70E-10	0.14	0.254	2.16E-05
VPS28	-0.89378	6.77E-10	0.238	0.363	2.19E-05
SLC11A1	0.818275	6.83E-10	0.46	0.298	2.20E-05
SERPINE1	3.490558	6.96E-10	0.101	0.014	2.25E-05
PRKAR1A	0.790639	7.04E-10	0.42	0.252	2.27E-05
HAGH	-1.51684	7.08E-10	0.063	0.153	2.29E-05
TMEM167A	-0.63053	7.21E-10	0.44	0.569	2.33E-05
CCR5	0.721085	7.42E-10	0.456	0.292	2.39E-05
CNTRL	-1.82879	7.43E-10	0.042	0.121	2.40E-05
ABCC1	2.059982	7.50E-10	0.147	0.042	2.42E-05
ELL	2.052515	7.50E-10	0.141	0.038	2.42E-05
SAMSN1	-0.7925	7.98E-10	0.28	0.407	2.58E-05
GNB1	0.806894	8.41E-10	0.442	0.288	2.71E-05
RIPK3	1.770698	8.45E-10	0.159	0.05	2.73E-05
FLOT2	-1.40345	9.32E-10	0.069	0.161	3.01E-05
PA2G4	1.217906	9.68E-10	0.244	0.111	3.12E-05
TIPARP	0.851321	1.01E-09	0.452	0.312	3.25E-05
CDK2AP2	-0.37371	1.03E-09	0.555	0.688	3.33E-05
SPI1	-0.49451	1.04E-09	0.605	0.702	3.35E-05
RP9	-1.15171	1.13E-09	0.143	0.252	3.64E-05
DIPK1A	-1.79682	1.13E-09	0.051	0.133	3.66E-05
MGAT4A	1.897031	1.15E-09	0.135	0.034	3.73E-05
TMEM176A	-1.61298	1.16E-09	0.086	0.183	3.75E-05
BZW1	0.737129	1.16E-09	0.46	0.29	3.75E-05
CYP27A1	-2.25896	1.19E-09	0.019	0.079	3.85E-05
CDH23	-1.59122	1.22E-09	0.036	0.111	3.95E-05
CYB5R3	1.534423	1.24E-09	0.177	0.062	3.99E-05
MCFD2	1.221664	1.25E-09	0.214	0.089	4.02E-05
STK17B	-0.79981	1.28E-09	0.287	0.409	4.13E-05
RPL36AL	-0.3008	1.28E-09	0.85	0.903	4.14E-05
TNFRSF11A	2.565012	1.37E-09	0.103	0.016	4.42E-05
UPP1	4.405261	1.37E-09	0.079	0.004	4.44E-05
PRDX5	-0.26074	1.63E-09	0.875	0.915	5.27E-05
SYCE2	3.680167	1.65E-09	0.086	0.008	5.34E-05
RAB7A	0.619689	1.69E-09	0.554	0.399	5.45E-05
NPEPPS	1.355805	1.75E-09	0.224	0.099	5.66E-05
SUSD3	-1.28943	1.76E-09	0.108	0.21	5.69E-05
TPD52	-0.38873	1.76E-09	0.766	0.833	5.69E-05
TMEM37	2.053309	1.87E-09	0.135	0.036	6.05E-05
OSM	0.739993	1.91E-09	0.618	0.468	6.17E-05
FLRT2	5.15498	1.98E-09	0.074	0.002	6.40E-05
MPC1	-0.74404	2.05E-09	0.282	0.409	6.61E-05
SFMBT1	2.690867	2.05E-09	0.094	0.012	6.62E-05
CD53	0.403236	2.12E-09	0.895	0.843	6.84E-05
MANF	0.951571	2.17E-09	0.573	0.448	7.01E-05
KCNK13	1.791609	2.27E-09	0.126	0.03	7.33E-05
SOCS2	3.90253	2.30E-09	0.078	0.004	7.43E-05
SNX8	2.224621	2.39E-09	0.115	0.024	7.71E-05
ITGAV	1.587401	2.48E-09	0.181	0.067	8.01E-05
CNDP2	0.712722	2.60E-09	0.494	0.339	8.40E-05
GPR141	-0.89114	2.64E-09	0.129	0.248	8.53E-05
CARMIL1	2.757582	2.66E-09	0.106	0.02	8.58E-05
CD164	1.35254	2.67E-09	0.184	0.069	8.63E-05
NR4A1	-0.64889	2.76E-09	0.432	0.546	8.92E-05
RCSD1	-1.74153	2.80E-09	0.049	0.127	9.04E-05
LMO4	-1.35373	3.12E-09	0.08	0.173	0.000101
ICAM2	-2.37443	3.14E-09	0.022	0.083	0.000101
PDLIM1	-1.7719	3.16E-09	0.045	0.121	0.000102
ABCA9	-3.11157	3.21E-09	0.008	0.052	0.000104
DYNLL1	0.436134	3.21E-09	0.815	0.72	0.000104
SYS1	-0.79009	3.23E-09	0.245	0.367	0.000104
GRK6	-2.09451	3.28E-09	0.028	0.093	0.000106
SKIL	1.19051	3.37E-09	0.215	0.091	0.000109
MID1IP1	-2.3239	3.81E-09	0.022	0.083	0.000123
PRKCG	-2.29655	3.82E-09	0.016	0.071	0.000123
EEA1	1.193622	4.08E-09	0.209	0.087	0.000132
MBNL2	0.851411	4.10E-09	0.425	0.272	0.000132
CCT3	1.042984	4.25E-09	0.277	0.137	0.000137
NCL	0.777348	4.34E-09	0.445	0.292	0.00014
TRAF1	2.005875	4.34E-09	0.129	0.034	0.00014
TMBIM1	1.707387	4.50E-09	0.165	0.058	0.000145
SLC9A9	-1.20511	4.84E-09	0.114	0.214	0.000156
RPL36	-0.31808	5.23E-09	0.839	0.911	0.000169
SNRPD1	0.918587	5.27E-09	0.299	0.157	0.00017
HSPA9	1.140426	5.38E-09	0.265	0.133	0.000174
CPNE3	-1.46834	5.56E-09	0.069	0.155	0.000179
DDI2	-1.40319	5.59E-09	0.07	0.157	0.00018
GPLD1	-6.14983	5.62E-09	0.001	0.03	0.000182
KYNU	-4.16032	6.07E-09	0.003	0.038	0.000196
PLA2G4A	1.044464	6.25E-09	0.269	0.137	0.000202
RPL14	-0.25066	6.34E-09	0.894	0.968	0.000205
ANP32B	0.767525	6.43E-09	0.443	0.288	0.000208
ADAP2	2.179958	6.55E-09	0.132	0.038	0.000211
MFHAS1	3.317544	7.46E-09	0.078	0.006	0.000241
KANSL1L	1.901661	7.67E-09	0.145	0.046	0.000248
LMO1	-3.81238	7.67E-09	0.004	0.04	0.000248
MGARP	7.109209	8.33E-09	0.064	0	0.000269
DOCK7	1.66108	9.08E-09	0.145	0.046	0.000293
NLRP12	-7.20569	9.17E-09	0	0.026	0.000296
METTL1	2.358943	9.25E-09	0.1	0.018	0.000299
RNF149	-0.7256	9.34E-09	0.26	0.383	0.000302
SRSF2	0.639426	9.50E-09	0.542	0.387	0.000307
CCND2	3.089379	9.50E-09	0.088	0.012	0.000307
KDELR2	0.964855	9.64E-09	0.312	0.175	0.000311
EEF1G	0.553426	9.77E-09	0.646	0.528	0.000315
IL1A	3.377988	9.99E-09	0.084	0.01	0.000323
CCDC71L	1.775901	1.01E-08	0.141	0.044	0.000326
P2RY6	0.981777	1.03E-08	0.228	0.103	0.000333
RPL38	-0.26022	1.04E-08	0.847	0.925	0.000337
BTLA	-4.10615	1.08E-08	0.002	0.032	0.000348
DNAJA1	-0.36298	1.09E-08	0.509	0.625	0.000352
INPP5F	-1.60798	1.13E-08	0.022	0.081	0.000365
ACP5	2.304259	1.15E-08	0.112	0.026	0.000372
SLC39A14	1.685862	1.16E-08	0.132	0.038	0.000375
CRELD2	1.370903	1.18E-08	0.24	0.117	0.000381
PDK1	2.407828	1.24E-08	0.102	0.02	0.000399
TECR	-1.06765	1.24E-08	0.141	0.242	0.000401
PRELID2	3.385897	1.29E-08	0.079	0.008	0.000415
PRKCE	-1.13953	1.32E-08	0.088	0.181	0.000426
SCP2	-0.64185	1.36E-08	0.335	0.454	0.000441
KLF3	-0.93375	1.38E-08	0.19	0.306	0.000447
RNF150	3.248314	1.40E-08	0.079	0.008	0.000452
MRPL54	0.650197	1.43E-08	0.404	0.248	0.000463
AGPAT4	1.140138	1.45E-08	0.271	0.141	0.000467
FLRT3	3.452024	1.57E-08	0.078	0.008	0.000506
CX3CR1	-1.4921	1.58E-08	0.057	0.135	0.00051
RBMS1	0.497827	1.63E-08	0.696	0.558	0.000526
RAB27A	-1.91538	1.67E-08	0.018	0.073	0.000541
HINT1	-0.43177	1.68E-08	0.564	0.673	0.000543
GLUD1	-0.61093	1.76E-08	0.321	0.444	0.000567
PGLYRP1	-2.31971	1.84E-08	0.021	0.077	0.000594
AIG1	-1.14804	1.85E-08	0.086	0.177	0.000599
GPALPP1	1.542223	1.93E-08	0.149	0.05	0.000622
ADSS1	0.821881	1.96E-08	0.363	0.212	0.000633
CLIC4	0.963711	1.97E-08	0.308	0.171	0.000636
TMEM71	-1.8852	2.02E-08	0.018	0.071	0.000653
HERC4	-1.08556	2.04E-08	0.098	0.194	0.00066
CIAO2A	-0.52837	2.08E-08	0.488	0.599	0.00067
CIR1	-1.42284	2.08E-08	0.042	0.113	0.000672
SQOR	-1.29441	2.09E-08	0.106	0.2	0.000674
FMO5	-4.78906	2.17E-08	0.001	0.028	0.000701
SLC37A2	2.55637	2.21E-08	0.096	0.018	0.000714
PARVB	2.265466	2.23E-08	0.102	0.022	0.000721
PSAP	-0.16349	2.24E-08	0.962	0.99	0.000724
PAFAH1B3	2.595753	2.38E-08	0.092	0.016	0.00077
ELMSAN1	-1.8083	2.43E-08	0.033	0.097	0.000784
LYL1	-1.76093	2.44E-08	0.048	0.121	0.000788
SNX2	0.693961	2.47E-08	0.476	0.329	0.000796
GSAP	1.107286	2.49E-08	0.246	0.123	0.000803
TIFAB	-1.28024	2.61E-08	0.107	0.2	0.000842
PLD3	2.019193	2.61E-08	0.103	0.022	0.000842
IAH1	-1.50621	2.64E-08	0.075	0.157	0.000854
SBF2	3.803041	2.66E-08	0.069	0.004	0.000858
R3HDM4	-1.25789	2.73E-08	0.086	0.175	0.000882
IL1B	0.373559	2.74E-08	0.88	0.78	0.000883
PTPMT1	1.56288	2.83E-08	0.127	0.036	0.000912
ARID5A	-1.05769	2.83E-08	0.129	0.23	0.000914
PADI2	-2.33976	2.86E-08	0.01	0.054	0.000923
NDUFA4	-0.45367	2.91E-08	0.523	0.629	0.00094
MT-ATP6	-0.16644	3.04E-08	0.988	0.996	0.000983
EGR2	1.806661	3.05E-08	0.133	0.042	0.000985
IMPA2	1.565976	3.13E-08	0.184	0.079	0.001012
ETS2	0.814385	3.16E-08	0.325	0.181	0.00102
PSMD11	0.774449	3.25E-08	0.349	0.206	0.001051
RPS17	-0.27958	3.33E-08	0.863	0.921	0.001076
ERP29	-0.62067	3.50E-08	0.459	0.56	0.00113
KIZ	-2.91071	3.55E-08	0.006	0.044	0.001147
GCSH	1.21536	3.62E-08	0.145	0.048	0.001167
VKORC1	-2.72321	3.69E-08	0.017	0.067	0.00119
ACLY	1.20081	4.02E-08	0.191	0.083	0.001297
CORO1C	0.854855	4.14E-08	0.251	0.121	0.001336
LYAR	1.380021	4.18E-08	0.148	0.05	0.001349
GLRX	0.768207	4.20E-08	0.463	0.325	0.001356
ISY1	1.076774	4.31E-08	0.221	0.105	0.00139
NUDC	1.141232	4.49E-08	0.188	0.079	0.001451
ARHGEF6	-2.02969	4.50E-08	0.018	0.069	0.001451
GALK1	1.709069	4.57E-08	0.115	0.03	0.001476
NDUFB11	-0.8292	4.67E-08	0.301	0.399	0.001508
SLC35B1	0.937237	4.75E-08	0.261	0.135	0.001532
GALNT6	1.74393	4.82E-08	0.114	0.03	0.001556
INO80B	-1.82294	4.87E-08	0.026	0.085	0.001574
NME2	-0.31382	5.02E-08	0.806	0.905	0.001621
HDLBP	0.828775	5.06E-08	0.277	0.145	0.001635
RALB	0.94274	5.19E-08	0.325	0.194	0.001677
MFSD6	-1.58513	5.46E-08	0.034	0.099	0.001763
LMNB1	0.803798	5.57E-08	0.399	0.266	0.001797
RASGRP4	-1.10494	5.60E-08	0.114	0.21	0.001809
ECE1	2.024467	5.93E-08	0.113	0.03	0.001913
ARIH1	-0.75515	6.11E-08	0.325	0.429	0.001972
PEBP1	0.672	6.12E-08	0.396	0.25	0.001976
PNPLA7	-2.31591	6.66E-08	0.022	0.075	0.002149
LTBR	-1.53669	7.15E-08	0.055	0.129	0.002308
BPHL	-2.03781	7.33E-08	0.016	0.065	0.002367
SLC12A9	-2.07747	7.39E-08	0.031	0.091	0.002386
FOSB	0.744214	7.41E-08	0.341	0.204	0.002391
HSD17B10	-1.25452	7.72E-08	0.102	0.19	0.002492
VAMP4	0.604682	7.76E-08	0.51	0.365	0.002505
LRRC59	0.828907	8.14E-08	0.313	0.177	0.002628
TUBB2A	0.903822	8.17E-08	0.177	0.073	0.002639
BIRC3	-0.88844	8.53E-08	0.185	0.29	0.002753
EDEM1	0.882267	8.68E-08	0.317	0.188	0.002804
LBP	-3.47517	8.81E-08	0.004	0.036	0.002843
MET	1.662427	9.22E-08	0.136	0.046	0.002976
CAPN10	-3.66329	9.24E-08	0.005	0.038	0.002983
IL6R	-0.93093	9.29E-08	0.147	0.248	0.002999
NOD1	-2.84715	9.51E-08	0.004	0.036	0.003069
SPRED2	2.388	9.81E-08	0.087	0.016	0.003168
NFAM1	-1.15254	1.12E-07	0.133	0.226	0.003612
IL15RA	-2.86901	1.12E-07	0.006	0.042	0.003617
PPIA	0.264453	1.15E-07	0.936	0.95	0.003699
PSD3	4.185059	1.16E-07	0.063	0.004	0.00373
TULP4	1.696577	1.18E-07	0.114	0.032	0.003812
IGBP1	-1.5228	1.19E-07	0.069	0.145	0.003841
MT-CO1	-0.19899	1.21E-07	0.983	0.998	0.003915
CUTA	-0.75411	1.22E-07	0.234	0.339	0.003924
SP110	-1.26636	1.25E-07	0.079	0.161	0.004051
HCST	-0.94383	1.28E-07	0.118	0.214	0.004118
ATP5MD	0.533333	1.29E-07	0.483	0.335	0.004172
AUH	-1.11126	1.42E-07	0.105	0.194	0.004577
CREG1	-0.49134	1.43E-07	0.313	0.425	0.004602
YWHAE	0.438932	1.48E-07	0.693	0.571	0.004789
TREML4	-1.68072	1.49E-07	0.039	0.103	0.004806
PSMB9	-1.30106	1.51E-07	0.098	0.181	0.004883
INSIG1	2.036344	1.56E-07	0.102	0.026	0.00504
SAR1A	0.704978	1.60E-07	0.316	0.183	0.005169
MAP3K5	-1.1014	1.64E-07	0.146	0.24	0.005286
AFG3L2	1.94308	1.66E-07	0.102	0.026	0.005363
IMPDH1	2.048935	1.70E-07	0.095	0.022	0.0055
MRPL4	-1.03291	1.71E-07	0.136	0.228	0.005527
ARHGAP30	-0.97291	1.73E-07	0.186	0.286	0.005573
FNIP1	1.007861	1.74E-07	0.25	0.133	0.005617
RUFY3	2.073569	1.77E-07	0.098	0.024	0.0057
RHOB	1.025752	1.77E-07	0.315	0.194	0.005719
LDLRAP1	1.689356	1.77E-07	0.099	0.024	0.005729
NBDY	-1.65109	1.79E-07	0.048	0.115	0.005778
LPL	2.832408	1.85E-07	0.106	0.03	0.005982
LRWD1	-2.01162	1.89E-07	0.022	0.073	0.006113
NUFIP1	1.498329	1.90E-07	0.136	0.048	0.006125
RAP2A	1.393616	1.91E-07	0.137	0.048	0.006172
CISD1	-1.76686	1.93E-07	0.053	0.121	0.006241
NEK6	1.987062	2.00E-07	0.098	0.024	0.006466
MGAT5	1.214931	2.10E-07	0.153	0.058	0.006781
SAT1	-0.35017	2.11E-07	0.683	0.75	0.006825
ATP5PB	-0.44942	2.13E-07	0.662	0.704	0.00689
NDUFB3	-0.79188	2.14E-07	0.245	0.343	0.006909
SYNJ1	-1.03377	2.14E-07	0.121	0.212	0.006914
CD200R1	1.290309	2.20E-07	0.163	0.069	0.007089
NFE2L2	-0.4381	2.31E-07	0.48	0.593	0.007449
RAB20	0.768209	2.37E-07	0.313	0.185	0.007636
CRTC3	0.881826	2.41E-07	0.341	0.218	0.007777
METRNL	0.561621	2.51E-07	0.542	0.399	0.008115
NFKBIA	0.604371	2.57E-07	0.783	0.694	0.008287
INPP4B	-3.40604	2.62E-07	0.003	0.032	0.008444
ACOT1	-3.18202	2.66E-07	0.003	0.032	0.008574
IRF5	-0.61933	2.70E-07	0.365	0.47	0.008707
ACSL4	1.412118	2.72E-07	0.129	0.044	0.008781
SPINK2	-2.95551	2.76E-07	0.008	0.044	0.008911
ZFYVE9	-1.17146	2.76E-07	0.065	0.141	0.00892
DYNC2LI1	-4.83743	2.90E-07	0.001	0.024	0.009371
SVIL	-0.60651	2.93E-07	0.265	0.369	0.009457
OSTF1	0.443281	2.97E-07	0.725	0.641	0.009588
PGLS	-0.77721	3.09E-07	0.286	0.377	0.009987
MPP7	0.965927	3.10E-07	0.282	0.167	0.010023
ABTB1	-2.05254	3.12E-07	0.018	0.065	0.010065
SSBP2	-1.64121	3.33E-07	0.035	0.095	0.010739
ARHGAP10	2.106204	3.35E-07	0.099	0.026	0.01082
BACH1	-0.94981	3.46E-07	0.124	0.216	0.011161
UBAC2	-1.0693	3.47E-07	0.105	0.192	0.011207
TESK2	-2.61491	3.64E-07	0.007	0.042	0.011743
ZFAND5	-0.55749	3.66E-07	0.46	0.548	0.011825
MPHOSPH6	2.181687	3.67E-07	0.089	0.02	0.011864
TBCB	0.637303	3.74E-07	0.423	0.278	0.01206
CHURC1	-1.19527	3.82E-07	0.095	0.177	0.012327
DCLRE1C	-1.14369	3.92E-07	0.078	0.159	0.012653
CTDSPL	-2.19472	4.01E-07	0.019	0.067	0.012935
THEMIS2	-1.97768	4.03E-07	0.017	0.062	0.013022
FES	-0.92599	4.21E-07	0.152	0.246	0.013599
NFE2	-2.31154	4.22E-07	0.012	0.052	0.013638
ST13	0.81859	4.32E-07	0.268	0.147	0.013955
SEC61B	-0.34437	4.52E-07	0.739	0.77	0.014587
SGK3	-1.03473	4.82E-07	0.134	0.222	0.015558
PIP4K2A	-1.39355	4.84E-07	0.114	0.196	0.015611
ATP5MG	-0.32087	4.94E-07	0.777	0.861	0.015949
MRPS35	-1.74531	4.94E-07	0.027	0.081	0.015954
GRK5	-0.78151	4.95E-07	0.202	0.304	0.01598
CTSH	-0.28316	4.96E-07	0.679	0.794	0.016018
LRRC20	-3.70965	5.03E-07	0.002	0.026	0.016223
SGMS2	1.054401	5.06E-07	0.206	0.105	0.016345
MRTO4	1.151137	5.10E-07	0.143	0.054	0.01645
PDE8A	1.6454	5.11E-07	0.096	0.024	0.016496
ODC1	1.43855	5.19E-07	0.137	0.052	0.016747
DNAJC25	2.061905	5.20E-07	0.085	0.018	0.016793
CAPN2	0.792487	5.23E-07	0.272	0.153	0.016895
PSMB8	-0.3691	5.59E-07	0.466	0.579	0.018042
P4HA2	7.065535	5.63E-07	0.049	0	0.018186
SERINC3	-0.80787	5.80E-07	0.204	0.304	0.018732
NOP56	0.978004	5.93E-07	0.162	0.067	0.019142
ADAMTSL4	3.27203	6.00E-07	0.062	0.006	0.01938
SOD1	-1.41371	6.28E-07	0.074	0.147	0.020283
SLC44A2	-1.3975	6.29E-07	0.046	0.111	0.020302
ACTA2	-1.78325	6.37E-07	0.018	0.065	0.020563
MAP2K1	0.827061	6.43E-07	0.348	0.226	0.020761
EIF5A	0.390804	6.45E-07	0.776	0.696	0.020836
SLC38A2	0.779776	6.51E-07	0.349	0.226	0.021002
RPLP1	-0.22981	6.56E-07	0.898	0.964	0.021168
TMEM179B	-0.81447	6.64E-07	0.162	0.26	0.021425
SORT1	-2.44346	6.74E-07	0.014	0.054	0.021764
ATF4	0.773301	6.78E-07	0.368	0.242	0.021886
RPS10	-0.24591	6.98E-07	0.875	0.925	0.022551
PRPF31	1.312929	7.00E-07	0.125	0.044	0.022588
ANXA5	0.474528	7.20E-07	0.677	0.575	0.023259
POLE4	0.851771	7.26E-07	0.211	0.105	0.023432
BCKDHA	-1.68468	7.26E-07	0.028	0.081	0.023436
PTPN7	1.410648	7.46E-07	0.12	0.04	0.024094
ASAH1	-0.66043	7.84E-07	0.333	0.421	0.025313
CTSS	-0.16524	8.01E-07	0.906	0.98	0.025855
EGR1	-0.86765	8.03E-07	0.267	0.363	0.025939
SLFN5	-0.9141	8.09E-07	0.114	0.202	0.026109
MATK	1.407354	8.36E-07	0.133	0.05	0.026988
RAB11FIP1	1.153	8.40E-07	0.185	0.089	0.027118
PAK1IP1	-1.20429	8.42E-07	0.111	0.192	0.027172
RACK1	-0.30177	8.59E-07	0.706	0.804	0.027744
DDX21	1.283247	8.68E-07	0.137	0.052	0.028013
CXCL14	7.156684	8.75E-07	0.047	0	0.028252
NIPSNAP3B	0.777104	8.82E-07	0.229	0.119	0.028475
CD37	-0.94201	8.86E-07	0.15	0.242	0.028598
GAR1	1.512773	8.95E-07	0.115	0.038	0.028907
SRA1	0.664063	9.04E-07	0.331	0.208	0.029186
NQO2	-2.10984	9.08E-07	0.033	0.087	0.0293
NOL4L	4.897887	9.74E-07	0.051	0.002	0.031461
HADH	-2.20366	9.80E-07	0.022	0.069	0.031646
RYBP	1.260029	9.80E-07	0.162	0.073	0.031646
TNRC6B	-0.91633	9.88E-07	0.094	0.177	0.031909
ALKBH5	1.265751	1.02E-06	0.146	0.06	0.032989
ADGRG6	3.187507	1.02E-06	0.063	0.008	0.033062
PIK3AP1	1.154258	1.02E-06	0.193	0.097	0.033067
TPGS1	-1.03977	1.04E-06	0.088	0.165	0.033659
PRKCB	-0.92967	1.05E-06	0.131	0.22	0.033882
LRRC58	1.360335	1.12E-06	0.123	0.044	0.036003
BTBD9	0.653492	1.16E-06	0.357	0.238	0.037552
MBOAT7	-1.04549	1.21E-06	0.099	0.179	0.039084
TNFRSF9	5.587006	1.21E-06	0.05	0.002	0.039179
THAP11	-1.48133	1.25E-06	0.038	0.097	0.04032
GNG10	-0.63431	1.25E-06	0.376	0.466	0.040327
MGST3	-1.43963	1.28E-06	0.036	0.093	0.041218
VHL	2.360429	1.28E-06	0.07	0.012	0.041227
SH2B2	1.06211	1.28E-06	0.202	0.103	0.041443
NFAT5	0.839368	1.28E-06	0.246	0.135	0.041476
ITGAL	-1.46409	1.35E-06	0.042	0.101	0.043448
FUOM	-2.35381	1.35E-06	0.011	0.048	0.043739
PNRC1	0.609052	1.37E-06	0.536	0.397	0.044301
PNP	-0.60594	1.39E-06	0.254	0.355	0.044897
NFIL3	-0.62255	1.42E-06	0.336	0.435	0.045735
IZUMO1R	2.235391	1.42E-06	0.066	0.01	0.045988
LRRK2	-1.94699	1.47E-06	0.015	0.056	0.047383
ATP5F1B	0.334107	1.48E-06	0.763	0.673	0.047626
ECHS1	-1.08702	1.53E-06	0.096	0.173	0.049467
TMEM205	-1.37239	1.54E-06	0.052	0.115	0.049636
ITGAX	3.715176	1.54E-06	0.058	0.006	0.049849
