	SScmap	SSfisher	SSlincs	SSlincs_Norm	SSpearson_corr	SSspearman_corr	SSzhang	SSzhang_Norm
drug_1.txt	0.069873097330748	-0.7234918748753435	-0.026130737714165464	-0.08005372041986669	-0.07999279001101495	-0.07096683211457462	-32.17322069624214	-1.5447046051703204

drug_10.txt	0.183144791856143	-0.7158782289663955	-0.2668308681247644	-0.6677434600004625	-0.08482199073651825	-0.10757023459975731	-29.721881895728355	-0.5563921699229791

drug_100.txt	0.0755348888811486	0.9985478105974366	0.056964798571873226	0.07473690924503146	0.01930369891187489	-0.03930055256422997	-24.828722458255115	-0.18248691085786783

drug_101.txt	1.70555678110741	1.1252608294465576	0.08673802150599921	0.16158157694736608	0.0006899290431212316	0.013202625067690281	-25.481540032276126	-0.10247293658614483

drug_102.txt	1.73721742966945	1.176513138729688	0.0011576693121952975	-0.0012257529524229427	-0.024078440499841106	0.006917620462389928	-16.197757138622666	2.1970624010273285

drug_103.txt	1.72334753683428	-0.9561771135592851	-0.002550915462768366	-0.016375962286549695	-0.024348087982389185	-0.0037123171393875936	-23.38642426637684	0.9797203302015592

drug_104.txt	0.094156955780799	1.0059700090368198	0.007592256042518869	0.017763019253600132	-0.014397950906900712	0.000727509219735677	-16.077215690149195	2.7043769317153235

drug_105.txt	1.82299341685147	-0.8833910681498336	0.020033485470707046	0.024868321372678637	-0.006236985382564089	0.04445097085803838	-21.877004907288477	0.6040370922477508

drug_106.txt	0.0105602578045076	0.9564011948900115	0.049538445718103424	0.06937404180146478	-0.011990818400637706	-0.0676119995592765	-16.698070019431544	2.0569087334224636

drug_107.txt	1.92826690197262	-0.5977371455906894	-0.01521619642278818	-0.04541707512905718	-0.042835666913974994	-0.08434487196297843	-32.37091196522083	-2.1512043784582358

drug_108.txt	0.161116464837627	-0.636432602515524	0.004059760404939772	0.0010717071420228153	-0.05525647971332532	-0.08983483341192063	-29.741692191153707	-3.2768029292969514

drug_109.txt	1.71164377464811	-0.6368443054597175	0.009892713062416153	0.010440302405559043	-0.04016808169469716	-0.07251468830795077	-28.993347165958568	-0.9749925777560573

drug_11.txt	0.15539571779282	0.8600910103904671	0.023550781792391368	0.04353327473369922	-0.05553107681217705	-0.0711259420305659	-26.43347165958568	0.8062347595449086

drug_110.txt	1.74504173971601	-0.6884132730664294	0.012253560236632544	0.016810440577337327	0.04438319670308565	-0.002406200059184325	-19.00194315449725	0.9722962330423143

drug_111.txt	1.85592541420427	-0.7516726062392466	0.007312459447342073	0.0006153929042530537	0.03326717317692385	-0.036681436542048806	-22.886770082007708	0.3852109769867778

drug_112.txt	1.7415516260493	-0.7705201859870856	-0.02233767476919038	-0.05252895214314052	0.02622949558661332	-0.025817899426501575	-16.151516648552516	3.0109705426736277

drug_113.txt	1.80920479745498	-0.5494329514361246	-0.044543691308885136	-0.10740637505773493	-0.005982258391859276	-0.09170479885370182	-28.36794783124197	-0.8809981048699466

drug_114.txt	1.79422726375553	-0.8048650799569822	-0.044746027448105546	-0.1167973403062908	0.004803538941088346	-0.029384177417607824	-26.005253104106973	-0.6794749684326377

drug_115.txt	1.83730799150112	-0.6441852988521556	-0.049281256305377025	-0.10200136830376838	0.011396525389020692	-0.05462301323398158	-24.189539900536836	-0.5056632503401833

drug_116.txt	1.79040702512123	-0.7238313072309528	-0.02496294723706516	-0.04975419088864402	0.035254741486858775	-0.03888406884815671	-18.01090142607779	2.1935839317562

drug_117.txt	1.85064264069013	0.861046242262338	-0.019745994170764808	-0.05382803090381455	0.03767294513118574	0.01220525070103757	-13.98580509172348	3.0664126408019188

drug_118.txt	0.0782308449470497	0.8444512207982158	-0.019774028047094466	-0.058514198694639696	0.05997551458995071	0.010966437326806276	-16.20767052004084	3.232065340482906

drug_119.txt	1.8195392957076	-0.6964985971462714	-0.013539362528803306	-0.04195702242173305	-0.004493908219593527	-0.08244818652493116	-12.401426077792049	1.9015871175586936

drug_12.txt	0.18465183361908	0.6686929202421443	0.03369434996300699	0.050364763335529805	-0.039794681350785	-0.05309351786992702	-10.934525573889273	5.684703701274957

drug_120.txt	0.0805274001142988	-0.8071599228675665	0.002556149065052832	0.015711903136173322	0.037288079044429746	-0.0035824187093022493	-14.939103514145506	6.369483641527125

drug_121.txt	1.92981922465139	-0.9992347896551377	-0.034762893887749	-0.07801372157266401	0.02994485009265762	-0.03802569504632781	-16.99914369462833	2.516080886926916

drug_122.txt	0.0459339414650635	-0.5969683445449442	-0.002743961608165535	-0.021621957405376258	0.03604050248067654	0.07050967280885719	-18.78500148206699	1.7371389206949608

drug_123.txt	1.8387105388429	-0.6611638783463663	0.04085112497424198	0.049867930874860356	-0.015289935175762548	-0.03329566504513853	-16.598985607482792	1.4855738230421884

drug_124.txt	0.0618101271864813	-0.5647123624798471	0.017386663547178327	0.02138715826693821	0.040456763137808355	0.05213895676922966	-19.76728254783783	1.120376661524777

drug_125.txt	1.95113260342045	-0.5166240310275565	-0.030294529685984506	-0.07346615766257142	0.01968215889033638	0.014212159141351688	-22.32748740243059	1.186196965700453

drug_126.txt	0.0558643946225365	-0.6730087220444262	-0.02368394085176212	-0.06383736644149629	0.03872375103587978	0.035025605979994004	-20.925978987583573	1.2887924873027945

drug_127.txt	0.054620911010745	-0.7033035023220702	0.017857796239759693	0.008867078580779564	0.047182502723031386	0.018566458247390165	-19.89997694562461	3.4589593227150135

drug_128.txt	1.93286465650362	-1.0054202965918306	-0.020210821410360347	-0.0538486614205087	0.03385135220542293	-0.030587985459306785	-23.8072489543194	1.2061207368702551

drug_129.txt	0.0631534610229358	-0.8615898938692329	-0.02264557248223409	-0.05989811534322653	0.011057747029560337	-0.018471540057192818	-24.53973586272766	0.6690675758693224

drug_13.txt	0.159330513274017	0.6419167214111465	0.030636431107908646	0.04262406591214224	-0.042550615007940676	-0.06013345559422832	-15.318595000494023	1.7290335695495689

drug_130.txt	0.0654000910778535	-0.5378829415847165	-0.018824859970101387	-0.038026321166471644	0.022369600923398004	-0.004460540939307045	-19.098623324440933	1.1937545259398592

drug_131.txt	1.78743744847845	-0.8061607726950026	-0.03059049416173057	-0.0626391839590616	-0.016933885651851256	-0.023452467922822386	-20.910483153838552	1.0493839986220896

drug_132.txt	1.91308966782385	-0.6370288123220311	0.013796883463137816	0.018330285195515328	0.029817226409892466	-0.0010870664485390794	-17.50523663669598	2.2760734677334065

drug_133.txt	0.0458387354368964	-0.6835268770228914	-0.034683544574081404	-0.08112401009296816	-0.013291048765179484	0.002358840656999598	-17.294420841155354	3.8026635047840855

drug_134.txt	1.85472721150832	-0.8408091759614839	-0.050322814007875916	-0.10523596323495443	0.010971035011140858	-0.015872937736391764	-17.60769686789843	2.253555615978338

drug_135.txt	1.87121178697071	0.9415010787827731	0.02029326456086908	0.03126445737561856	0.03439388561865275	0.057582887581732245	-20.192701643447617	1.4539095556428554

drug_136.txt	0.0892190138564763	-0.8192700615888013	-0.016092144134996517	-0.03690769250192055	0.041335354691364436	0.00574007604773637	-19.548018970457466	2.5785999708299316

drug_137.txt	0.0645014390558865	-0.7133692333175026	-0.017648502148713135	-0.04456706720369813	0.04531407168743118	0.02441183403373944	-16.570217040476898	3.439638251774087

drug_138.txt	0.0817256028102549	-0.903827167466721	-0.006616391900902463	-0.047491565503821276	0.043904843501346935	-0.007939686501420469	-16.602888383888285	1.8011585528530099

drug_139.txt	0.073292903022727	-0.7803670466347736	-0.008455377688036503	-0.028052199108132725	0.04493783328820857	-0.04136796477584874	-20.3461120442644	2.8641990216859874

drug_14.txt	0.180348985565579	0.9398151754257411	0.007544817342937216	0.013939052810722552	-0.054228796987423694	-0.025406243458338647	-28.865477719592924	-0.5933085849536522

drug_140.txt	1.87999860674105	0.8267691212555793	0.016247014180979347	0.016680900398431953	0.04995785270767681	0.03661033527651862	-16.305536343576062	4.268714843685226

drug_141.txt	0.0905623476929308	-0.9490650772697863	0.024108859289733775	0.03477097612139313	0.05979693132148925	0.027917370460937337	-17.874551263050424	2.5973363835183334

drug_142.txt	0.160029464846658	-0.8456527166731291	-0.022007061400957567	-0.08767876764684324	-0.079110059473926	-0.0646435605131793	-19.596597832888712	1.1124432056806168

drug_143.txt	0.149395415920048	0.7555179997619037	0.005445181056739301	0.010881233565421977	-0.04026117726758355	-0.012063045242781416	-12.512762243520074	2.4219762130797573

drug_144.txt	0.154532155255489	-0.8483327862550812	-0.005853621851267116	0.0	-0.0454359332566766	-0.08019664055521361	-15.130767710700523	1.6939306888304464

drug_145.txt	0.157427811770716	-0.8075658129563126	0.010995779638668879	0.07016117139648226	-0.03462247070762735	0.017061684579678785	-18.44256167045417	1.5854555534867687

drug_146.txt	0.0807428392295279	-0.8019571059828161	-0.01995162983495205	0.0	-0.045921998272359744	-0.035184485592225985	-16.267924776866582	2.097651403007543

drug_147.txt	0.0431991547562378	0.6773218535041448	0.009537937963667614	0.08960814758617147	-0.024596878969309476	-0.006663931211703767	-22.807133682442448	-0.3704559162584283

drug_148.txt	0.0516364987402618	0.792779664949973	0.010499780207129855	-0.0038703015354411008	-0.04250033341712671	0.01899888953635735	-17.171820966307678	4.285585004624846

drug_149.txt	0.0727548212564875	-0.7427474540289132	-0.0027838167010716675	0.02027481984110413	-0.038905489243641976	4.8283322126917546e-05	-21.155600566478938	1.9014204949304094

drug_15.txt	1.74677712114	-0.9390049616478879	0.01800829959481684	0.008173473776077855	-0.05436001793043133	-0.05592351696079456	-27.557784145176694	0.12882638984247508

drug_150.txt	0.178695909623936	-0.8863967739513077	-0.0069213045566829945	-0.06149116126557652	-0.040305257581689916	0.011000813769901968	-16.533050093864244	2.0269387239043737

drug_151.txt	0.0384063439724136	-0.8967423713965154	-0.02130087473640971	0.10193444578412536	-0.04314330874132605	0.0013234711391855204	-16.385567961005172	2.538338629968174

drug_152.txt	0.0924308627498031	0.6412956538499672	0.048228289675876584	0.16469885312955945	-0.0057837406855558715	-0.027769820251647426	-10.702911438263676	2.9664605414874434

drug_153.txt	0.183094866743812	-0.7115261664112922	0.0011953016510556913	0.024253172930503553	-0.062421699190440376	-0.06621884559059836	-20.336511543655106	0.22135309862866107

drug_154.txt	0.193778840782754	0.94569412003487	-0.03431539277560028	-0.07526695208061918	-0.060529731574698785	-0.061528619544365414	-6.145637782827784	4.479959115194918

drug_155.txt	0.187787827302973	-0.7942670239387272	-0.030213796632435286	-0.0671492883959609	-0.08216457895072146	-0.03894655251420972	-15.888729703915951	1.8809870629202823

drug_156.txt	0.161236052897398	-0.7494133650632436	0.01221490577181053	-0.024008925457917107	-0.03332022331868782	-0.015380357150485168	-18.448489938411882	0.6224265194557131

drug_157.txt	0.0297193744267321	0.8117527059991623	0.028564544798058505	0.0	-0.038197973332089796	0.0025762963802827906	-18.37548990547706	0.6242949168493888

drug_158.txt	-0.0225022930720198	-0.6517660246298984	-0.03642592318013063	0.0	-0.08080060494651427	-0.016157719171259074	-22.751984323024733	-0.052922011356604015

drug_159.txt	0.0666639575520441	0.7449479368240698	-0.034906972086975324	0.0	-0.0725322113315472	-0.01618447414007591	-19.191384250568127	0.5981991826915348

drug_16.txt	0.160787629924622	-0.9007039297947054	0.0277931208156397	0.050090449769506884	-0.06786336399253241	-0.053317355600718395	-28.942051180713367	-0.782440893453767

drug_160.txt	0.160179240183652	-0.7537502410849524	-0.018541145336544607	0.0	-0.06357489103313455	-0.06526233094492805	-20.36264532490202	1.1240442933501722

drug_161.txt	0.203713938136723	-0.7793797043871118	-0.026677524420616522	-0.004932664866379777	-0.04956199266225965	-0.03863077230461188	-19.966587623093897	1.0209345267568788

drug_162.txt	0.175206698995435	-0.9406640264743655	-0.016194372960971315	0.07279701900780372	-0.07565701131431539	-0.06632966160505167	-18.467180449889668	0.8975663754817398

drug_163.txt	0.0251761892045653	-0.796925215333951	-0.026441964141516533	0.0	-0.06909697641592921	0.006434193347907911	-16.22738201100023	2.6805143842623567

drug_164.txt	-1.77313216222178	-0.7791993254952024	0.24167333163904264	0.7766457564217071	-0.06382880605022073	0.004582403320849406	-17.790995619668674	1.5406633352412318

drug_165.txt	-0.00228262257776124	0.928333667002315	0.2518428879091259	0.7751343133722319	-0.05101619534736893	0.002822368656663312	-18.619158185950006	1.7091108441938678

drug_166.txt	0.127223118810157	-0.7818240259264622	-0.015364000528843319	-0.01784140174255	-0.045304434959981474	0.004689965561966896	-15.279682508316043	2.2236720683125766

drug_167.txt	0.158376388905015	0.90043142784096	0.34915944216587985	0.8784500960262516	-0.005746411724918187	0.026332506084835283	-16.368952343312586	1.499506791792162

drug_168.txt	0.191382435390841	-0.858092258768162	0.005835128379062304	0.023996794281710532	-0.029586497548943238	-0.03933712324499214	-9.852089714455094	3.2635767061803453

drug_169.txt	0.0913768881561379	-0.8580415228433964	0.2736249079856705	0.7544010861018002	-0.0478654224853837	-0.0026160123729792872	-20.98712248460297	1.0648869605795273

drug_17.txt	0.0206968616842178	1.0610301559723627	0.014993505873513696	0.023168404330794257	-0.06835503260981095	-0.04941873088555223	-30.319681849619602	-0.21964820963425466

drug_170.txt	0.0693099885056138	-0.6502599830770276	0.02727839778539501	0.05307531851594771	-0.06609593208500161	-0.08042229478785602	-20.600401804828245	1.6003916876905644

drug_171.txt	1.78802726143343	-0.6966920637366429	-0.010118337885576256	-0.019659788195410255	-0.012049525149237168	0.012917267828840014	-21.60639594242993	0.5871710184301103

drug_172.txt	1.94119750606648	0.9198365410669174	0.061301339052153625	0.11706791809002276	0.045086722574895724	0.05263957174834412	-25.135477390244706	0.2871653084726728

drug_173.txt	1.74678911864761	1.0704344698624535	0.03241015678977252	0.04810594627734821	6.382867445274977e-05	0.001288613386531244	-24.614020353719987	-1.328769315652514

drug_174.txt	1.6267749538483	-1.130304972622095	0.005814041467364445	0.005453250579067093	-0.029313705007021577	-0.002959809792738968	-24.8766755590686	-0.4500448436699153

drug_175.txt	1.80610015209744	0.746414738633459	0.038829940610684927	0.09180106928131687	0.04427928265328195	0.01407550236370399	-17.966472351216943	0.38344860076856746

drug_176.txt	1.745191515053	1.0163645180042034	0.024256950526366117	0.05476795566664383	0.00978843949208992	0.009924033625033763	-15.919342620953135	0.6797311554240489

drug_177.txt	1.93400828989075	0.7568298182177381	0.05751117553369145	0.12039813846618552	0.03926155572682297	0.005432688851798929	-12.064157033231236	1.4148934021965982

drug_178.txt	1.94284503477342	0.8879604657742695	0.023319083891465753	0.02645297519276263	0.036456791952628825	0.057595316548802664	-19.907601356914665	0.25080707855732715

drug_179.txt	1.93041368180288	-0.9030882997030305	0.00707572138339474	0.018966537654129645	-0.011790611679559259	-0.0122722139334936	-24.14209728946415	-0.24326313240810898

drug_18.txt	1.71911860890834	0.7009010684526141	0.0569615061934266	0.12143604971887112	-0.011980080157828824	-0.05202146296944552	-18.61434970193986	1.436669873692798

drug_180.txt	1.89416805025021	0.8629689588260067	0.022650742139933067	0.03603387881342923	0.044389812112010436	0.020572074477431642	-23.27439646938708	0.056499823980042926

drug_181.txt	1.88588048160318	0.8040541129979482	0.06375746279659861	0.1438728601235172	0.048752548630151264	0.026640968096035354	-24.337680729835654	-0.023730359221173784

drug_182.txt	1.92092791045989	0.8077650393884569	0.03892669855297759	0.07269639252250465	0.021602873191656134	-0.0013912427370265943	-23.6818660870138	0.6203595834431468

drug_183.txt	0.0988610108093673	-0.8793532693334414	0.007159401573924057	-0.00014423256421197683	-0.00019213275790575549	0.007272555058749375	-24.427428119751013	-0.2208384783785105

drug_184.txt	1.76256545414436	0.8357498560594288	0.04786972987377053	0.06866104998766775	0.04015749752345107	0.04032640974294394	-22.362233639627178	0.6268329615478321

drug_185.txt	1.94389346213238	-0.7401249402443162	0.014303887923569458	0.0216401675229701	0.008741482686372018	0.015284963194407922	-22.39474030892863	0.6580671673588749

drug_186.txt	1.77334927840797	0.6746469329384261	0.05598082745249558	0.10483200716015662	0.0391919688826952	0.0034071435657919403	-21.380117247966275	1.275963457061027

drug_187.txt	1.77864134031511	0.8944481785513257	0.019431238736958872	0.009019643207088146	0.014082754318049643	0.022496259984610984	-26.08320982775088	-0.4513447873867992

drug_188.txt	1.81833180461865	-0.9524768227485854	0.05684455604165939	0.13003484399428922	0.03700437592908278	-0.02549213925382126	-14.145077890854	1.6415609635070154

drug_189.txt	1.91413809518281	1.0984783351582927	0.035083391084650084	0.06859203498373334	0.02457103153323684	0.07597154652629526	-24.245891380957087	0.42580018957599375

drug_19.txt	1.69969774021139	-0.7839542702173015	-0.01145669586938719	-0.061783517168778446	-0.07640033170323224	-0.04335408529287858	-30.137931034482758	-1.8598883961030586

drug_190.txt	1.79711363187776	0.7610728151148496	0.05150022027814438	0.11472742789507251	0.037516703016621716	-0.012648140264108395	-9.011560122517539	4.2446169025804705

drug_191.txt	1.83739855333279	-0.6281602786854057	0.024768189741172758	0.04871059545670642	0.022141892248229513	-0.032174998623391085	-18.47235121694167	0.42284492101864585

drug_192.txt	0.075285263319491	0.7743606732173496	0.007678535265327691	0.008230672124754312	0.028034873386484027	-0.018736660640899294	-10.269670322431907	4.065466766535437

drug_193.txt	1.76206620302105	0.7748933396934652	0.07650224184674709	0.13042935503312042	0.053522348646539875	-0.031148664690092528	-19.40269406843856	1.3308685991675668

drug_194.txt	1.77869126542744	-0.9505847474306106	0.04175062401642474	0.09810444554057574	0.04252760197610439	-0.014907552502390842	-11.473125185258374	2.2785176659976645

drug_195.txt	1.93855147511291	-0.6753076869289347	0.05590770530203737	0.11363882559956423	0.07202055140218978	0.07585359112342312	-24.29206600138326	0.6693658965472009

drug_196.txt	1.86597893856889	0.685156642937699	-0.005700533968024918	-0.02057272580378805	0.018715733285537824	-0.02075840575051327	-14.628824556203273	3.752697246557376

drug_197.txt	1.76810714161316	0.8814045428752926	0.006195627861210279	-0.009633974213491991	-0.012562156162703049	-0.04052860155515081	-24.98508052563976	0.7200817110710814

drug_198.txt	1.78493190446888	-0.7205956322931221	-0.008700141312304815	-0.027696999003269884	0.010628699474770886	0.015455663169030603	-27.622319928860783	-1.3179365494839606

drug_199.txt	1.85213110566708	0.6115665244920974	0.05207280740964407	0.09897476848075454	0.027295787236390683	-0.040122658318177115	-22.572291934262097	2.740970536316561

drug_2.txt	-1.5707856819422	-0.6034185177567071	-0.039089691919514655	-0.13343061602196926	-0.10102981377843988	-0.06510392893961607	-30.491255804762375	-0.6350421167941154

drug_20.txt	0.0564432421135739	0.9055704213908565	0.0006824519914764848	-0.021761800547696164	-0.06270307756185864	-0.02862331045904187	-29.23085663471989	0.29732725744508665

drug_200.txt	0.0785710323403783	-1.2037295011662386	0.0031196105141156893	-0.012372865244798081	0.029000341515903607	0.07823744760700987	-21.236521424101703	1.086341852309584

drug_201.txt	0.0415265989904032	-0.8116387010165822	-0.03589287515066347	-0.07811447519472225	-0.09790087971420026	-0.11253412361565444	-22.64458386852419	0.49340685204372653

drug_202.txt	1.87619965400736	-0.7930220579979192	-0.05909771964611166	-0.11947100769033286	-0.07658114530653758	-0.09110510139011035	-21.053305009386424	0.6400132374198003

drug_203.txt	1.7561297588501	-0.6289800611492882	-0.05974442736544164	-0.1225856316815791	-0.10694158793279665	-0.1139738887939196	-20.38013371537727	1.1109475837604228

drug_204.txt	0.0851251546452931	-0.5079173585154685	-0.35546861820777254	-0.9222667591334963	-0.08445174902174953	-0.09489464598466263	-21.286220070480518	0.40004750591081106

drug_205.txt	0.0489155156154657	-0.5048345602884456	-0.3942504037320236	-0.9406119843672349	-0.1276949931662046	-0.11752343680307524	-23.5432598886803	-0.7572443775358443

drug_206.txt	1.91743779679318	-0.6055750396824175	-0.06587425081445869	-0.13710704422801112	-0.08525321439937922	-0.06223629811084811	-21.60236142673649	0.5178746720407386

drug_207.txt	1.88803190562993	-0.6263520899193707	-0.29605886108465873	-0.9028486294592957	-0.059989942186798	-0.05845688591618255	-21.607054638869677	1.0795395915846608

drug_208.txt	1.83315027458812	0.9000029055447634	-0.04189687298237946	-0.09699693580380653	-0.0696093392981511	-0.030816944348855287	-21.85894015742845	0.5388963114277998

drug_209.txt	1.76391807637381	-0.7196835095224382	-0.25873015835869645	-0.9132090719079679	-0.058309929176890124	-0.0871930936616988	-18.180384020024373	1.198636435884602

drug_21.txt	0.00981318719595026	-0.7979018352480824	0.009463819922836098	0.005710951280014309	-0.06067460990348596	-0.02336310289080151	-30.657708395086125	-0.029693355376405897

drug_210.txt	0.0698341376823653	-0.8156821768994043	-0.04062483369151146	-0.08965196505563516	-0.05684450017227851	-0.05180941432517047	-18.645818924348713	1.671270460667076

drug_211.txt	1.80530599449663	-0.6431923672149122	-0.033424525573754305	-0.0854254809532109	-0.0756629674988171	-0.11141868705618463	-23.42574844382966	0.2945374377677137

drug_212.txt	1.82055637474022	-0.837819460634988	-0.03897829926138016	-0.09120079469326048	-0.07788656193293594	-0.10228554164318653	-21.099776043210486	0.8380766017140625

drug_213.txt	1.84739286419208	-0.7685476102115795	-0.04224783727320802	-0.07941885478012067	-0.05935400661475839	-0.052426418933369134	-21.175526133781247	1.6172554362845217

drug_214.txt	0.0684002420142398	-0.5896156929792193	-0.03822258495351219	-0.07058883687804446	-0.07037326862802067	-0.08019053449607808	-22.431561439910418	0.44427674408447804

drug_215.txt	0.0571403876097998	0.7857283730829671	-0.032047329803273225	-0.10305078549188645	-0.05572212061058487	-0.07109303617221086	-17.389750683397555	2.314240724061025

drug_216.txt	1.89890164752871	-0.6838739240182676	-0.38002737091516514	-0.9274172293354033	-0.09767104773836893	-0.07742261199292873	-19.665975035404934	0.968556146303832

drug_217.txt	0.0867227582399013	-0.7416615927910364	-0.06466406120944798	-0.13135857541198454	-0.08453196976864992	-0.06317768733824182	-26.771876955505057	-0.33225155688528046

drug_218.txt	1.80171138640876	-0.923047728696932	-0.07302415971910073	-0.14983157785314222	-0.08700203291765989	-0.014594342493990305	-17.296792148338437	4.453708586027346

drug_219.txt	1.88563550023802	-0.6137813305260676	-0.04397676083462243	-0.09622263074934412	-0.08242096291731302	-0.10918403401501003	-21.265471132628527	0.5277176585845095

drug_22.txt	-1.85430110647982	-0.48744931679754966	-0.04755914953250495	-0.1680729488214504	-0.14103487218563368	-0.1466414806358278	-35.49695352896617	-2.3922538105293008

drug_220.txt	1.78293954417211	-0.765320529403487	-0.07178117178768106	-0.14579597825722979	-0.1051194731370874	-0.09370854775884965	-27.64815729670981	-1.117799147509152

drug_221.txt	1.81948472639877	-0.9065232256157234	-0.08535315123173629	-0.16672855305839673	-0.09382033663999338	-0.0767490532482172	-23.98946085696407	-0.48912045442858854

drug_222.txt	1.93755761706278	-0.8301412541563131	-0.06108366605982932	-0.12589109135401322	-0.09538614051761282	-0.08324082497698858	-25.833926160129103	-0.6914640086461631

drug_223.txt	1.93566046279418	1.0732178845445992	-0.04568430952513167	-0.10295177798761185	-0.06583024134640562	-0.07517560701974324	-22.144501531469224	1.2619596088744485

drug_224.txt	1.83000499251123	-1.0859632599526203	-0.01663414695155413	-0.04798732418446988	-0.085598483288121	-0.032342172634096236	-24.70862562987847	1.0998647575428258

drug_225.txt	1.7855716425362	-0.801604371946196	-0.05322490970424687	-0.11669075287377673	-0.09809315753523755	-0.10890185233761798	-26.668609821163916	-1.2528286639656439

drug_226.txt	1.78004388765689	0.6320640680620493	-0.004031071083735849	-0.02064963372666323	-0.00058901143644061	-0.006937961254261589	-19.375012350558244	0.5287274663109589

drug_227.txt	1.86075886170744	-1.098588048324003	-0.03554647863150784	-0.07073295733734936	-0.07064716200479935	-0.02158596084634055	-19.089780324737344	2.2374979462532756

drug_228.txt	1.82870693959061	-0.7283542126790479	-0.0699681181487555	-0.14445621961655425	-0.10401299876279929	-0.010295107309761183	-22.65882817903369	0.935729362338755

drug_229.txt	1.76395406889666	-0.9335463029662308	-0.0638696314031702	-0.1461893318578757	-0.09746921062907861	-0.08671835824739266	-21.129614991930968	1.21508382502584

drug_23.txt	0.0428496789699172	-0.6290153650839148	-0.01991318342118678	-0.07974318111742135	-0.07265052935878033	-0.044769340159291765	-33.51378322300168	-2.3723315721612046

drug_230.txt	1.74539585969882	-0.9340746810929905	-0.05339239788792122	-0.11721243397300346	-0.08256425584530003	-0.0831489839661466	-27.93564535783684	0.27875023268329824

drug_231.txt	0.037741578846201	0.5934030142298669	0.002524536927439869	0.017646732989824165	0.03452530510726278	0.026166750886107624	-14.496541843691334	2.6716624458677387

drug_232.txt	1.92377364186279	0.9662769472976831	0.3459890648985954	0.8740331388621061	0.05999811560409555	0.09125271467115853	-11.592596252017257	3.8886581930459334

drug_233.txt	1.94594039173797	1.036910048462619	0.3405940598798963	0.9030691910007934	0.06208678112606285	0.005970150729077837	-13.786071863781576	3.6530974289936142

drug_234.txt	1.94364383657073	-0.8994413786783686	0.3278592111173519	0.8588522965280696	0.044282090706354554	-0.01673959842478822	-16.672347923459473	3.9641844379052658

drug_235.txt	1.79836175968605	-0.7920543862734208	0.3021242520526487	0.8168387458568224	0.04796803871482999	0.04677109717353987	-17.022362744129367	1.934199509902293

drug_236.txt	1.85727339223723	0.7864233855778169	0.33437732898766187	0.8615160561829288	0.061849281367702014	0.0322996276384286	-14.556549089352172	5.146766370133424

drug_237.txt	1.9607182249881	-0.9345088348544937	0.35840383994936564	0.8454550856979215	0.06574005595418807	0.0432974232959178	-15.318644402727003	5.782999752960627

drug_238.txt	1.79791243367507	0.7080298885670531	0.014773866028239269	0.011242486112472305	0.05328005695894721	0.0373914444549175	-20.118433619866284	0.5439985203763317

drug_239.txt	1.77749306273148	-0.8025154909535618	0.31254945002334533	0.8483042744304665	0.04607326282259423	0.032714874431832935	-22.882966110068175	0.3824512418591488

drug_24.txt	-1.56520516383048	-0.6949639702083521	-0.028327642327802507	-0.0770923617073126	-0.10293667428532166	-0.09743825510881823	-24.516928498501464	-0.5467208481583214

drug_240.txt	1.87534628290123	0.7821171138128934	0.3453987756222224	0.8686291433216881	0.08124096884351366	0.06820996337635453	-18.9712479004051	2.8438330077010554

drug_241.txt	1.82797199549513	-0.8704419442566058	0.3951294513827811	0.9579778589340706	0.08798048455493519	0.11296544360069785	-15.043720976188125	3.3332467486384307

drug_242.txt	1.83246525560496	-0.705954038141356	0.30496459591427805	0.8434906225618563	0.04519616087858875	0.0694196403079042	-20.036903468036755	0.7255881211712006

drug_243.txt	1.91773734746717	0.7303616459571054	0.21358281192320916	0.8009429951424788	0.03604046134041555	-0.06408074382166697	-15.964726805651615	2.7239702680832765

drug_244.txt	1.83410001277154	-0.4781594666837351	-0.24871665071657661	-0.6614312573800523	-0.03333856106191358	-0.06337216913033168	-28.650890886934757	-2.0349531297177688

drug_245.txt	1.79820734015256	-0.6115619037051938	0.02005738363447676	0.1124340725820967	-0.031936167339197886	-0.09508786456598818	-19.084132002766523	1.581775137238279

drug_246.txt	1.81404288915464	-0.4308267217564392	-0.017162344326940998	0.013992009827239749	-0.03351104131180008	-0.09101777134734851	-29.244491651022628	-1.2703969067021463

drug_247.txt	1.8033542709192	-0.5291134818313056	-0.0014094810941194663	0.05134885992978694	0.00019712407994739844	-0.0710404250369813	-27.185357178144454	-1.8255142583202986

drug_248.txt	1.90649955299609	0.6815594398703881	0.00474714213225827	0.1305773964850102	0.00331945985858735	-0.08143571974594867	-12.967345123999605	2.2108570647951384

drug_249.txt	1.82646959792869	-0.7108252515816451	0.2386730940145104	0.7996200217384837	0.016632377669016138	-0.06906099255505833	-18.354938576556993	2.486784793136312

drug_25.txt	1.78431616141679	0.9127053838609687	0.03634339721421315	0.0704059380717928	0.028452249944410347	0.015252080416429408	-27.36702565622633	-0.8578024172438217

drug_250.txt	1.90924543417432	0.6946088075477115	0.02533076978191648	0.038435267936027084	0.020972935627903016	-0.057394990343460045	-17.42723051081909	2.5897547684901774

drug_251.txt	1.77807552237535	-0.6869478685574734	0.22175913712752837	0.7769738911594317	0.004713891679592461	-0.05961220463528804	-17.957217666238513	1.9026874510528589

drug_252.txt	1.81967513845511	-0.6820186307038579	0.01635605546954011	0.013187420871574929	0.00042871909670606	-0.07104240501464298	-19.438164871718868	0.4409485926850043

drug_253.txt	1.77699381160817	-0.6989455725781928	0.01772589601227144	0.016634778413474938	0.0033728344244454526	-0.09143364441932403	-20.186361690215065	1.235055326986588

drug_254.txt	1.82372371675046	0.6612001764012873	0.006734665281947924	0.17220796589436665	0.03085148902088056	-0.030760574028477962	-9.87476533939334	3.9723818071048793

drug_255.txt	1.79936026193268	-0.703051622296329	0.0075944458333398746	0.0013451690275578798	0.006929056902081657	-0.03815798840909255	-28.43427856272437	-0.9544075566862423

drug_256.txt	1.82152701180787	-0.6299203389137842	0.2521730452923516	0.8148958184218464	-0.005201577280946542	-0.09223335858948493	-23.983384382307413	0.9449213482912411

drug_257.txt	1.79262501596443	-0.5158950678971327	9.944207815207329e-05	-0.018532768589278326	-0.0012750661360522854	-0.06352760914804247	-25.681355597272997	-0.19429028599765247

drug_258.txt	1.90915022814615	-0.5801090092577331	-0.00026594094551030123	-0.010022384716878219	-0.051287976311299235	-0.15695738295143308	-30.005187234462998	-1.7589115157095998

drug_259.txt	1.87904538541026	-0.4481725431923092	-0.013528440602229547	-0.028149823453198497	6.0884670618179134e-05	-0.07766747654258725	-26.946596186147612	-1.5313391195266213

drug_26.txt	1.89906535545519	0.8837682540609062	0.018530989618341015	0.036848716076090915	0.014671892508913336	-0.004165575338185185	-25.858116786878767	-0.26410958838662496

drug_260.txt	0.109402562822433	0.7849880016552666	0.02449571977311993	0.040203331567434886	-0.04581522378491399	-0.0363818420492808	-18.91059842571551	1.608074386488845

drug_261.txt	-0.0311451427509899	-0.9573903790581877	-0.020494920197811572	-0.04573610434763542	-0.09061154658921962	-0.061132370170964644	-17.725422389091985	0.6648784135136049

drug_262.txt	1.75240859640771	0.573613644205876	0.02271752691710685	0.21106584296854758	-0.04286684527494004	-0.0788355608336074	-11.817475216546455	4.1614170430481785

drug_263.txt	1.89007883523552	0.6908480846046452	0.011211095347611333	0.00805383672527854	-0.039912152223024015	-0.00451593017002244	-22.28559430886276	-0.8715883505304736

drug_264.txt	1.93401293408724	0.6385922167618001	0.02205113711255577	0.02530594540458503	-0.02755497058744918	-0.027935727564450317	-18.09427592793861	0.40317898460456

drug_265.txt	-0.00644033949076384	0.8516599490517244	0.004107726633203745	-0.01072591119714672	-0.09122230011291044	-0.10253831887242677	-22.72456608372032	0.31248241978484537

drug_266.txt	0.0338530963245055	0.5863552644879371	0.028512529502869782	0.0539795205400832	-0.027059625693448944	-0.032579206453768224	-13.459062016269803	4.918574750995292

drug_267.txt	1.81048427358962	0.7098103472508721	-0.02332909643990455	-0.05694330233136474	-0.08389354470744198	-0.06681520156257374	-21.87122484602971	-0.7860776015698075

drug_268.txt	1.84842735896156	-0.7228921722168529	-0.05542843326686739	-0.14702251992161203	-0.11715210491631668	-0.09224491116245787	-16.5531074004545	0.6987368831928509

drug_269.txt	1.88937988366288	0.6896759075492549	0.05729485173168036	0.10594674654475345	-0.03580324703391662	-0.046353097108807084	-25.274824622072916	-1.0161606246491437

drug_27.txt	1.87939021700008	-0.7621340894043767	0.03786371784192513	0.05863502422238831	0.027710985318916567	0.01382852439700477	-26.21305536343576	-0.023516371089626495

drug_270.txt	0.118652641193249	0.9297294386681977	0.016625253597339046	0.029676907153618315	-0.06647265821273048	-0.09763274623728066	-25.76448308796891	-1.3032486369035163

drug_271.txt	1.78257613579631	0.8719567576972431	0.002949916173602324	-0.02416255204255252	-0.056760845334626664	-0.01630634587915697	-24.308533412376907	-0.36751600532796

drug_272.txt	1.78776834747878	0.7488903074710926	-0.014319160354873434	-0.03595355548633844	-0.08762708090123125	-0.07316849844425174	-19.627029608404968	-0.29023464275216876

drug_273.txt	1.90425756713767	0.6663343024247621	0.004571859421046251	-0.003971375748934969	-0.014783457417941034	0.01637856878074513	-16.67779863649837	3.4509182607674287

drug_274.txt	1.8035818365475	0.6054050100295658	0.02653243231903238	0.043408550308304705	-0.03539052814151458	0.03452070264685281	-14.458666798405954	3.4860309251390817

drug_275.txt	1.71281798232883	0.6086306061555238	0.027238942089457735	0.04078540537276382	-0.028182211409958774	-0.012438102631466127	-18.04591114185028	0.8919685691107445

drug_276.txt	-0.00777154681414571	0.5693024533763966	0.05028497358826356	0.10456772833211281	0.005483631779960141	0.06062973831529351	-14.34574976122254	2.8521495814054463

drug_277.txt	1.81554064252459	0.5565062020631599	0.28819236112303104	0.9790526318753376	0.022409688378413804	0.03410200411198097	-13.907403747982743	4.401686038502252

drug_278.txt	1.76873410814012	0.5312714369450386	0.0719619364291262	0.1607884971977303	0.014240522830694052	0.04098264875220142	-13.893982808022923	1.6485605000631127

drug_279.txt	0.0194289960408225	0.5459650545925916	0.015411261423384559	0.0384640515761675	-0.054714472326853246	-0.009252272655130699	-16.309389717748576	2.8069733966246346

drug_28.txt	1.90675382275424	-0.9008757564892249	0.012584133341927428	0.019945100269842253	-0.016645140655727537	-0.007198317452031894	-28.324984355959558	-1.3167728759843325

drug_280.txt	0.0748405815050036	0.5805404901888953	0.0549019636462173	0.11022158457215159	0.028866257403834226	0.08087403770574499	-11.608125020584264	4.5519404848315155

drug_281.txt	0.0653548101620181	0.6075610888787182	0.06477958860320682	0.12033736186949984	0.003275673199584383	0.02140244047722987	-17.442891018674043	2.422942808496771

drug_282.txt	1.82700948577134	0.5389129536500636	0.06923945169400167	0.14778272015298105	0.0056627408969870795	0.04378148658436181	-13.660244376379145	3.1534835269168027

drug_283.txt	1.76304264533432	0.6298062127373815	0.032646787986027576	0.07193858576808632	-0.02998250643258562	0.03251159741083062	-14.959094951091789	3.7164765777277644

drug_284.txt	1.76304264533432	0.5640657071117707	0.07457381801285726	0.19122316688782842	0.025624492269364592	0.05144575808253517	-11.498188584790698	6.41336355609282

drug_285.txt	1.76583845162489	0.507747634834138	0.003860242306629319	0.15465790452799194	-0.02288181575081837	-0.07158259449171567	-10.632546191087837	4.332376103799997

drug_286.txt	1.70244633050424	0.5103568675708632	0.016930050713209827	0.032920244516669084	-0.041098236075682915	-0.07390447284489586	-15.224269670322432	2.9467921362279914

drug_287.txt	0.0373439840239641	0.7318391495733436	-0.008196719402488784	-0.02692910927096409	-0.08708981841558727	-0.04567851510139208	-20.719790534532162	-0.05951744452531709

drug_288.txt	1.87698452321518	0.5820756336246818	0.010719579731265166	-0.0027289591419212833	-0.05145095859780881	-0.03126807329835385	-23.34854922109146	0.24376684099821863

drug_289.txt	1.79480778831752	-0.6943303239171106	-0.024363607819727434	-0.10545964089304555	-0.09627099264468633	-0.10184149614698261	-22.976006982182263	-2.5119723902597837

drug_29.txt	1.94668926842295	0.8826274017699369	0.05940184106526769	0.11457017760520016	0.014068290914393293	-0.019787835945549913	-28.21914830550341	-0.7978356664321238

drug_290.txt	1.75113724761695	0.8458055936692248	0.040946862460807004	0.074084292016741	0.04441114686665553	0.019286259660189313	-19.635922010341535	1.6608535555429615

drug_291.txt	1.91363884405949	-0.7840032494668543	0.02425984592969363	0.03766094880341708	0.04774290087433883	-0.00731615659580734	-17.375506372888054	3.36117051591557

drug_292.txt	1.80000928839299	-0.8571789995939203	0.04242462228271476	0.08318246235251248	0.04648399064148217	0.029023876095705378	-24.2049204624049	0.9280343862868414

drug_293.txt	1.82457244366009	0.901606462723713	0.036900545756690994	0.07379641898580325	0.05202349507024627	0.008026848948413873	-15.119734545334783	8.63442919046544

drug_294.txt	1.87585482241754	0.6750619446852276	0.04608846837316946	0.11454658039263022	0.061598429600635454	-0.00040180660744851553	-19.13495043309291	1.2853130905368573

drug_295.txt	1.91279011714986	0.8814422076966129	0.02960444189686584	0.05243468570710602	0.05535801831346938	0.026867452173746597	-15.507838487632974	3.2249215188721063

drug_296.txt	1.83271023697013	0.822522306466515	0.04972035996972962	0.1019412048884103	0.04789519936659987	0.02447693857001862	-23.870763758521885	0.347369410495372

drug_297.txt	1.80669925344541	-0.9105376873469314	0.062399403931560155	0.12011299127974534	0.050119700470888096	0.046389549419632164	-20.50307940585581	1.3198149209923782

drug_298.txt	1.91853150506798	0.8176077981652983	0.07913011483515409	0.1500039970417636	0.04475927566388329	-0.013140785878917302	-21.12895629549122	1.6544040922514374

drug_299.txt	1.79791243367507	0.7141618489819118	0.23484383125037345	0.810226276085307	0.06314024384562153	-0.006339434220671707	-14.417992293251656	3.1717833011659873

drug_3.txt	0.101481240671293	-0.6974292692673469	-0.04231333122758957	-0.1254091953683202	-0.09746215588169332	-0.07995364675151127	-31.71634884563449	-1.4370541377737187

drug_30.txt	1.75762286802355	-0.8013357716553113	0.020896242289187794	0.01864332807160818	0.02694941935746499	-0.05422446763196206	-23.76160129104502	0.6481524067419345

drug_300.txt	1.71015337458928	0.5198539547554075	0.23574093263733686	0.8503749092181168	0.06456196266577761	0.006253796999574298	-13.026973619207588	3.7056766614435417

drug_301.txt	1.80385352204252	0.8547913031849612	0.03213851339661877	0.06400187207412728	0.037833435514172016	-0.03453361799229585	-18.501152718769553	2.433244622754786

drug_302.txt	1.9123953604477	-0.7040576212237657	0.047317643325740594	0.0911055530319293	0.06129926399604595	-0.027155002432891134	-27.332789908770543	-1.5460505785194103

drug_303.txt	1.82478143250241	0.8796453163706048	0.0960348084614997	0.17355914436591946	0.04770481109167114	-0.002305808756843117	-18.439103514145508	1.4957705245070927

drug_304.txt	1.79461737626119	0.98756514268926	0.06142007879776623	0.12224100061624027	0.06448408498577661	-0.024259183446645266	-17.29919639034351	1.6134011384201483

drug_305.txt	1.93860140022524	0.7887705913733907	0.2554408440843979	0.8726014652901461	0.09557987461784478	0.01841028334325843	-13.70875736916642	3.2833756709704685

drug_306.txt	1.84609016707497	0.9576544489640548	0.07271804007720489	0.1383950892604881	0.0660728633897336	-0.04102151678534634	-17.880611270296082	1.6489918159899584

drug_307.txt	1.79391842468855	0.792470025622445	0.2544449526394619	0.8599902741852696	0.07767320641926764	-0.009601343148062508	-15.89772091031848	2.8908392992089578

drug_308.txt	1.83051353202754	0.9228082820051233	0.036466587262637296	0.05836861786028469	0.04039936023283987	-0.03941832284659365	-24.069294865461252	0.6899297749024943

drug_309.txt	1.75158657362793	-0.8042052019401291	0.03486166458186729	0.051436042390613335	0.023954491078594556	-0.07209621656833218	-19.106774692882784	1.3563838299253748

drug_31.txt	1.70420764202533	-0.680980173738641	-0.009394468901258168	-0.021186961698852702	-0.03912657737677398	-0.04833424647316361	-28.73013206863617	-1.2557127470332992

drug_310.txt	1.80854648260168	0.7515801903087356	0.05866513370024823	0.08755069617718442	0.06615074517871075	0.001422722652417115	-27.172809010967296	-0.49502135696489

drug_311.txt	1.89178093325129	-0.9164614536508098	0.07002804725272371	0.12643919043843044	0.0207867170725863	-0.051594937989890205	-22.11311464611534	0.9557525475732026

drug_312.txt	1.85867129538251	0.7460975482933044	0.05539646513948687	0.10365401396048946	0.0628658330889968	0.0760848136865642	-19.08502124296018	2.098040562751593

drug_313.txt	1.8759500284457	-0.8880571056551265	0.011067521062784968	0.02181303213685709	0.011682152574872984	-0.022805880778961063	-26.69867931363831	-0.6858520147189645

drug_314.txt	1.80844663237702	0.8593381486979823	0.0413363128762437	0.0994636840211513	0.059774135843295065	0.0036350091218236356	-16.34085894015743	4.5415223080887435

drug_315.txt	1.77572904209577	0.8819109528181255	0.06033344661547105	0.10913505639389887	0.04545155898680208	-0.028057642453524587	-27.733425550834898	-0.8066295413854527

drug_316.txt	1.95502676218231	0.8260784465130457	0.038771254077708414	0.08587018850186351	0.046261399277017855	-0.041438774244818455	-16.313588907551956	1.816613473658232

drug_317.txt	1.82772701412997	0.8735776587303337	0.019923803637547186	0.04131293638672795	0.03668608398426557	-0.014232958059261745	-14.885666765471132	2.7057369188822884

drug_318.txt	1.80025891395465	0.8330646242485544	0.041127953612813545	0.07226581876584909	0.039517278638948994	-0.04604959068407849	-16.53285248493232	3.5895677414562797

drug_319.txt	1.82167678714486	-0.756802297436241	0.011141499969810148	0.006125956623090456	0.008702378577792904	-0.030491014951434667	-26.632118038402	-0.0731009767292263

drug_32.txt	1.90830150123652	-0.6196629297590663	-0.003631806328074111	-0.029306274730566795	-0.025514047839165933	-0.025043529882584306	-26.770888910845436	-0.03408759086979239

drug_320.txt	1.88239036793647	0.7272646373957231	0.008867285460232327	0.02237663803044798	0.0031265575405503114	0.017898840807469694	-19.54279880117248	2.345725865715657

drug_321.txt	1.74819631018588	-0.5906903960160437	0.01678609880846324	0.03014443539169548	-0.040283747265785035	-0.020926619643285353	-22.55826170009551	0.529377024057234

drug_322.txt	1.91568577366508	0.7090642219593759	0.02991674649537257	0.04933843653515052	-0.011603159418989829	-0.008189284390372566	-21.492112110134045	1.654832980510201

drug_323.txt	1.79188078347595	-0.9310590237208145	-0.010157623466197557	-0.016717523394731593	-0.0440769239194074	-0.09318885537442967	-22.281905608800184	0.4333268356777873

drug_324.txt	1.84489196437901	0.8205664129028798	0.027106500529854582	0.04106510062630053	-0.0060284570824871535	-0.06550944868594323	-24.72385798504759	0.014643834975199244

drug_325.txt	1.78443265334556	-0.7222420502365514	-0.0054053428528848535	-0.013520132064397394	-0.024012601645588168	-0.034508360855575716	-23.384645785989527	-0.7710063172316626

drug_326.txt	1.73716286036062	0.9529298672910358	0.023234571486966032	0.0336267447888875	-0.022327536731229558	-0.047179301261319896	-25.25784672133847	0.8037798954876361

drug_327.txt	0.107203148765224	-0.8181364174990352	0.014283682016169585	0.016782511780431608	0.00474881510526659	-0.03245422263233532	-24.64476501004512	-0.3116688351928227

drug_328.txt	1.84044862938151	0.8138647038896198	0.03340043047317101	0.05905259699802379	0.0014295872996896602	-0.06746562163606465	-20.8414517669532	0.7034815097614535

drug_329.txt	1.89797164718039	-0.8684452368149792	0.01633281554872479	0.015089479861094268	0.0037711503697864276	-0.007014425676811961	-23.189029410796035	0.5621394978535275

drug_33.txt	0.0311672026843456	-0.6869484728938984	0.006799218165561172	0.01924818647586768	-0.002026826146353843	-0.012978953007946041	-26.088018311761026	-0.1733130939656474

drug_330.txt	1.78767778564711	-0.9264583102514249	0.023302017193132907	0.03602237957889348	-0.0013990856621538903	-0.041397268013658645	-14.837647795013668	4.561359550740931

drug_331.txt	1.74669855681594	0.5338675410352092	0.028892857051058318	0.04711960088249373	-0.0012213771245773932	-0.03434617944406812	-19.151434311497546	0.4201722693494164

drug_332.txt	1.84908567381486	0.7539752579413754	-0.004514218404964326	-0.03361890359267522	-0.02886181637712519	-0.035915488975969745	-26.50564832197082	-0.12333878793572162

drug_333.txt	1.86316455549234	0.7445829211484403	-0.004612865239388225	0.005431387782424024	-0.025399321288024343	-0.02626085780133973	-23.31773869512235	0.5462566246905248

drug_334.txt	1.82517154500807	0.8422678134623378	0.01034517075249003	0.016195358609602084	-0.036931465534738146	-0.057376855603086516	-27.465023219049503	-1.156191033431916

drug_335.txt	1.78712860941146	0.9902495415277	0.037063452129078134	0.0689343083820586	0.03478905028565401	-0.02444075055286512	-25.063201923393603	0.4211874414029148

drug_336.txt	1.82647888632168	0.7356599642104666	0.014679291432670577	0.011010284835154482	-0.006087445908029574	0.019142623252565275	-17.708181009781644	4.0758200188707026

drug_337.txt	1.80704872923173	-0.6789311480070914	0.0023872837385868484	-0.007575405639172583	-0.008435525383639791	0.002440598257208751	-24.520090241412245	0.47449568333696884

drug_338.txt	1.79142216907197	-0.9332284240038098	-0.003886968599091545	-0.0253659395753687	-0.03658907341437098	-0.06910802804643099	-17.340216711128676	0.8697802937637411

drug_339.txt	1.84663934331062	-0.733478272214904	0.0002160782876988454	0.0018143493292345214	-0.026078205318569497	-0.03302805202533837	-25.513075124328953	0.04734733869774495

drug_34.txt	1.69947056159946	-0.8436956880020997	0.01617217418837555	0.022671269135323746	-0.020217999425126004	-0.032163641968382804	-28.269291571979053	-1.055161064502476

drug_340.txt	1.85692391645091	0.781796414615059	0.034736802039365716	0.054772080878984275	0.011692571735830291	-0.008619196772823343	-17.951898692487568	1.1005588124991232

drug_341.txt	1.7833842259866	0.8806576743767786	0.03375482730144938	0.037774409077350635	0.013896801564475295	-0.06045492272280833	-19.086980864868426	-0.07665097491977678

drug_342.txt	1.91189146512789	0.7416921622562871	0.23563955498910075	0.808253053983496	0.05728089037597157	-0.006051018852687671	-10.962783651154366	0.19789756248692433

drug_343.txt	1.8188809808543	0.9966060693189316	0.05783531992274599	0.09198947752089476	0.021641682670424763	-0.025877478207928396	-22.606873497348747	0.17781793935265464

drug_344.txt	0.124770338033002	0.7519734904268506	0.05488523942352044	0.09475385925294527	0.025730644581357476	0.017803807165283757	-21.91977077363897	1.3296411598095046

drug_345.txt	1.87740250089981	0.7299851408609117	0.02282110240122645	0.030660859834123533	0.010083064381936025	-0.05576115403609162	-17.556565556763164	0.18136680320693363

drug_346.txt	1.76562017438958	-0.8358755254287609	0.015761483097819134	0.018561491491830506	-0.03130146325496088	-0.06590783726604516	-23.72359450647169	0.12997964445674062

drug_347.txt	1.96551103577192	0.9525017690895581	0.024902954276840167	0.03202089208375736	-0.01050137962813659	-0.026005309687857654	-23.185768863419295	0.8311495182649321

drug_348.txt	1.90530135030013	0.6306412716758067	0.05480596406014365	0.09341347864134564	0.029380398911190396	0.014485993695957265	-19.601521588775814	0.035268897079240476

drug_349.txt	0.138368416367696	0.6049329163052747	0.2968356252756075	0.7907413054320118	0.04038914643596761	0.033765008204761277	-13.658235352237922	1.1827452739938265

drug_35.txt	1.74294952919458	-0.7701401460589975	0.020209851697429643	0.01887512488657067	0.013258459282010597	0.017484477893067063	-26.224269670322432	-0.4833811843885962

drug_350.txt	-1.69478301926955	0.6139814951135097	0.05012193806718929	0.12480089853133125	0.030979779716857524	-0.006576766622328985	-5.818150380397194	5.099759683924153

drug_351.txt	-1.67875705821113	0.5989032951907137	0.0037232449335551365	0.0	0.006009644775372173	0.011629261106328052	-11.371932944702435	2.474303511327637

drug_352.txt	0.0670087891418686	-0.7003177317545699	0.034260203693910335	0.0	0.01887141836035075	0.029663880887885262	-24.103020123176233	0.1682324021854303

drug_353.txt	0.15509332899875	0.649392608215955	0.32045221027433796	0.7941987463566582	0.042620469927339505	0.03695281115071273	-21.617890195303495	1.030597620121421

drug_354.txt	0.146056883666748	0.6519759360955107	0.03363057537880498	0.12947427893331914	0.05305168870498547	0.033279684066648114	-7.8839047524948125	2.2914577462213366

drug_355.txt	-1.70935186367735	0.8558473316119748	-0.008417723504667185	0.04173879463330793	-0.03549787396498831	-0.04369346517021799	-13.617857260481507	2.6826735782325657

drug_356.txt	0.166526179722664	-0.5659729213516276	-0.013097841266249965	-0.0981643048904377	0.00643568707322871	-0.010940897269332088	-13.491305206995357	2.302483144893046

drug_357.txt	0.16472887567873	0.8259422292495169	-0.0017938620489618695	0.0	0.01786146316464843	0.01730532210333098	-9.444504824951421	4.133153856683888

drug_358.txt	-1.69921706587406	0.9369453441827909	0.2800383904273818	0.7738657020023549	-0.01745591466605447	-0.016068371769962564	-6.374304251885518	4.796766395133098

drug_359.txt	0.028874517680843	-0.6194250754339656	0.024951674897829818	0.04350436215461073	-0.009438889705813814	0.039381776855104224	-19.114728452392715	1.7255384293046103

drug_36.txt	0.0866340024846451	0.8405470694861052	0.041161337546944565	0.09460551334082712	-0.005471424765225365	-0.027482488848452762	-29.322777722886407	-1.8805699899354202

drug_360.txt	0.156541157256363	0.8550183450400907	0.053445708176163675	0.12562775482408423	0.028987293365318047	-0.014263727307412433	-8.963821098046965	3.8342580210431723

drug_361.txt	1.67452542117057	0.8556936338610974	0.2976744921717871	0.762787624631415	0.03215812674068825	-0.018007025861925915	-10.69854757435036	2.3447286015455817

drug_362.txt	0.182302515219419	0.7570594982163555	0.035866894929614174	0.0	0.04383072385050028	0.008205246516479208	-11.713944603629418	2.2846458311492124

drug_363.txt	-0.0429843606682998	0.8029285959598009	-0.029738291188934646	-0.1074439324930454	-0.04118045535984305	-0.023366736775740447	-24.156852089714455	0.9291132311105607

drug_364.txt	0.0387918122815777	0.6528000240029346	0.287643420905242	0.8074598625534621	0.025195922712862463	0.034013781165114054	-22.57663933076442	0.8957799240018371

drug_365.txt	0.0691056438597917	-0.8399348140881249	0.004399240356894513	0.0	-0.008623627912456302	0.003912877189600072	-21.649244145835393	1.8061918773048877

drug_366.txt	0.100802671961051	0.7352396378768958	0.3439126592369097	0.7888171196515368	0.01952660929662561	0.01516832321539081	-6.957958699733228	6.167107190609157

drug_367.txt	0.0846896322183391	-0.712342018329406	0.022484777166063924	0.0	-0.007885478140607551	0.025481035473600793	-21.261354279880116	1.6128522076296943

drug_368.txt	-1.68184312678269	-0.90887452992519	0.006711298606590005	0.05359138487478998	-0.009880688599063705	-0.014284008782554487	-21.426308335803444	1.2311099224519204

drug_369.txt	0.038813098182184	0.7420293616573724	0.32393209821193203	0.7791065330772151	0.0028354395751467405	0.03321575959216564	-11.705068669103843	3.1615594774198743

drug_37.txt	1.76456710283412	-0.7587720767983239	-0.014523566797917137	-0.04442649724883435	-0.028945072433188113	-0.03418295475478263	-27.59052135823206	-0.8467720228978004

drug_370.txt	-1.6634706854447	-0.7350450201569518	0.008464174014519238	0.005975782109816363	-0.03832905669483088	0.009736409920186878	-20.69289925237954	2.2146830961102273

drug_371.txt	0.176660977525959	0.7607134233510539	0.31209954106135407	0.748502249489003	0.05758986311360088	0.024082485938481654	-5.245496163093239	4.891784038677341

drug_372.txt	0.0899743408143598	0.9754131234209404	0.31691281807905397	0.7826060559197194	-0.00960289393529759	-0.012397345761250587	-23.39035997760432	1.2142788282869172

drug_373.txt	0.0485949370517866	0.6635983685814367	0.040802985743740555	-0.003088052978142297	0.015529692410395679	-0.016955748669022646	-9.329496426571815	1.6853410676552754

drug_374.txt	0.15209782225886	-0.8524271145018518	0.003934397150210572	0.0	0.010529562511109357	0.046311000643658465	-22.330402134176463	0.7692104311705029

drug_375.txt	0.0413557957637187	-0.7324044367460645	-0.023013172931066694	-0.10104536188491686	-0.018430581277306346	0.028827962508419097	-23.513898494878635	0.22123947413450673

drug_376.txt	0.0587285738059578	0.7487943682280758	0.29971080777989134	0.8623886295587939	0.0016176996304343777	0.03257096870336686	-20.187530876395613	0.44859941266672326

drug_377.txt	0.0155944378006633	-0.6151197405195457	0.014203493531118133	0.12313941920943383	0.0006460998575684564	0.001812786402380262	-23.672545532391396	-0.13275528067587086

drug_378.txt	0.0790852480968469	0.6592680469576359	0.05681645831550933	0.38918745623526335	0.048519203774503306	0.016779316182863817	-1.49557026644271	5.787866388274291

drug_379.txt	1.59842742346429	0.6899997223565966	0.2807801966592749	0.8918533932788058	0.04864646407277486	-0.04348744164545942	-6.093139676580048	3.5872635731583267

drug_38.txt	1.89381857446389	0.8326578195656531	-0.008139476736549411	-0.05213685292908776	-0.02192215876784775	-0.024937108710025243	-27.750996278365115	-1.005024883218057

drug_380.txt	0.0237033338880568	0.9570084029537618	0.07890291545779171	0.16806904990877114	0.016037736840834566	-0.05709610839188701	-17.965171425748444	1.7026512038876456

drug_381.txt	1.65236873372112	0.8732842362069184	0.09307131128187465	0.17389322796780238	0.046654428339591276	-0.00643581452355624	-15.355020913611963	2.562955643307392

drug_382.txt	0.0753509270977255	0.489198384682564	0.06016852623857949	0.12155287606286336	0.009640882264487375	-0.04778206820397102	-12.962190824358593	2.902213621172978

drug_383.txt	1.70659011482776	0.7773878639833625	0.07489293098439306	0.1410798185292113	0.013872578206074423	-0.01634797751265432	-17.25272535651945	1.6622723046176069

drug_384.txt	1.57357297387252	0.762989766975471	0.07880644324845318	0.16723240965673802	0.01590985473243027	-0.07513188216824032	-15.707423508875934	2.6569090585921336

drug_385.txt	1.77916458645365	0.7267705064311035	0.023930991979038974	0.04876956078055894	-0.0016819664668481851	-0.09490260507296983	-24.396584658959917	-1.5757556100429315

drug_386.txt	0.122419213556926	0.8107922408803384	0.314507231903121	0.9794816675166533	0.031068165365700603	-0.07604371767546311	-17.188568323288212	1.616500907226773

drug_387.txt	1.72076613761528	0.6276570191900619	0.2602085494794789	0.9161885435953512	0.02628504210523614	-0.04480625577902456	-11.615008398379606	4.077177477742613

drug_388.txt	0.214317412769734	0.6972210014672049	0.0869502928019747	0.16620607439525825	0.024629259569784765	-0.036414992690471375	-16.573148239633763	3.204162093814688

drug_389.txt	-0.0155851494076714	0.8740232365991262	0.11738527769433404	0.2479249889310925	0.017650685690757714	-0.046329888457637435	-12.914385930244046	2.182841399736693

drug_39.txt	1.9516817796561	-0.7585967490859877	-0.029001726850524823	-0.08086681278973595	-0.02409807862830552	-0.015389293509306899	-28.32712511938873	-1.885649526332051

drug_390.txt	1.58540522549509	0.6476806535719583	0.26643650338332564	1.0010067638099076	0.03391599404432752	-0.07117456952712391	-14.368178374995884	2.527680233181473

drug_391.txt	1.67167581960393	0.8783989232290388	0.09257802330399942	0.1599818259233894	0.044480009247345326	0.00707943452033116	-17.633303691993543	3.462329007459279

drug_392.txt	1.68482276585122	0.7270765237123766	0.13125535528850246	0.25866759877434115	0.05139295258835583	-0.03290011261824266	-18.128050587886573	2.6300381163209887

drug_393.txt	0.0839768770616686	-0.9188055682786849	0.017166807513058602	0.018198073947146898	0.00791915127708351	-0.034075569521986974	-22.136547771959293	1.781703208698182

drug_394.txt	0.144547132789188	0.8048289754448225	0.1124958919163925	0.20358913355108554	0.03733571627777254	0.003873853906564289	-18.611830188057834	2.75566240858992

drug_395.txt	1.66905300963284	0.7956757384676685	0.10050265584373708	0.17916056781407708	0.038976217831339206	-0.011615370772730808	-23.99963771695814	-0.12102990086269719

drug_396.txt	1.66127862469861	0.6180936437406661	0.2654539089055333	0.9035133352046132	0.06596236762199031	-0.01342342848936529	-12.826005335441161	3.26369511896318

drug_397.txt	0.17511058992906	0.8345893619204837	0.0556627622538354	0.0780813981644573	0.008674965013517891	-0.08114918959093227	-21.669910746632414	0.0537518161854846

drug_398.txt	0.14184008225388	0.8102023357199591	0.27946399715548786	0.9248753157394716	0.02927845082242666	-0.054317063318590986	-12.128528142805388	2.552819958830781

drug_399.txt	1.68322245314199	0.8680929172201468	0.06711762367953111	0.11635966722158086	0.009732347756619901	-0.07237051432065168	-12.993116622204656	3.413403065285216

drug_4.txt	1.76514956247799	-0.6017619701022503	-0.03953352185786811	-0.12195586685943116	-0.07643763181885362	-0.08105040380657148	-30.821361525540954	-1.214669349838207

drug_40.txt	1.91179161490323	-0.728473340849771	0.03774380742735911	0.06355999542993673	-0.002028423886248514	-0.010672606916185165	-22.195072950630703	0.5040303142825963

drug_400.txt	1.72251351654689	0.7285005925963881	0.0694877226134564	0.12465751758149951	-0.004182320819207897	-0.1028150862372506	-18.20763758521885	0.5618406124855881

drug_401.txt	1.56672046194274	0.733153619487054	0.02579745506641193	0.052078368440382494	0.01636954095654503	-0.021549278890638443	-13.391973783881697	-0.6648874441938282

drug_402.txt	1.66122405538978	-0.6818498694323161	0.025081322417120216	0.03254556115988666	-0.02373475253909605	-0.06642537658270009	-16.419721371405988	2.3285794037221983

drug_403.txt	1.55456659971283	0.8518020554658907	0.10331580212693164	0.23131534268094983	0.029398537142642248	-0.06139065335116682	-15.998205052201692	3.605272576260509

drug_404.txt	0.174651975525084	0.8386306430952026	0.06201342607388663	0.12095589390420347	0.007133333343755685	-0.05794678860630249	-16.62921977406712	1.057621006455388

drug_405.txt	1.58550971991625	-0.6381650635794308	0.23856309814223736	0.864317267425248	0.0009175787366867551	-0.05586926165569937	-20.670009551098378	0.7194181116068952

drug_406.txt	1.73349704125982	0.8858224907689246	0.09422622566264965	0.19220266955430143	0.021265027119114526	-0.07530760563321867	-11.936880413661363	1.7128387632214084

drug_407.txt	1.65616575137294	0.6757403171503295	0.04649281262064468	0.1515049322281315	-0.035842294180483486	-0.06635970641567812	-12.328360175213254	5.423773458558341

drug_408.txt	1.79545681477783	-0.5976759993248238	0.02136479555852719	0.0	-0.04144014893626843	-0.0021457433546732056	-17.809027434706714	3.3018152701193144

drug_409.txt	1.76783545611815	-1.0057987675507594	0.015197873446507942	0.0	-0.05122868946950479	-0.05070415751287487	-12.93279649573494	5.683048602201375

drug_41.txt	1.85053350207247	-0.8180095678877941	-0.03181290612493867	-0.07219199533183268	-0.04306144718857371	-0.05203315696986584	-26.085169449659123	-0.1644773736446663

drug_410.txt	1.74545971740064	0.9792459920890135	0.2830211373600048	0.7883036132191239	-0.05164138686025037	-0.019557642883894083	-18.22240885288015	1.9533348561790076

drug_411.txt	1.75799092059585	0.832354693812247	0.3135489015694798	0.7825419404235487	-0.055933208689762044	-0.0009428136812398664	-18.631459341962255	2.7558297359568726

drug_412.txt	0.0261868179642681	-0.83190583475216	0.016658485998127803	0.0	-0.061350651778947767	-0.07024140078192816	-19.295721766623853	2.90613964960168

drug_413.txt	1.81949865898826	0.5284002629961516	0.03869964202684084	0.0	-0.03241391161900046	0.07214118483043581	-14.561900997925106	3.157443777366726

drug_414.txt	1.76128597800973	0.8681038433550385	0.3233465205108435	0.8229927873373735	-0.038699296201755995	-0.04773547451642225	-20.373958436254654	2.03813739269496

drug_415.txt	1.71565442533874	0.8376713437312693	0.34166981713796385	0.7999135947227983	-0.0412855436758108	-0.04009506474205024	-17.12212231992886	6.855783003300358

drug_416.txt	0.0109004451978363	-0.9065273310878402	0.0014461087543401197	0.0	-0.07535745599552876	-0.04056092996356257	-21.724022659157527	1.745502670549243

drug_417.txt	1.77106665583021	0.9021085156991767	0.31414595446160415	0.7786517716442489	-0.05879096043138711	-0.0036627753526694146	-19.16956493100155	4.295875123900135

drug_418.txt	1.80057239721813	-0.8527015792846087	0.0007583588768783345	0.094794202601174	-0.06711945193866896	-0.015195980050719548	-19.740407733096202	1.2724474136952038

drug_419.txt	1.72489985951306	0.806640988087784	0.3579115207443876	0.8223550355743374	-0.031133018086332846	0.00549290542512745	-17.341978724104997	4.878913196080635

drug_42.txt	1.9152410918506	0.8388748566339372	0.017597959891611226	0.020706639910981206	0.0035575536582600907	-0.013916155935893888	-26.707242367355004	0.30345985263242475

drug_420.txt	1.75784114525886	-0.7112143219777897	0.2558905684073674	0.7827516817078843	-0.057925894315822186	-0.021227604276351883	-3.6908737608273228	4.911579648175147

drug_421.txt	1.77157055115002	0.8106540652378597	0.020362933549924994	0.0	-0.05258709966096851	-0.032102771624685535	-18.21929651220235	2.9733136666544455

drug_422.txt	1.77961778262838	-0.9169737695929594	0.010014341342518801	0.0	-0.04555591132594966	-0.07133939233728313	-18.10295425353226	2.040771695342137

drug_423.txt	1.75524503941762	0.8238456336286248	0.010110075293219778	0.10060570165059973	-0.068163426614742	-0.05342646573274384	-16.915555116424596	2.6664062472381067

drug_424.txt	1.75379721116	0.8249000030608404	0.36599908349340804	0.8508636299869052	-0.031847135524309136	-0.006528259299106596	-15.948424068767908	2.0227093116398924

drug_425.txt	1.82235367878415	0.5159214624888352	0.06408452727391135	0.08506685443281442	-0.007008675421435996	-0.017150389531417932	-10.027434706715411	3.9737748530027663

drug_426.txt	1.87437564583358	0.9376643992029232	0.3051863452198179	0.8083238383881581	-0.029886315060873563	-0.039200265839096506	-12.558953331357245	4.514264603045316

drug_427.txt	1.78911632551173	0.815054396264715	0.3385357328481061	0.8110528830820478	-0.020858369379684053	0.01823095761684645	-14.498633204887527	3.75113636623933

drug_428.txt	1.70137584321193	0.7376901659249782	0.2578391270848047	0.7498370592375367	-0.02528557855811645	0.005083407042438586	-7.745874913546093	4.516989875549177

drug_429.txt	1.82466300549176	0.7132061839330543	0.31377449248753386	0.7994982952463805	-0.04253563271706334	-0.04152382775555252	-13.335754042749398	4.431950911069171

drug_43.txt	1.76416770193547	-0.7229864115334921	-0.008299482209274539	-0.023917511926798696	-0.02298762349653113	-0.01112447384644257	-24.527764054935282	-0.8823205617551535

drug_430.txt	1.79928827688699	0.6032861743062428	0.04969560221217485	0.35900479631120724	-0.01521652192508343	-0.04395091511965665	-11.687119191120772	3.7835576225808514

drug_431.txt	1.81919910831427	0.8815603514670297	0.029936674138899944	0.06959135291573881	-0.03760535770628515	0.03740736673478318	-8.45611434970194	4.948172630818915

drug_432.txt	1.67117115025137	0.8318824779403517	0.3515852812685859	0.815213842572117	-0.047953496976325866	0.01832350284286077	-16.292214208082207	3.4838681276224968

drug_433.txt	1.78444658593505	0.7776258851826913	0.3944205328201121	0.9281587189546681	-0.018361671993156286	-0.004553550616393832	-14.621760036887	3.9196064665514703

drug_434.txt	1.81884963252795	-0.9684930021410987	-0.000865762854155766	-0.022162186903795622	-0.09010399026450813	-0.048963384120994165	-10.453660705463887	2.1488003131381928

drug_435.txt	1.73844698069175	0.9363441047573419	0.39017041197087726	0.9687302765048756	-0.04208645050585398	-0.09456435114430196	-23.671771564074696	1.6911070113579256

drug_436.txt	1.66550174737893	0.5787085458835883	0.26971899355301443	0.9361683927076055	0.03641800942160666	0.00728326638410999	-10.771317063531272	4.728543482984639

drug_437.txt	-1.79481075544306	0.7461784595627099	-0.03014568940136117	-0.07754523419613157	-0.05994929837980323	-0.003205281116118442	-19.367898429008992	2.695991343361904

drug_438.txt	-0.0247867217261961	0.657324079180858	-0.0036233633588083347	-0.04219592342677997	-0.047030497642525766	-0.0631651492828717	-11.812040970918552	6.7920635254742985

drug_439.txt	-1.76065269021532	0.8216395405667349	-0.021574381861736186	-0.06844737784304472	-0.04251674304981341	-0.0060583006400856355	-13.20437703784211	3.345678787002389

drug_44.txt	1.84808717156823	-0.8245995395066212	0.017080664509650983	0.02871516068307922	-0.0008810770629526044	-0.012750556739231141	-27.31194216645259	-0.690784042561101

drug_440.txt	-0.0334736912718777	0.7753036622517844	-0.021782326298075028	-0.05752492322763603	-0.043899221907138214	-0.04898004272348596	-13.87196587952442	3.9866845170537335

drug_441.txt	-0.0238381445918977	0.6147893702804412	-0.022103501669493028	-0.060666545711647424	-0.05412547752141564	-0.050397765839479365	-9.28956295491223	7.816766297746016

drug_442.txt	-0.00781218353348534	0.7282197879609416	0.020409965737390484	0.015671485300411125	-0.036853168283197825	-0.00825277911080557	-21.27121825906531	1.4747521046765582

drug_443.txt	-1.69041734555789	-0.8506281254125055	-0.01776058269532471	-0.08315488470274157	-0.06657324785140538	-0.010901903297226798	-27.411652340019103	-2.3610646259208004

drug_444.txt	-0.0351739832112297	-0.7478290757626203	-0.03480572450152897	-0.1057971096661175	-0.08853238347206681	-0.021116470635494846	-23.50344168889767	0.13916778968710836

drug_445.txt	-0.0235385939179086	0.8512914435114534	0.006673954569706264	-0.018042742525295252	-0.061258998507049606	-0.041103030612111895	-23.573839870895497	0.4069533068734815

drug_446.txt	-1.76789183150339	0.529955483652454	-0.00542841733362015	-0.05450254977863633	-0.0182698917024945	-0.03889580355492903	-19.942462865988208	0.3203668299176163

drug_447.txt	0.047781170621329	0.7768702967873073	-0.012953077872686014	-0.05326916769671852	-0.0341208481889516	0.021747144967424616	-17.78152685834733	2.1693289179375843

drug_448.txt	1.75072120501418	-0.7058702991390047	-0.020096823949459247	-0.07148598412349833	-0.054261395018223336	-0.019156830558883623	-16.808121727102066	1.5481421284511383

drug_449.txt	1.66726963817839	0.6634476763766759	-0.006313814766922832	-0.0698495145491349	-0.03477475081362931	-0.044371876872353166	-17.738250502256037	-0.3484465274898176

drug_45.txt	0.0471873584971381	-0.7815909597839665	0.007448990732004113	-0.0017565390681558712	-0.005234293090893502	0.012846019586276885	-24.953693640285874	-0.24074518736457445

drug_450.txt	1.70979190129534	-0.8230043282957324	-0.04906141572776812	-0.1101127606256006	-0.05479979766239777	-0.015009310935173967	-21.290748608503772	-0.13803738727454337

drug_451.txt	1.65961716340218	0.8734394777179315	-0.008053735970008358	-0.01661854896424625	-0.05433703385016199	-0.0300345766677246	-19.605934854922108	0.8018743758370337

drug_452.txt	-1.64349883443569	-0.7430782598617964	-0.041506154412563195	-0.1440267363666261	-0.12535747477729373	-0.11255886560523394	-31.020716003030003	-1.0860664040331423

drug_453.txt	-1.61241767839197	0.7099059192302761	-0.005184693777265603	-0.016260587967309725	-0.0605690595104206	-0.024169116251069912	-17.087935974706056	1.7537893106132938

drug_454.txt	0.0479800970379056	0.8089135590975636	-0.004414383801187388	-0.021990827283390635	-0.031633094495973436	0.018743601228855825	-21.625415802127588	1.4251263566028676

drug_455.txt	0.0632339604288658	0.7748736039114901	-0.0020172390747074387	-0.03250820389895376	-0.03244787492566634	0.055976804739990726	-20.08875934525574	1.426005609416208

drug_456.txt	-1.68055616833148	0.7920498379289763	-0.0045060905904894255	-0.004922832905132124	-0.02591626530519311	0.06061631291641559	-18.20500279945987	2.2297198871748156

drug_457.txt	0.182096364497182	-0.7492287380527309	-0.019963301333750016	-0.04593390914070439	-0.035158988814597926	0.01414625951852826	-23.83069854757435	1.134319162006192

drug_458.txt	0.1906834838182	-0.7996859251147825	-0.03352435063227896	-0.07423141941155031	-0.03411044298529017	0.02013301824824878	-21.794750189375225	1.4986190487461222

drug_459.txt	1.65532360374167	0.867124893448709	-0.017739277531539477	-0.029072048954172536	-0.04702618861051697	0.005085595867374014	-23.062987847050685	0.8757557736517245

drug_46.txt	1.84269990363292	-0.792599731351855	-0.012918032342969371	-0.039896766549837814	-0.03980338641194145	-0.016354394762477374	-25.563284260448572	0.11392932774359746

drug_460.txt	1.74652749557834	0.7897665511872173	-0.01722548942634569	-0.03491686686527257	-0.019616349500864407	0.0499496353341437	-23.122896288245563	0.9441464952770976

drug_461.txt	-1.66333200457711	0.8147102926456062	0.008270692038643418	0.008610349184325294	-0.029442114264190685	0.0009668304807647784	-21.8984454764022	2.721941745883401

drug_462.txt	-1.66500726945757	-0.9155804292960146	0.010161859757768177	0.007537914878263774	-0.03841488539530384	0.0010582145136704788	-21.238711589763856	0.9332226888791757

drug_463.txt	-0.0918614326572156	0.8729418602047813	0.002615100778379287	-0.0005213360383023447	-0.03711243640983987	0.04413813390596617	-20.731251852583735	2.003581030566972

drug_464.txt	0.121560424221549	0.7703345977029896	-0.015081341367092077	-0.036313869185817305	-0.04349910554090429	0.011726465209617752	-21.302588677008202	1.476330173384854

drug_465.txt	0.0694330597127565	0.7627729582938398	0.03101171291688934	0.0515964572519636	-0.025881440779701885	0.00042810261482403844	-27.67834206106116	-0.6990546918814419

drug_466.txt	0.19517209973154	-0.7503690758576107	-0.27598586415885507	-0.7693868548819813	-0.01546521633043633	0.0017224030953522178	-17.464463327075716	1.0402551600881924

drug_467.txt	1.58323625672602	0.7565780064901688	-0.011958708984749905	-0.0415677272158847	-0.012166648670309766	-0.014613400239903061	-22.683232882126273	-1.0391698353807022

drug_468.txt	1.71357227724305	-0.6959462562646189	-0.006508366556141412	-0.06141749475168645	0.034027147163717186	0.047362789104727215	-19.66170997595758	-0.4440147187512968

drug_469.txt	0.134648027958063	-0.5279323993346281	-0.024136310329284344	-0.057908938760493134	-0.03592146285314553	-0.03295103715136349	-30.098293976221058	-2.992598742371956

drug_47.txt	1.86092256963392	-0.7712753700345876	0.0241592467830353	0.04332744874528549	0.023949050737709608	0.026227714828358173	-25.680268748147416	-0.34697730235464525

drug_470.txt	1.54751206523548	-0.7389869563754428	-0.025381264603169307	-0.12082981286429989	-0.030710043248711207	-0.02208409848470998	-15.639725982281066	-0.40871861606448523

drug_471.txt	0.0700338381316914	-0.48750514436897824	-0.016090386534525075	-0.0684957053005898	-0.018235737666228255	-0.02953754414939108	-27.067318776142017	-1.9053100347037788

drug_472.txt	0.105850526535778	-0.4753280398701784	-0.2962232416159079	-0.92260650472652	-0.03829883613219265	-0.035294014643599936	-31.129730263807925	-5.826451031656382

drug_473.txt	0.0890146692106544	-0.6477841425470541	-0.042088562935135715	-0.0878954074508031	-0.027131720969707885	0.040858208599058816	-13.892319599512565	4.688754770029136

drug_474.txt	-0.015165107635704	0.6897005862003885	-0.22544820235819013	-0.8609294142206585	-0.032894199690960725	-0.04177966910334198	-10.949741461647399	3.8054473406666127

drug_475.txt	0.123063595820739	0.640494966097301	-0.021585473829839635	-0.07395017066372273	-0.016220214277725662	-0.03390922382040483	-13.41810756512861	2.8727774982925074

drug_476.txt	1.75316289132193	0.6245913741622788	-0.002672907330827534	-0.013509139952521954	0.006666575421151946	0.003375297046221519	-10.77492342653888	1.9180182798137952

drug_477.txt	0.168295747593081	0.6217426168145099	0.007907067737169357	0.009533315824303668	0.025735479201118416	-0.013102052319502455	-6.965583111023285	5.704306029647393

drug_478.txt	0.187283931983162	0.694763082930798	-0.24139584093082878	-0.7772429473309286	-0.00573729573197204	-0.02456312698235293	-14.344053617890195	1.3670853926800186

drug_479.txt	0.223879039322154	0.6595095184907123	-0.2441428894057499	-0.7791018070001796	-0.010914554782083618	-0.02998856259214225	-8.799443401508414	4.7732161971481455

drug_48.txt	1.67398553332792	1.23967538131174	0.011687456755390874	0.005006677451291464	-0.04998018482313025	-0.024787177691201822	-25.546635707933998	-0.6666649515451192

drug_480.txt	1.77542949142178	-0.6293893575340478	0.021342198394507017	0.031217729292552676	0.00936621800416458	0.00656134301337652	-23.21549254026282	-0.28757716506679387

drug_481.txt	1.72695220734789	0.6353535716324692	-0.29016830528198495	-0.7492012194077353	0.0035644801529943647	0.030822407423396887	-23.572637749892962	-0.9657504058979036

drug_482.txt	1.60457646863039	0.6901637989653058	-0.2941302682680953	-0.8473807437034416	-0.0071838754299975585	0.02635850163920322	-21.44801238349307	-1.2361030174792529

drug_483.txt	1.67732664569038	-0.6233377448927465	-0.2895336647336238	-0.8393515642564426	-0.009710905967338597	0.0040330967729991524	-19.05964496261898	2.345132238926149

drug_484.txt	0.164013282401978	-0.5424859411701288	-0.26487393623717004	-0.7102626480104204	-0.015909323886898797	-0.007086214112028062	-22.303016829694034	-0.0021451831876567982

drug_485.txt	0.225526568029093	-0.5630869864110106	-0.3031100058282792	-0.8495847131814803	-0.04565064942462504	0.0032386743350193915	-23.93513486809604	-0.833448098248129

drug_486.txt	1.7448753226749	-0.708654304038242	-0.027305114745381817	-0.07639044784003751	-0.006096559371786349	0.02653082308728695	-22.00795375950993	0.6394651040370616

drug_487.txt	0.0898744905896969	-0.6069704507866776	-0.05464951667561896	-0.1449352484225211	-0.026409530235162078	0.013744909535982529	-27.152010670882323	-2.0825689773503533

drug_488.txt	0.158210874902117	-0.650720580129686	0.00015399800678650433	-0.011291545683167703	0.008102242261921803	0.02334419227412853	-24.552135823205877	-0.7843161975002997

drug_489.txt	0.063743273977922	-0.6647022259442663	-0.002330612827327605	-0.016913387407927194	-0.0007525901046259106	0.03303373716701113	-23.337779534301617	-0.6631180854570116

drug_49.txt	1.83456211032289	0.968334667855438	-0.0194602673886575	-0.030167222130660254	-0.0632860093648647	-0.050762220416184375	-24.531189276421962	-0.4378301249755652

drug_490.txt	0.118320710149246	-0.7942094304501794	0.006671494148390411	-0.005818790708471133	-0.0037559478242723356	0.022580342629626306	-19.55020913611962	0.3690737190427367

drug_491.txt	0.0922098763998704	-0.6120977078146588	-0.038752444615618054	-0.10830418216482718	-0.04093816583317452	-0.05031303548670838	-27.163900141619735	-1.914288223320349

drug_492.txt	0.169011340869832	-0.6068685189822224	-0.2956009078953786	-0.7559807704607049	-0.04410919470054452	-0.013706333102606064	-24.594835819912394	-1.4467351194833165

drug_493.txt	0.176544485597185	-0.6193494967356161	-0.2928007552693806	-0.8118444567389989	-0.030216020267597978	-0.009420102420990716	-21.640318809076838	-0.36199706227928924

drug_494.txt	1.5987352304876	0.7965956688807633	0.02652781020034209	0.05739994769072704	0.0479645842758864	0.010340013204401524	-15.477736060336595	-0.2795092389949846

drug_495.txt	0.188082733780466	-0.7300483443601627	-0.022845483923944143	-0.06298411853361796	-0.004167871887884565	0.017530437174365247	-20.557273655435893	0.5320857495113712

drug_496.txt	0.0376435346979531	-0.44960040548513014	-0.048772935546297	-0.10233914449005888	-0.04686585508921259	-0.026721077528554734	-25.081546619240523	-0.32724739675605685

drug_5.txt	0.21924064807182	-0.6446743090216124	-0.013188047145602289	-0.04832105007208143	-0.06672746885064328	-0.0917146798787813	-31.727167934657313	-1.4125042197777886

drug_50.txt	1.93196600448165	0.9034578916512497	-0.008801810832102741	-0.03746083376503012	-0.04591306530955186	-0.04165346543770646	-27.33665975035405	-0.3407449282169144

drug_51.txt	1.88667928340048	-0.9381800979463512	0.027999526514441625	0.04075762040001374	-0.01819529933516332	-0.0384961036716043	-22.98061785726048	0.5908166144761366

drug_52.txt	1.71277734560949	1.0085470380165698	0.011636126159040833	0.027240509842767158	-0.04330600271450225	-0.035308435873889765	-33.2186542831736	-3.0110739114103793

drug_53.txt	1.92836675219729	0.9359175617019053	-0.040127424772921055	-0.09952931183496316	-0.06723821516102847	-0.05492928521949283	-33.58749135460923	-4.7117050668979745

drug_54.txt	1.78782756098411	-0.7553169041854637	0.0051100389288467885	0.010923359193825977	-0.019196314413847063	0.00653698310947873	-26.603827026314924	-0.005420981777946176

drug_55.txt	1.88413310267157	-0.5522170413813356	0.021967607761234353	0.051051363128464367	-0.021510929657785973	-0.007266853218212517	-24.82269538583144	0.5886520425619499

drug_56.txt	1.92307469029015	-0.4559315097000129	-0.0027580744893976883	0.0031514975293148173	-0.03730460465647878	-0.015609113661674716	-27.472845239271482	-1.1826904373271454

drug_57.txt	0.0961650547434661	-0.7191051465788281	0.013722140773410746	0.023556425986181684	-0.028050709362779428	-0.013034025169933794	-25.167885255080197	0.872531752118784

drug_58.txt	1.8951166273845	0.7351533645536936	0.05694811522087134	0.08614485189846827	0.00930268448374924	0.02142443576484801	-25.957052992128578	0.308654829617423

drug_59.txt	0.0258704965807103	0.6364714172241157	0.005861438169765865	0.005096097189843496	-0.028336434141026854	-0.024165537701018265	-26.208773836577414	0.742622364958218

drug_6.txt	0.132215630043307	-0.7201020233071119	-0.010043680067107194	-0.05510329627367505	-0.08428708840631091	-0.07105430154072714	-31.00100451207061	-1.3618190678307969

drug_60.txt	0.0807428392295279	-0.5954935094635436	0.005058411534479668	-0.0018948157141509547	-0.03216607529719169	-0.004478501701110468	-26.677189342291605	0.9517266543336438

drug_61.txt	1.79177164485829	0.6616643578984659	0.054553756408071113	0.09772226604704731	0.011849116463492645	0.01641654828180832	-22.269785594308864	1.174624732915901

drug_62.txt	1.75862137027018	0.6645954448346476	0.06781579699487464	0.11315180604848069	0.021471354278035367	-0.008147905033993676	-23.279386094918156	0.9386759521085248

drug_63.txt	1.81343914361017	0.7167961984559272	0.03681192326036467	0.062147562461022654	-0.011602623271770003	0.025016452788408867	-21.047492013305668	1.4298017933118494

drug_64.txt	1.82017903377492	0.8691391775281556	0.01779322367628064	0.02718109390265655	-0.02576809763401379	-0.00046669401605289315	-24.915011691861807	-0.22741128285503473

drug_65.txt	1.73938820451493	0.9654893258693238	0.00729859334839808	0.012323659708156687	-0.02627161656149932	-0.07198330194163882	-17.253021769917332	1.3436384629888773

drug_66.txt	1.74223664503245	0.7322753528603803	0.013201723440415869	0.010141795030749856	-0.013510228882665702	-0.0682886304635103	-11.83064914534137	3.1108928789186487

drug_67.txt	1.81189610932439	-0.841267080593193	0.055753098788603156	0.11560753616100689	-0.009596741222635758	-0.053856687296255035	-25.056911372394033	1.025420609295631

drug_68.txt	1.70949505973598	-0.7340876915664255	-4.7212832756104994e-05	-0.02176608440539185	-0.03493642691967622	-0.022414562917721856	-17.511000230543754	3.9977901019887327

drug_69.txt	1.84444728256453	-0.7216294470628073	0.022837400676481073	0.020155010002938012	0.015316022191377726	0.026044244980790988	-17.09911734677074	3.941282061939472

drug_7.txt	0.0521357498635768	-0.6407054581296323	-0.024830059957554412	-0.09114732944564385	-0.09224021126656252	-0.10868809215111215	-32.39139742449692	-1.1130327669183628

drug_70.txt	1.72547109568206	-0.7639058447572836	0.03247408088179185	0.06365735534485933	-0.0015927897434156787	0.005807643248655884	-23.333382735566314	0.032998147397638615

drug_71.txt	1.92162686203253	-0.6352516764125818	0.008146936740186739	0.001918317322241292	0.01061671541396856	0.004727423314967939	-23.63196983170306	-0.07434214828634096

drug_72.txt	1.92317454051481	-0.5882404470308915	-0.005855291108092797	-0.044669009809411186	-0.002685877396220649	-0.026958457885862274	-23.726328096696637	1.0683201911531208

drug_73.txt	0.0784915649781143	-0.7107179710827038	-0.016650419348504503	-0.05003917089596227	0.0005146872168577071	-0.011744677892471406	-24.746072522478016	-0.3285162648514027

drug_74.txt	1.77739321250682	-0.525599105850906	-0.0032827102968778776	-0.023142529023561453	-0.05049202144210458	-0.054949740735462695	-24.327899087705433	0.10558102998051272

drug_75.txt	1.83281473139129	-0.6991842931635435	0.010415719864848627	0.004498775150041101	-0.0004792523863396146	-0.020668459216044332	-24.603069525409214	0.10438293192731811

drug_76.txt	1.75263500098689	-0.6507712695999568	5.511828930385154e-05	-0.009890511922351353	-0.0010221071621025102	-0.014825213033871916	-26.94756776339624	-0.9469086142316792

drug_77.txt	1.93276480627895	0.9381469964350773	0.024658782433030824	0.03223802209483356	-0.0012643689757186488	0.0068863841485978326	-24.50396864604947	0.5342023166426125

drug_78.txt	1.78119216524051	0.875871425860401	0.05303658953326865	0.09518554958583969	0.008566037828488629	-0.012556950905063494	-25.635395053189736	-0.20404240481554445

drug_79.txt	1.75762867326917	-0.6501136179187064	-0.025796585687343693	-0.0722563110453796	-0.021840164773316337	0.010518327784355979	-25.5898955966143	-0.761611956403618

drug_8.txt	0.152091371985949	-0.5949082009088442	-0.23113367376149663	-0.7894585905517694	-0.10511198335697579	-0.09103464064431535	-30.06955834403715	-0.8669228159122012

drug_80.txt	1.9489858235902	0.8435639824186643	0.021681667601744614	0.04437402190578704	-0.0032450109107921826	0.01839618047609878	-23.899598195171755	0.6907596274205975

drug_81.txt	1.85163649874026	-0.8639322742735844	0.01899378431584911	0.03859740601389405	-0.023382423787579234	-0.03190886134679413	-25.404801897045747	-0.1681348308094899

drug_82.txt	0.0950156161107176	-0.8582396328829525	0.05673099339753318	0.08309466000846388	-0.02719750216880924	-0.0043220893648698066	-24.31207390574054	0.8042887572696712

drug_83.txt	-0.0618532150095271	0.6403030524499944	0.03713319562332429	0.06892519182493545	-0.03688422555229668	-0.04373721064206186	-26.89212199058064	0.7732380023944585

drug_84.txt	-0.11579555731003	-0.8225109531412715	0.029546816737293202	0.038172254075538536	-0.033385128809231134	-0.05004152191390342	-26.748460297072093	1.8212268005783832

drug_85.txt	0.113437982561042	1.0836701215760105	0.10173494068959058	0.17794487614664578	-0.0130426710710643	-0.044477088132694395	-28.127079010637946	-1.0675889123632079

drug_86.txt	1.83621892742282	-0.9206122142104209	0.016247181851511194	0.0240893199375376	-0.021918701299328783	-0.0152467739721263	-27.717056944307217	0.13900350352956614

drug_87.txt	1.81743895784231	-0.7386604783785313	0.044771649520474965	0.05560301940353629	-0.026658951394179207	-0.003468373896470139	-25.574383295458286	0.1235044171917894

drug_88.txt	1.91114258844292	0.9309561104070485	0.08740070409198944	0.15118272998859106	0.017868050134219104	-0.017673314197540427	-22.286549418700393	0.8964037915004992

drug_89.txt	1.81725202893334	-0.7684816344482446	-0.010576280300426455	-0.0266785373480824	-0.05091139157345983	-0.06575582260280159	-20.7966274742285	0.18852405448066492

drug_9.txt	0.203514237687397	-0.6436910670758712	-0.28341736258100014	-0.8065179983781412	-0.08152735679196747	-0.10677517222340652	-27.18077923788822	0.07523262339983021

drug_90.txt	-0.031735600733267	-1.0378976443726757	0.07249099953703414	0.13182574134747682	-0.010665876044117156	0.01425997891442713	-22.950614234430063	1.3952222267603636

drug_91.txt	1.88807718654576	-0.9294972090441533	0.018587577308630227	0.03641958573800874	-0.010644794108832314	-0.005310852838254124	-27.54487369495768	0.4887793940386858

drug_92.txt	1.8366728976303	1.0830672927428502	0.04032833602225494	0.07727119683369454	-0.02047868335390756	0.03037780884035829	-25.87779534301617	1.2443339810489364

drug_93.txt	-1.64962852878305	-1.0832242103413956	0.0019535635354144543	-0.019855495669594492	-0.03769180231593172	-0.033075193456902005	-23.954731087178473	2.5191107287839114

drug_94.txt	0.0523975019383069	-0.9756010816425233	0.032139287173126224	0.050731008403955835	-0.006696833094095733	-0.0006438477219032684	-23.740555939795147	1.3322191206423135

drug_95.txt	1.87519650756423	-0.8379150602820913	0.048983037468222385	0.10346292482174652	0.0027577860386848087	-0.0416768423366328	-17.093683101142837	2.3996068770733743

drug_96.txt	0.0855698364597807	-0.7918220369154674	0.025744058990913338	0.0423789993898388	0.008102027678428377	0.025932626673829562	-23.72619635740869	0.859937476960278

drug_97.txt	-0.0169373846207433	-0.7232019080946241	0.004648645698752896	0.0004732340925004408	-0.029100933368665562	-0.032706984343300875	-26.976780950498963	-0.3280806239990892

drug_98.txt	0.0447410279928944	-0.5992032996173824	0.003119428844998884	-0.019188401359094887	-0.05607339976970927	-0.11980126941890257	-25.774577610908015	-0.45807243052796887

drug_99.txt	1.88677913362514	1.0877716150979946	0.03757830052610503	0.050827540735198184	-0.00026963804442451246	-0.020085853825990495	-26.210321773210815	-0.1297446389359891

