	SScmap	SSfisher	SSlincs	SSlincs_Norm	SSpearson_corr	SSspearman_corr	SSzhang	SSzhang_Norm
drug_1.txt	-1.78812546814852	-0.7549895836403973	-0.21711945684689302	-0.6813362815793623	-0.07057044280769643	-0.12444523294136105	-14.222115874744674	0.08372695220266135

drug_10.txt	0.0779371400668178	-1.0079132159893192	-0.25944667577794106	-0.7937855527606449	-0.0742345091967823	-0.11348117715305951	-12.425012193288374	6.386050413844501

drug_100.txt	-1.85792473443284	-1.244957064242533	-0.017647955207889005	-0.05299178187810061	-0.02196830698021727	-0.08725855058021115	-11.342867934768657	1.5171595286751713

drug_101.txt	0.22756118884214	-1.474912669334841	-0.004677323954236201	-0.01661852809094222	-0.023366051497620825	-0.056751352571399245	-10.93480899626317	2.9304723772367907

drug_102.txt	0.0422452233963689	-1.4175928124304416	-0.05559914150182624	-0.10232446872372442	-0.030640235039684858	0.051294862469897014	-9.429713485226868	3.4539427778442993

drug_103.txt	0.166808378663468	-1.177688905951759	-0.029169445638293462	-0.06420348838882944	-0.040428747689295295	-0.11053460098114126	-9.739694379352454	3.676266053577305

drug_104.txt	0.0425676121536586	1.35815412579417	-0.012773442214266129	-0.019812077575949272	-0.03020554634921764	0.006932958682123828	-9.848854564323721	4.101700071941481

drug_105.txt	0.0323600511547314	-1.3239962853071967	0.00894937968303744	0.00756995565184837	-0.02928221002357725	-0.09241875740407282	-9.469795482799212	4.813432531715131

drug_106.txt	0.0550759772655651	-1.3867407547063897	0.005313650843651818	-0.004366820096317059	-0.02796022679989415	-0.006947932703960706	-9.02738630904577	6.004010293501678

drug_107.txt	0.174313932067727	-0.785343111118789	-0.05010044330543294	-0.11024021993600311	-0.07072670614818033	-0.13156260081349178	-14.175931732253723	-1.489669907971053

drug_108.txt	-1.68168239259422	-0.8056417659672382	-0.0499496542667103	-0.11174695869959322	-0.07954534253673134	-0.1256866688466408	-13.793751902336345	-1.2492708519480586

drug_109.txt	0.185655430458439	-0.7630232188288204	-0.02958633993290885	-0.062467510518010805	-0.045896479579953825	-0.09126948321720768	-13.720397812909116	-1.1351696401811109

drug_11.txt	0.117078428134716	1.2082908817278843	-0.02449535198398367	-0.061545478112185026	-0.04374202351279391	-0.08503165809873044	-12.142450612598143	1.3349955980556099

drug_110.txt	0.17771733759773	-0.9459698619442025	-0.011637889115221678	-0.030221773008701658	-0.011191211771039253	-0.024532874714689856	-7.865459439438779	6.468202634211724

drug_111.txt	0.130180132766679	-0.9886923738953575	-0.02413455266741321	-0.04991937267218499	-0.03372498346273477	-0.09374171689479992	-9.532214117811002	2.6880331962785684

drug_112.txt	0.17906531563068	-1.024011434894136	-0.042296965841803744	-0.08833979176639817	-0.029544508794908428	-0.0274475003849301	-7.682846151871532	5.245687846379753

drug_113.txt	0.152386716508088	-0.930812671605987	-0.05225902394634588	-0.1083285111298925	-0.04687730743439977	-0.13646088781373586	-11.512781866654931	2.581512065725904

drug_114.txt	0.143582900954822	-0.9732281480211131	-0.05115670061309352	-0.11129858413890148	-0.05380661303798535	-0.08215848151942291	-10.56449607797837	2.0349090284114504

drug_115.txt	0.137941363261362	-0.9149405857934626	-0.042859647574541165	-0.0902840089186398	-0.040665794313482134	-0.09595935060242945	-10.936690246469448	1.2523325125379037

drug_116.txt	0.16313070690547	-0.9979917767063256	-0.04004312198135904	-0.08702683933359134	-0.026883513070514176	-0.015510823045231967	-9.632701482630523	2.8746247466545345

drug_117.txt	0.163627511666092	1.1899622155186416	-0.03790233605283905	-0.08848365124662094	-0.020000734727923693	0.0303931647202516	-8.572013744494685	6.056062067539719

drug_118.txt	0.050955031025351	1.125777409451566	-0.025342252928070935	-0.06393670352573905	0.00465558171132343	0.041847442438854736	-7.932663710940222	5.41682072807582

drug_119.txt	-1.79806452474737	-0.9857431969776034	-0.014114179813250333	-0.03825968905170546	-0.052056741478187236	-0.03147117436549814	-6.64940903806873	2.797801290241682

drug_12.txt	0.118626106616993	1.0565595596833925	-0.01810727986734051	-0.04433140817646669	-0.04588115636013277	-0.04568475615190282	-5.706939356267717	2.4582856072856667

drug_120.txt	0.0252435981746272	-1.0607248871088113	-0.01880977877239018	-0.042177565538335016	-0.00915636517810241	0.03759779269089227	-7.948975213703423	5.3668627813689165

drug_121.txt	0.121172577046744	-1.318450248407633	-0.044822384497093914	-0.09366109489789076	-0.022602930722556005	-0.0054323984825439126	-8.354654169004478	2.901618644361896

drug_122.txt	-1.86156926763304	-0.8964490931071039	-0.027637759399012002	-0.06537664388311026	-0.01928267573487966	-0.03533015689577252	-7.106453825025395	6.998836161960919

drug_123.txt	0.0142016504579044	-1.023565776032	0.02575371101949292	0.03751836005146403	-0.05386920799675499	-0.03058016792910872	-5.896784272308217	5.9742356124323255

drug_124.txt	0.0305085730527355	-0.8249580762351856	-0.01966775148075059	-0.05078432637273955	-0.023914380778189498	-0.04991886605616142	-7.763369528147243	6.168399439057254

drug_125.txt	0.0165067035166142	-0.8119665053579138	-0.04971286740482114	-0.11127427807886645	-0.040321634318654646	-0.09042100475407938	-8.928380474603122	5.047324863851357

drug_126.txt	0.00806935953259025	-0.9331601045926485	-0.03727005917939756	-0.08459803906126095	-0.026946643842250803	-0.06658567526005307	-8.330634307696258	5.286838898755102

drug_127.txt	0.0252664362579277	-1.0242086538692856	-0.020614024838470385	-0.05197446721404808	-0.01393317438101997	-0.05584314708609724	-8.043444778155495	4.153346714486929

drug_128.txt	0.0740703580348369	-1.3037161327385776	-0.03253915959172704	-0.06334829271265785	-0.022920965264085002	-0.04709256846214441	-9.589018339439145	4.7330242686065604

drug_129.txt	0.031683937665391	-1.137388736165934	-0.0513434098239432	-0.10993314793081949	-0.04108878157555298	-0.08440660421249169	-8.126480155193974	5.020941003248893

drug_13.txt	0.117328053696374	1.0368010670339305	-0.00805316780421364	-0.024036428928842224	-0.03844908430288912	-0.05887489426228695	-8.057233278692733	2.1325693126940157

drug_130.txt	-1.85572802949026	-0.8983891347534636	-0.030777787739370732	-0.056796993473555324	-0.03785053023584623	-0.0898935196114751	-6.186020074003176	8.965651654631781

drug_131.txt	0.105364905575228	-1.1599126064500593	-0.05214524709240104	-0.10120393320520893	-0.06846523167205772	-0.1423133212639324	-7.370584287710265	6.650504119539541

drug_132.txt	0.0466115462525104	-0.9886950097680761	-0.00863771063899485	-0.021837977631252004	-0.026155091832060107	-0.08651338250600736	-6.352215511329674	5.120046368861049

drug_133.txt	0.0165651265204063	-1.061971449465018	-0.0518488030432277	-0.1093757297456926	-0.05188265287054502	-0.03898487957074776	-6.093600448859698	6.286169265605559

drug_134.txt	0.033048911481263	1.197440273643414	-0.05820913070072266	-0.11838637550424189	-0.039527539868388	-0.024673646027505967	-9.09512598508935	2.5410484163031417

drug_135.txt	0.0809185963157133	1.3056190225103739	-0.016994417724277677	-0.04289422202223775	-0.031548463257171595	-0.04158545580442501	-8.72612224092471	6.309098865711115

drug_136.txt	-1.8481893375282	-1.0976968003043996	-0.048870962621660824	-0.10066070747645173	-0.02594853729307665	-0.036407620699695234	-9.223920114708589	4.338470549040086

drug_137.txt	0.0344298188436237	1.0504491116537285	-0.03301325060236383	-0.07266778597676235	-0.011165830772822549	-0.017112074394116078	-7.497915222724623	6.249811766180858

drug_138.txt	0.0435161892879572	1.1401015337997684	-0.025730773702287935	-0.0692009185738825	-0.01764343864620689	-0.019424377884199553	-7.0770835854501986	5.824626228171559

drug_139.txt	0.0464787666984372	-1.0925315274583567	-0.04638864847985394	-0.1042680780565125	-0.011954041006570477	-0.056321814127623174	-8.570825586469667	4.209909037417979

drug_14.txt	0.112435392687886	-1.1626822630759075	-0.01875746605070533	-0.044407770619405595	-0.05893627865271412	-0.10549790439624662	-12.637065396364383	1.6325636455468058

drug_140.txt	0.0656245161593522	0.9945693879659022	-0.0038668727321331253	-0.01583550673087969	-0.011761732120196445	0.02620848739994301	-8.642254419837839	4.115620135834076

drug_141.txt	0.0540004628775728	-1.2820504727362723	-0.0012649662465713252	-0.0068185408645015655	-0.004511972213651393	-0.009857480874156015	-8.503929355937673	6.081433130182713

drug_142.txt	0.0975120330464974	-1.0292863148458933	-0.04736312176176555	0.0	-0.047554840681418485	-0.13444381988521542	-6.580356520750593	4.897832548939017

drug_143.txt	0.116034249721485	1.1692204027177813	-0.027487193502075985	0.0	-0.022523637350457506	0.02120200152762828	-5.836404575141827	3.9735012451187077

drug_144.txt	0.125143458249119	-1.1871979432780964	-0.014539275409953145	0.0	-0.018367852491347727	-0.04317988552289023	-7.327817933118438	3.9173549391009552

drug_145.txt	0.112040240734965	-1.0758253613537456	-0.016094967189525022	0.0	-0.01147435685276276	-0.0751513959680081	-6.227968653164204	7.304257584803117

drug_146.txt	0.0786360916394589	-1.0867930085531685	-0.030849689163250843	0.0	-0.010593141665980172	-0.04274174267395497	-8.579868789215633	3.8811119489393593

drug_147.txt	0.0663876525637076	-0.8259389408271199	-0.02058422470467386	0.0	-0.01383562176536851	-0.0736162364285838	-7.909615645547524	5.404643689455259

drug_148.txt	0.0763455880009772	-1.1020759915705598	-0.0051784178018460525	0.0	-0.017330490072666068	-0.08564471935803777	-6.408025934115904	4.897345618680018

drug_149.txt	0.0893303661528984	-1.0636202356541653	-0.013259605545930503	-0.06920261182932141	-0.006012750113867284	-0.06963783801276248	-9.922931083167395	3.9651132897805197

drug_15.txt	0.22509173055375	-1.0872024013804535	-0.007853722079927572	-0.04050326107344471	-0.052728240611344	-0.10320435780355662	-12.494776138559763	1.467001495293063

drug_150.txt	0.131511034544251	-1.1374673978396954	-0.030718995162997448	0.0	-0.014397044940523511	-0.05355948032846818	-6.442185477335152	3.43476444891798

drug_151.txt	0.039696306603924	-1.1098885534922407	-0.027592201345994966	0.0	-0.023618677249300488	-0.05482097416413923	-6.321785464133397	4.974465057891841

drug_152.txt	0.0915210195667171	0.7062687594900491	0.02810223735417383	0.0	0.03776448447547845	0.0692324709004234	-5.2905413086607185	5.491760028851749

drug_153.txt	0.0891203652290745	-0.933098126808973	-0.03555576544798486	0.0	-0.02259032194932197	-0.14467931246714985	-6.88431961450873	4.996318323441215

drug_154.txt	0.0968088325281259	1.2501049753717752	-0.037763274775387295	-0.1410850623819686	-0.03293847386462808	0.040319675508390246	-4.886959965675435	9.72490053353213

drug_155.txt	0.117432152866767	-0.9734092462121938	-0.0531933622881659	0.0	-0.03654225946026413	-0.10057278063853473	-5.582798845579796	3.816819147514979

drug_156.txt	0.0999541146050106	-0.9417910839183958	0.0016988226041056986	0.0	0.0023978641827536564	-0.031837599971279315	-6.319709854744015	3.276525514991942

drug_157.txt	0.0418016592133078	-1.0551535076075376	0.0039001893462150272	0.0	0.0006812851637499712	-0.06217973899160244	-6.408333975085353	3.1540098754818717

drug_158.txt	0.00443058816031272	-0.8749898498142061	-0.021842562035945118	0.0	-0.03644575069609521	-0.0790353900855826	-8.394644487716866	3.929006166759632

drug_159.txt	0.0496813290702245	-1.11331629985978	-0.04253361597333033	0.0	-0.06262323943340199	-0.07276465646781528	-7.362831923312467	3.3139212661567696

drug_16.txt	0.130058957340907	-1.0703428783501234	-0.012558917796758884	-0.03392976791868774	-0.06395493983617473	-0.10366656367666409	-12.342930276393426	1.7551309878599592

drug_160.txt	0.0827113617130719	-1.0486578838466754	-0.048549292979032876	0.0	-0.057602467975745524	-0.14393838303683923	-7.760729176980538	4.093865819744147

drug_161.txt	0.127140462742379	-1.0580173715620318	-0.037602146652601726	0.0	-0.03426607157334712	-0.10739127697231816	-8.030026660212474	4.916064723095451

drug_162.txt	0.107469968483767	-1.0917478978759292	-0.04891944591833222	0.0	-0.07081764807921549	-0.14973338894715765	-6.5946620900579775	4.499962388432004

drug_163.txt	0.0526624956182747	-1.0641508066871217	-0.04158647510361321	0.0	-0.013498777750152019	-0.02669286878659886	-6.295007902717728	6.130178173538914

drug_164.txt	0.0869068737319553	-0.9332187049236034	-0.018170625574499416	0.0	-0.025295036711556366	-0.04595789629734165	-7.173988140422677	4.311620056677463

drug_165.txt	0.00556452555209741	-1.1471680268304474	-0.026339757505799283	0.0	-0.06088450143682527	-0.10068607450775238	-7.391399056074458	6.910675412152555

drug_166.txt	0.127666800894725	-1.0155505212243605	-0.03234807083295935	0.0	-0.022131842270710078	-0.06554767431467216	-5.954736313262997	5.11711186814977

drug_167.txt	0.131361259207256	-1.179606906171875	0.023566186947935525	0.0	0.011093991078287908	-0.050616615538196526	-6.781540278190333	6.355617838540036

drug_168.txt	0.134007290160826	-1.1534349669330612	-0.007208536685534422	0.048743416765958	-0.001970160238357045	0.027629878432547564	-6.425100204993931	4.737300710955361

drug_169.txt	0.113044794510362	-1.0914909111491486	-0.0182763587004095	0.0	-0.007638822832702632	-0.06434719304720882	-8.271912164317854	3.4942427268153375

drug_17.txt	0.15250847133555	-0.8704508735953254	-0.0231958168107136	-0.05689647005989468	-0.06051215916058483	-0.13218299886677357	-13.477962235644007	2.8249231444736065

drug_170.txt	0.117538054620197	-1.0072915128298614	-0.29656762436356976	-0.8148378588250136	-0.04125720360933698	-0.11246855725337916	-8.777961135497687	4.361617958934292

drug_171.txt	0.136335471003681	-0.9216625637861806	-0.036379088260202724	-0.07863359343205156	-0.031982963488124835	-0.05068370076249136	-9.253492047775687	2.76384926762025

drug_172.txt	0.192103334360162	1.2462366831878935	0.010415467210296875	0.013534892616268834	0.0011126482853550893	-0.05675323431373563	-9.870930833800896	4.420338133532878

drug_173.txt	0.245364931326415	-1.1073995634427691	-0.022058492210192154	-0.051779471275061606	-0.02874934317220884	-0.08169941378147096	-9.561694372018145	1.6143686189315214

drug_174.txt	0.260400888029658	-1.1161938011029282	-0.03210197302333609	-0.0721564973418255	-0.026082564749306106	-0.0763093637893683	-9.447312159183838	2.7328160562051753

drug_175.txt	0.401519802823167	1.2004304775608046	0.00115239016979371	0.006435893064243248	0.015235077387822349	0.06103035062380933	-7.594834446314693	1.4359332365304776

drug_176.txt	0.237928825652559	1.4286228151927385	-0.018860223722899166	-0.03044298293819442	-0.0070325575201462525	0.030282042718554735	-6.337590899589645	5.094416886119803

drug_177.txt	0.0629869830972433	0.9984942558784838	0.01218012814660388	0.02071228006175163	0.0018730392525569376	0.06084937808956716	-6.628982988070747	3.538468886928105

drug_178.txt	0.148413099242175	1.3639347389610377	-0.01915397259918941	-0.04493814188437939	0.003377281065089152	0.0030296979528527074	-7.682578449600464	3.966582554097318

drug_179.txt	0.244469015367986	-0.9885384175986613	-0.030748934119331633	-0.07618389596153574	-0.023853848790138847	-0.06786027701445921	-9.806392583546945	1.5081102955478334

drug_18.txt	0.239738377604451	0.987623364280795	0.01837918677816408	0.040888092668774856	-0.009158425481837063	-0.060881843028556024	-8.006630215151949	3.362439078050647

drug_180.txt	0.29704167153525	-0.9947850433047594	-0.04262652244098694	-0.09029904975563458	-0.00893781193498255	-0.08545151790932953	-9.304872548048891	3.206937667883856

drug_181.txt	0.0878496890383317	1.1914340228892997	-0.0010821282948641764	0.0012820062044999747	0.011525884078656908	-0.02979376226674526	-9.786707298737399	3.3675719006529152

drug_182.txt	-1.78357038909721	1.1481815536493865	-0.0021509150993335724	-0.0034926362236072928	0.003376328082363809	-0.05772742814951594	-10.000106347477548	3.1863909093432077

drug_183.txt	0.09005215580884	-1.0150451122494737	-0.024013564035857027	-0.05713294635602628	-0.014784588343899155	-0.05722368864159479	-10.01758033818498	1.7975004655888553

drug_184.txt	-1.78886245100434	1.2532780420831253	-0.01125814763904609	-0.03494304955539468	0.003318551094892653	-0.00485664491843884	-9.843456513049569	1.3891334658996868

drug_185.txt	0.0728279920544715	-0.8071688039964633	-0.029086945778254228	-0.0671915446609978	-0.033746973921307745	-0.10132386447593349	-9.477965902798406	3.9300097795004363

drug_186.txt	0.214909099922006	1.1690918774493722	-0.013077750792314768	-0.026524786313910753	0.006623768769140826	-0.0008202060364657692	-8.75501575042814	3.1043186748817226

drug_187.txt	0.185558895699005	-1.2057726103550326	-0.023022630550288775	-0.0531430750274447	-0.011240526509018417	-0.06322418050215585	-10.83854252615598	3.4031872970963324

drug_188.txt	0.151558381319059	-1.1639076726507505	0.008070934995178969	0.01972836520830973	0.007649818868183128	0.03435923042453082	-7.258615062469975	3.1240386996078735

drug_189.txt	1.60772442239285	-1.2667395450663688	-0.02421434549512802	-0.045931392526238346	-0.023513399564956378	-0.026198465717157615	-9.502924555632566	3.690369638478089

drug_19.txt	-1.79647145979934	-0.722233880929864	-0.045926608611568526	-0.1394062434246338	-0.08920695496675567	-0.13432199802626268	-13.199698559908468	2.376835836838159

drug_190.txt	-1.70139516708174	0.9208843392897372	-0.002724234046015628	-0.012616178639840603	0.004288064612660919	0.03484741270069181	-5.721303600045473	3.258309794581032

drug_191.txt	1.65220892066156	-0.7336844183535728	0.0062005134125088235	0.006519358614687776	0.014831567637886919	-0.010550322304501836	-7.377947933741854	4.150437995796643

drug_192.txt	0.0688367191314897	1.1504069738219187	-0.025934296205328944	-0.05663898991017857	0.008139458017672907	0.010456852217976357	-5.7776530945282385	5.562439107173782

drug_193.txt	1.62869570563561	1.2181367662925486	0.01499794471968599	0.029690853416595664	0.020723880020955817	0.005446000380043008	-8.581695032105937	2.7627160996991034

drug_194.txt	-1.59038664762366	-1.1888620137736299	-0.009285867695157518	-0.00802429570110591	-0.0041448172276375385	0.02205159257342776	-5.956294853882233	2.1114602373918068

drug_195.txt	0.237485261469498	-0.9144826112327198	-0.010313817362993805	-0.029417975743612823	0.03264524718121287	-0.019648442135277052	-10.49037555328192	2.1395104241476357

drug_196.txt	-1.6330726186671	1.197525530230941	-0.05011312338265747	-0.11056146827349134	-0.018844709002867978	0.037322788303015685	-7.917012295968697	3.81836673848853

drug_197.txt	-1.75218183363253	-1.207434588674602	-0.021392479538446946	-0.05237820210512739	-0.02579567016782279	-0.0535927363822906	-11.03780469469106	2.5326294983878443

drug_198.txt	0.284657217912654	-1.0453945575064674	-0.026773640885362243	-0.06545318903437691	-0.007678075974771577	-0.0755794036425835	-11.03519368075954	1.5796001954313765

drug_199.txt	0.204577337732923	0.8866449404542975	0.015739568629323908	0.025543914434458637	0.0009184187346177545	-0.029671506751778206	-10.98625550531554	3.3382033551632526

drug_2.txt	-1.81913746079784	-0.511803606765214	-0.23590677235505497	-0.8158126513251133	-0.11919099114416237	-0.17595831046820698	-13.606066940236385	1.408504095414923

drug_20.txt	0.108896761241117	-0.7600037086248632	-0.032054972643594914	-0.0933534084084916	-0.05851221421421713	-0.1176178109336775	-12.816543266921167	2.315067182598911

drug_200.txt	0.053318507087853	1.579867806913783	-0.010763797205293607	-0.030562993317304443	0.009021675682538465	0.021513720960629985	-7.371988807844777	7.108131011797127

drug_201.txt	-1.84024274677603	-1.1120998981937888	-0.011978995671365678	-0.023929365810332226	-0.09912915969943786	-0.07753650255989011	-9.685640523522961	2.39790161822669

drug_202.txt	-1.88428519374388	-1.1364399009093527	-0.03423346238409189	-0.07292030517951309	-0.08629947264026114	-0.05688408244220644	-8.589781107553971	4.161887127339056

drug_203.txt	-1.76156076974158	-0.9755489763277178	-0.024562413628228086	-0.05402278797432153	-0.09436108598141776	-0.03970856126960817	-9.446894103582443	3.834185858016894

drug_204.txt	-1.86271754521667	-0.9544717994828473	-0.03586680252778371	-0.07638047049707197	-0.09990423940390548	-0.07099382645524195	-8.985320380944	4.425640865529665

drug_205.txt	0.0236629903629404	-0.8656337076589751	-0.06993441560981531	-0.14118314512166813	-0.1269280602013579	-0.125578894472885	-8.405583609286701	3.824591505663854

drug_206.txt	0.0220712290687116	-0.9712118702165455	-0.03415857915079534	-0.06904149218690925	-0.09643631582258365	-0.0634563512680588	-9.414634146341463	2.8567894531485805

drug_207.txt	-1.84614240792261	-0.9994907569677149	-0.03803474352237626	-0.09172113585785951	-0.06993834623992314	-0.023979817205128408	-10.05167387262506	1.759773479104179

drug_208.txt	0.0457298900134646	1.2113630070078476	-0.01680801778635449	-0.045103752087438775	-0.07116362025555856	0.006339590185702337	-9.48652137400941	2.279524333445346

drug_209.txt	0.0610082780407082	-0.9447964364364176	-0.032661139439866	-0.08949964295199889	-0.07278857041265077	-0.021827139728685663	-9.634414043734484	1.6413467652696883

drug_21.txt	0.118413868558864	-0.76009059612548	-0.029915277793892456	-0.09345749574082807	-0.07012722553111644	-0.12367995045713756	-13.457374830852503	1.3780404841608118

drug_210.txt	0.0456215418973409	-1.2584975932874587	-0.02374259675009638	-0.059641022589427994	-0.056423827393245696	-0.026231742486402563	-8.771074219537866	4.537678713976769

drug_211.txt	0.00384856306771297	1.0375265145724404	-0.018853648802395956	-0.05329206478794857	-0.07230304481650335	-0.05038145495071057	-10.467767546417006	1.5290539093047562

drug_212.txt	-1.77015638695406	1.0794896253049078	-0.02534315516279531	-0.05892953050050642	-0.0788660207319893	-0.028129887992316954	-9.738975617090407	4.706518690175414

drug_213.txt	0.0341031811406037	-1.1553939256365193	-0.01656892329136797	-0.02870797713617057	-0.07359303616633511	-0.04234023833086897	-9.600907253998114	4.31082455491735

drug_214.txt	0.0327052779953216	-0.948174124937889	-0.006584298955314927	-0.010044274986438173	-0.08033703784561746	-0.06960188970485448	-9.444770821185884	3.9093427111858143

drug_215.txt	0.00797110266257606	0.8695538844649734	-0.0034215049339862136	-0.01462022249153988	-0.048932059646584605	0.01454439914914721	-8.73018178084352	2.328741125282498

drug_216.txt	0.0241680837866347	-1.0420535436186564	-0.06227519600506304	-0.12420710908739935	-0.08834529211867236	-0.043602492470743125	-7.728120840071729	3.8362505164812086

drug_217.txt	0.0491306399523861	-1.078041924792843	-0.03171985634172969	-0.0664386920572213	-0.08343017141168348	-0.08458535361207296	-9.969503944024556	1.591126591351679

drug_218.txt	0.0299049330581819	-1.352176368913495	-0.03850531349169081	-0.0885539172974476	-0.09356761735010467	0.021016009414513478	-9.741175909729327	4.79659527767192

drug_219.txt	0.0823263010062598	-1.0033350684170015	-0.01914404024444133	-0.046643503411297416	-0.07873131096773231	-0.0541918790225977	-9.504857146000418	2.0916244077654027

drug_22.txt	-1.84893670133098	-0.5632550359621246	-0.05127279940740544	-0.16582166201876614	-0.10743364291032148	-0.18631222792136048	-13.925168047350297	0.7149371139783115

drug_220.txt	0.0703442740466992	-1.1317496861020508	-0.03595700905399288	-0.06877017156483034	-0.09943779689184007	-0.12339938533050406	-10.491053976845587	2.2226390877591613

drug_221.txt	0.0632549080956258	-1.2253560285087208	-0.04468903035515692	-0.08382480100778888	-0.09272303977667071	-0.06254431335649366	-9.43761987010939	1.832847528200495

drug_222.txt	0.076984313986789	-1.2880004305068748	-0.042221988366366786	-0.08394293992951729	-0.0918711389463401	-0.04584389692513307	-11.653369564818787	1.5096879384440647

drug_223.txt	-1.79717041137198	1.3799690145688492	-0.015732454852165567	-0.03440755734376982	-0.07173776466706556	-0.03802540781978849	-9.852760083757806	4.764893255603679

drug_224.txt	-1.66361771012083	-1.5317465724179775	0.0036992071504076685	-0.007513674925570368	-0.08623325082987825	-0.04264397722001977	-11.791976999607614	1.2777308297644716

drug_225.txt	0.0229141136779678	-1.1932836921216485	-0.023381588742487303	-0.05269198128071073	-0.08523262135777963	-0.03309538626266767	-11.004671954703309	0.6524446166129013

drug_226.txt	0.0787316929183917	0.772562709127254	0.022179894468233943	0.04494256802290425	0.0011883810134142075	0.045694073565769634	-7.2852276019377245	5.192452203347493

drug_227.txt	-1.81758978231557	1.5199601258154556	-0.010740803496040674	-0.028105723392073123	-0.067855513356834	0.014693666231399503	-9.571683700598847	3.2438719624885106

drug_228.txt	0.0684412774777229	-1.0970247087448017	-0.07251603435463033	-0.1432504175663601	-0.1000384421144388	-0.02364028287515302	-9.559450073526445	3.1774552794870154

drug_229.txt	0.0882615470733294	-1.1338229367835395	-0.023483284315896302	-0.04936859898061946	-0.08992803284910895	-0.009514857712475473	-11.311711791001537	1.5218813855390545

drug_23.txt	0.0630782549579885	-0.5903537734333562	-0.045630527720794054	-0.13111439372272848	-0.07536351676188793	-0.13247685633099798	-13.604794437660209	0.29063336539925844

drug_230.txt	0.0858651416814172	-1.250812760745357	-0.032310337006551976	-0.0718731212430111	-0.09769873178866495	-0.08557194586359089	-12.298759401667088	2.5677276528031916

drug_231.txt	0.0518350939097479	0.75398771533011	-0.001593100722495605	0.06417074375549531	0.03232350868423398	0.030095254146673984	-5.722092038241086	5.99004829932547

drug_232.txt	0.101279254554661	-1.334891671018812	-0.017429419209814778	0.0	0.03851938775608306	0.016626791754555423	-5.588501270668999	10.967484276961322

drug_233.txt	0.108422794563796	1.403133500272483	-0.0002842222262494365	0.03988185485747148	0.06191388641244921	0.06912771090235185	-8.97394120084638	2.2556892331834892

drug_234.txt	0.0974395595517105	-1.2251709259486587	-0.004645817952436376	0.0	0.033772714784592935	0.014721091499292334	-8.886934295594648	4.728347569567596

drug_235.txt	0.111958979647872	-1.1502990800525617	-0.015677684311438567	-0.015806876078593324	0.026471027603276527	-0.003845211641933913	-5.848803224162147	14.80765542309727

drug_236.txt	0.119456244389058	1.1862054130495099	0.015468272855908405	0.0	0.05092699160874769	0.01640387622997476	-7.059994645954578	7.057245517635772

drug_237.txt	0.0832520400572577	-1.2889264954009891	0.29731601817885395	0.7624934782244104	0.02989304275784702	0.022652222669399945	-7.353084626922048	4.911454045583787

drug_238.txt	0.167157564748944	1.0209818868532101	0.0026968687910692984	-0.008379136044455726	0.055086715843431826	0.05664617851669328	-7.780817848773887	3.9182992797078744

drug_239.txt	0.092120120914695	1.176140358989858	0.007899955399055497	0.153578274211303	0.044703000640885934	0.005735747080647295	-7.958766515946621	6.537120930173614

drug_24.txt	0.210420088757901	-0.8121899999775912	-0.04042587309895504	-0.1169967089657501	-0.0572982647932794	-0.03804893581095167	-9.962994744967748	2.347903065991451

drug_240.txt	0.123291980147123	1.1481491353631428	0.27478293218781463	0.7512196556217077	0.07133150183493532	-0.010684737140512796	-7.507834875371758	4.652480332397594

drug_241.txt	0.293955826415116	-1.121986022762059	0.29749443161260386	0.8109905778113025	0.05230246510551468	0.06447992680747963	-8.959030551063291	5.027282245261848

drug_242.txt	0.103852522312598	-1.1149244142633532	0.012870285943034021	0.17632212029278876	0.05526444240579931	0.03687264171271338	-6.825733155843061	5.89836947303845

drug_243.txt	1.69272527379144	0.8177024250408682	0.02547530512369306	0.25655220051510597	0.03230934081961472	-0.006817868468211381	-8.784679362355194	3.9431624528286946

drug_244.txt	0.0882758872651693	-0.6183291378361189	-0.23321913471341296	-0.6806280759875735	-0.0137448302830671	-0.06919449134521417	-11.097524304065773	1.1036453541791549

drug_245.txt	0.262662791756917	-0.7401390287164202	0.008467555680937239	-0.06384628793488623	-0.006075063978412358	-0.0287360866186858	-9.533761656967043	2.2807687789820354

drug_246.txt	0.104851024559228	-0.6852546863385511	-0.04980189433741761	0.0	-0.027926605562090787	-0.10593631640263776	-12.925850138068363	0.7385637722331599

drug_247.txt	0.103729834004635	-0.752120126428167	-0.03352216777021205	0.0	0.01165727536240461	-0.05736264152372764	-11.338742386070681	0.10983426500294212

drug_248.txt	0.116011411638184	0.7563917105777583	-0.0172990131427338	0.02715468020561984	0.02105692829574595	0.007486656547920507	-7.796293240334298	4.0453287542927585

drug_249.txt	0.0752454329466471	-0.7707399071614456	-0.034743078362634475	0.0	-0.007290390719226503	-0.025962334473863022	-10.430410244562527	2.3292568117073795

drug_25.txt	0.295317130686948	-1.0595273219550827	-0.032625195819472375	-0.06941089817663854	-0.033226500748954564	-0.07193065369831413	-11.806011199489532	1.4317741471973118

drug_250.txt	0.0736249912687384	-0.828728408546632	-0.016918610076409435	-0.05673417984062712	0.01694457667906433	0.0008782621943942854	-9.953540820929184	1.3901544779709887

drug_251.txt	0.102005293156333	-0.7740023700091163	-0.004643970506900685	0.0	-0.0008438210023724683	-0.014488777714296906	-10.091066445170542	2.2387403952149785

drug_252.txt	0.0853303056376107	-0.7792224892529459	-0.18085899319980386	-0.564743216101659	-0.013093474755979091	-0.04654772234596514	-11.040852099995966	0.1643782820437023

drug_253.txt	0.108164671110678	-0.8399502836487622	-0.024648199151722547	-0.08120959833333088	0.006341998200639857	-0.020008198957898595	-10.443777022343971	1.5203806767489356

drug_254.txt	0.104478710689607	0.7746135020126961	-0.011395803269364402	0.003834386800942391	0.05101831898495079	0.0374588318316199	-6.817240026256825	3.363892236736083

drug_255.txt	0.0873458992684411	-0.7961445156203635	-0.030474144910466294	-0.08314839165222718	-0.0030418354879263626	-0.07905357821490522	-12.2300149253184	0.4099854263527879

drug_256.txt	0.0958145792272262	-0.7966039809538519	-0.036270664223231525	0.0	-0.009938819726933312	-0.08867589651943723	-12.506701724662713	0.14146137497856776

drug_257.txt	0.0947661518682646	-0.7785440483537271	-0.03778372777984605	-0.02147467821678828	-0.016884021722710026	-0.0732104627358399	-12.742103699792072	-0.09247077284393025

drug_258.txt	0.125026821469923	-0.7906230938724474	-0.047601160236375964	-0.11471754880676371	-0.0404281546069488	-0.11046010069487983	-14.319702520435218	-0.8503974766338936

drug_259.txt	0.083239502448455	-0.6715793924074723	-0.06409916383287528	0.0	-0.029800519595703432	-0.11022498206867508	-11.685413159950274	0.7268154699985224

drug_26.txt	0.340192531962855	-1.0961870738849298	-0.035965240822815964	-0.0776799380091599	-0.0564219417380344	-0.09355835419462569	-11.694804742364068	1.218752663143893

drug_260.txt	-1.85927573823018	0.9759496746038232	0.034326530412049	0.06619884800557913	-0.02119185197119859	0.056203873537830275	-9.444701145252319	2.578928843832725

drug_261.txt	-1.77654132920542	1.2153132944901182	-0.018463831708074724	-0.047011795235852194	-0.07233915837249737	0.03508457538646927	-8.985503738663908	1.4079030580358163

drug_262.txt	0.0840109275158828	0.586127087664897	0.17057573763257777	0.8314395384857384	-0.007119842593187642	0.04484180138438396	-7.491141988551144	4.493952871179202

drug_263.txt	0.0473159699522283	1.0252909140633224	-0.02836945292007864	-0.0768865978469021	-0.04065009850073066	0.02202858332131237	-7.95660656200608	3.8338963503755323

drug_264.txt	0.0553810000666312	0.7599320576706682	0.0423203598939037	0.10318413570066959	0.004032445064682598	0.08188976544400037	-8.156741513287933	2.606557808428368

drug_265.txt	0.0677852660081444	1.2085804481591422	0.003552648007991155	-0.0061410645982055145	-0.06749803050506903	-0.07195079114273463	-9.588123553765984	3.6411914052210457

drug_266.txt	0.0663873628628624	0.6754303643897284	0.05050077586629782	0.12806139472808192	-0.011560434116393353	0.06093937545585421	-8.569223039997652	4.340299515008626

drug_267.txt	0.0686339929177801	0.9808344617063232	-0.011443110237616905	-0.034994690860204125	-0.047490058444488906	0.01940972267089835	-8.782383723701919	1.6470192110408095

drug_268.txt	0.0358916171197748	-1.0442793124218794	-0.028013798345646462	-0.07273164804352	-0.08110540518277046	0.012299647431695518	-7.449754484013041	3.0678967964751194

drug_269.txt	0.0541700505334841	1.0527800217338106	0.05072419658065974	0.09895641791332815	-0.035113452553805595	-0.031885941422093673	-8.273698068509779	3.2017483685965415

drug_27.txt	1.61601199103987	-0.9545857511334943	-0.019263318523176254	-0.04099905453368258	-0.031481679413970697	-0.071818420913098	-11.656277618256562	1.6999335328752414

drug_270.txt	0.0692830193780894	-1.2926707625505043	-0.0266627671002167	-0.05108902153190786	-0.060980456980685084	-0.05188232532095648	-10.250004583942998	3.267251863693782

drug_271.txt	0.0551042874759428	-1.0472008956430021	-0.015515489795278697	-0.0525515892448169	-0.0423356630496922	-0.020378348876049484	-10.848894903022101	0.8934803363519026

drug_272.txt	0.0653389355039008	1.0138418038629406	0.010705687882438086	0.01615161396489523	-0.052368542161586304	-0.002103513359958981	-7.4696671323952755	3.249637676883876

drug_273.txt	-1.84344645185671	0.7153844490342451	0.03818848297493081	0.09368830519507432	-0.011908843356361332	0.06632557838142243	-8.011617545133502	3.038179929348031

drug_274.txt	-1.78801683033155	0.7953319580254197	0.04929371393605139	0.10657227285639426	-0.029594569674341452	0.06129184828134762	-7.161395132219252	6.370921102311905

drug_275.txt	0.0784193149347545	0.7459248586496122	0.05683076317353919	0.13293531497982952	-0.006165430586639683	0.01936528159757888	-7.173423398645353	5.780412933746511

drug_276.txt	0.0639909574709503	0.6522801005508895	0.06184971246174492	0.14333487601853306	0.019322753773984576	0.09426302733128043	-7.427923913880546	9.430340840657795

drug_277.txt	0.0547721776458459	0.649846692404549	0.08155613383439106	0.21524140894907262	0.00993805729830751	0.06801518571199003	-6.740926543230249	4.840266048096689

drug_278.txt	0.0959430293631121	0.6535630550303928	0.09041645552934839	0.219810227115676	0.0305604928126716	0.07933964882465264	-6.56164303185657	5.7689777841491185

drug_279.txt	-1.82816936748327	0.7058852368058028	0.03694008582930834	0.09261039805449256	-0.04533065961038424	0.029898960076429653	-7.436893773538547	7.59292007234133

drug_28.txt	0.314138898035925	-1.0131300342999592	-0.030565416606019274	-0.059679024465184916	-0.06009647563641394	-0.09342148314172785	-12.428158611762031	0.46944769339756787

drug_280.txt	0.0458355825385068	0.657206914860105	0.06515223215464706	0.14996029361623553	0.01669043601749967	0.09604181124738806	-5.964652298755735	5.764830190616136

drug_281.txt	0.0400299293162126	0.7002549203910406	0.08178513101775925	0.18122765733828367	0.014993903201335264	0.05476799875889032	-7.6057845693477235	5.4733697765126275

drug_282.txt	-1.85418337677237	0.7218076871545631	0.07109837711632493	0.15097918106133795	0.0031574449031862998	0.05626251900645163	-6.699550040155341	7.830131876761551

drug_283.txt	-1.80215838395856	0.7343130696010807	0.04914147497137271	0.11799436507427125	-0.01811817779215975	0.044047815546763874	-6.705567840522789	8.492275339665607

drug_284.txt	0.0941457253191779	0.6610675961548	0.09166649231722435	0.24591361426192998	0.03692167896931612	0.09237662786860855	-6.017954387933595	6.974000521800711

drug_285.txt	-1.74733088954576	0.5236898242315899	0.19269095919948198	0.9443762182439825	0.0035668311551917287	0.0490265382240792	-6.416643746951678	3.6441295300521386

drug_286.txt	-1.78997118442259	0.576582037506136	0.21165675145677182	0.9463322427895401	-0.009974337026367701	0.0436123454405566	-8.496998434125071	5.597237348825561

drug_287.txt	0.0147233694912178	0.92017324640284	-0.018184809744313718	-0.060693531897163866	-0.06012358374878728	0.005000276375288331	-8.462464841157207	2.7746306838321715

drug_288.txt	-1.83815741571395	0.9323160623446677	0.012105708537211018	0.015152585938819518	-0.040819886893543295	-0.0024779556379009625	-10.456909102243932	3.375283605950388

drug_289.txt	0.0900503532258028	0.7724933245135568	-0.01279521297751178	-0.07076315632564362	-0.04282821898743375	-0.029092195067223794	-6.041867901764268	3.4329527980466894

drug_29.txt	0.0641638605920906	1.3642882187839895	0.027318356395749005	0.05226164771820502	-0.032504792342189254	-0.06745416315013732	-11.930481754073291	2.45932488204861

drug_290.txt	1.6760304739538	1.2075403356213332	-0.006405520045805635	-0.019777725714308025	0.01715828267327692	-0.026048259004619732	-8.241896505568574	9.58072622518111

drug_291.txt	0.235228620640928	-1.1196853421787765	-0.2981591272971549	-0.7713126498169655	0.007107211672395853	-0.02836470724461973	-7.989445929641976	5.216273952887194

drug_292.txt	0.267251653145684	-1.074777639412165	-0.023051413160199014	-0.046036643503005015	0.009148634827462625	-0.08928750372290187	-8.992236634139006	5.428175066122855

drug_293.txt	1.58676437310507	1.26731566859395	-0.22236143824694965	-0.592075282846092	0.018319441609105137	-0.014936146947091746	-8.191484134056497	4.790476556307685

drug_294.txt	-0.299161364336474	0.8867762664933498	-0.0066327726695510625	-0.014629258395542105	0.039398537408369974	0.02960726422226186	-8.099181857853761	2.2417814007931844

drug_295.txt	1.52738872027227	1.2110643525690254	-0.015507575284664704	-0.0376303361056014	0.006069394265834495	-0.024646889933201806	-8.131562831189882	3.872695784748287

drug_296.txt	0.240793146193025	-1.1976380285393322	-0.021359631266712753	-0.04075761560464172	-0.0028250340449742796	-0.07238471423685733	-9.279554514083706	3.3116215168511918

drug_297.txt	1.67290378101449	-1.197177086198134	-0.0019186132796204236	-0.006704339614474253	0.0038392581244197817	-0.0299207171748384	-8.906175854722012	4.916611091454033

drug_298.txt	0.262616182109814	1.2406629106779552	0.020662807252275178	0.032626021726883	0.01086976647482091	-0.03621864458344858	-8.598527270793682	4.813782729200271

drug_299.txt	1.6680339580893	0.9553149492318089	0.013701064453488107	0.2395201383729884	0.0148014856755948	0.013516094728517865	-8.433373305316273	3.9194510677189376

drug_3.txt	0.057573536535944	-0.5833655208302152	-0.21249029332296632	-0.8313279552007817	-0.1047570110377977	-0.1573931474506042	-13.830412444855165	0.3936581155347335

drug_30.txt	0.248632901711263	-1.069772137453155	-0.06452308598481277	-0.1264559135951891	-0.045744797347344976	-0.08108182886961034	-11.019050867098658	3.9660664825734098

drug_300.txt	0.299149261278939	0.6192841335181377	0.18546082788792362	0.7455862166615598	0.027797051557497152	0.04313409885703526	-7.726085569380728	3.5668166875272362

drug_301.txt	0.227939554240528	1.1853063640611767	-0.021885176415586877	-0.0384923828048149	-0.012326338753094713	-0.06292859128106565	-8.129171846522254	5.692844165988352

drug_302.txt	0.189668318283374	-0.9089938840110181	-0.022127606731276728	-0.050110635538585385	0.0027942444055696234	-0.12417529222133747	-10.87381688431228	1.0420161645717756

drug_303.txt	-1.75353132454767	-1.1778807840600867	-0.013466827489401229	-0.02505715465294084	-0.010906557619272086	-0.005553600465600716	-8.870905163720108	2.3715625050761675

drug_304.txt	1.65947392579731	1.2491084261367353	-0.00860343823251307	-0.024233271467001827	0.027201502105791062	-0.025085772585722588	-8.805809505997631	4.5844489238013235

drug_305.txt	0.310604950086154	0.9489759412279148	0.16883068272351826	0.7009999021574175	0.0405299812368338	0.023189234200812144	-8.024096871550583	2.6042309930192236

drug_306.txt	0.284712904852908	1.2742902492736703	-0.008990449558930136	-0.020456419799463416	0.029415841391106864	-0.02483341468570449	-9.39414575471871	3.948811364060453

drug_307.txt	0.179738982757328	0.9048438592697314	0.006323652305256666	0.0	0.0264996550027961	0.008667579771905057	-7.731644975448401	2.962334276587302

drug_308.txt	0.133208778064367	-1.2668085418400465	-0.022866880976090923	-0.04838940924318194	0.0022141176138185197	-0.09133327231496942	-9.61335724318001	3.917430961259566

drug_309.txt	1.67110647697055	-1.1081787293226362	-0.020737608345771347	-0.04696353812560913	-0.012759210688527837	-0.03940797284088746	-9.2485707265733	3.474821508826116

drug_31.txt	0.261667604975515	-0.9215295424830567	-0.040348068269916576	-0.08602592214252419	-0.0713823170748903	-0.09870997127983147	-11.895489766805651	1.049023086361074

drug_310.txt	0.265341961268284	1.1971377810733106	-0.015381838034213308	-0.03710594739015194	0.023256253907938625	-0.08277927519492263	-10.907415352908604	4.792432225057128

drug_311.txt	-0.243441913210133	-1.1673464266111906	-0.016774805018931443	-0.03208361594391096	-0.022844070336976184	-0.09618288468655967	-8.997440326230056	1.977616162722215

drug_312.txt	0.0446145417592502	1.0089595227014352	-0.007353380881598773	-0.01702300141520091	0.011151333711031846	-0.03399428542188867	-8.22771195235633	5.7741080145492525

drug_313.txt	0.108946686353449	-1.1642455591282026	-0.2839858479709557	-0.7937834408409761	-0.02998603553958288	-0.11317295278619405	-10.48758118163049	2.2405253759382067

drug_314.txt	0.160667589846693	1.0878141545218654	0.00044696443511811623	0.01126302992318512	0.02480538145961177	0.03669235431425422	-8.59875830152077	5.506342514221145

drug_315.txt	0.281960038665406	-1.184548462148996	-0.008209928318292092	-0.017221690809107792	-0.007162904287573692	-0.10867716801129937	-10.198026337502888	3.7679168142777946

drug_316.txt	1.67672942552644	0.9583647874195662	0.004883858261787943	0.0029948020010371335	0.027313133601986433	-0.000860564908463551	-8.308792736100568	2.9618353918701597

drug_317.txt	-0.254425437923064	0.9469086998349108	0.005793938578352267	0.011100665418105754	0.020138784997704127	0.021325208503648267	-8.651319625510192	4.056979173649463

drug_318.txt	1.6516856082736	1.1410202259169977	0.008527003411588296	0.0062583626267798675	0.007746714458895742	-0.017928994472119267	-9.106417153481413	4.567449287732276

drug_319.txt	1.67377534600742	-1.065912248512949	-0.01115942556882174	-0.026423329186693323	-0.02658381067533949	-0.13393347387419008	-10.441811427586536	3.377359815028856

drug_32.txt	0.199560765235126	-0.752705974345541	-0.04636903956941785	-0.10730626965516915	-0.07201046608408339	-0.11602996892393122	-12.180295645987583	1.0677183234297838

drug_320.txt	0.0750685705806217	1.1424659281863045	-0.29331121902382135	-0.8167148641000077	-0.008193788156475151	0.02262841275311858	-10.573377925930815	2.4626244916132998

drug_321.txt	0.0869735853988199	-0.6630362859250244	-0.28305508971015814	-0.8075612249817661	-0.044659621836169144	-0.08263178474353555	-10.014796967996743	2.3899032433709517

drug_322.txt	0.071353076767827	-0.9576179838309473	-0.25658772791129125	-0.8237960051523339	-0.02064936506241586	-0.07602914410411242	-9.676421297365883	3.607397213458198

drug_323.txt	0.0949116782595287	-0.9798948590146935	-0.3237074380403596	-0.8600260054238122	-0.03522807139235334	-0.1563927408731193	-8.803447858565189	4.899074996872765

drug_324.txt	0.100979703880672	-1.1812883126970983	-0.2778116037595436	-0.8043577796063685	-0.0051509769405986205	-0.1090011184307225	-10.691970032014257	3.5103698288698393

drug_325.txt	0.0903185679250306	-0.9714227811131316	-0.26636033362929223	-0.7483911120348825	-0.014373841710221533	-0.09283112926521188	-9.433332966617893	2.932728261179838

drug_326.txt	0.0746691696819697	-1.10035554799571	-0.2749949239760393	-0.8068097776888468	-0.02610211062998406	-0.1277933605196983	-10.563278582718167	2.1276082679432666

drug_327.txt	0.0997105405721206	-1.1439950727759598	-0.2855241676498777	-0.8317028853280217	0.0052771605895702	-0.09897047018394134	-10.49557557821857	1.619368063956731

drug_328.txt	0.0909405073563093	1.234508443255978	-0.289695038032707	-0.8460035370632619	0.026190215808088238	-0.0362803163438385	-9.180490005170688	2.9196056144643667

drug_329.txt	0.129895131512918	-0.9558291479391415	-0.278129096079907	-0.8192086006856678	0.0015381928188086063	-0.08675160684841299	-9.767154031486188	2.6960268274059684

drug_33.txt	0.00679990652319384	-0.6858866277817768	-0.04412809977974183	-0.09690624936978334	-0.06278850187240778	-0.13371474486824275	-11.050804757032685	2.2116161434103483

drug_330.txt	0.0770655750738818	-1.1385316142369075	-0.3178647000020887	-0.8365129808660985	-0.008444674570325364	-0.02422633692646129	-7.508491296009036	5.352543672145854

drug_331.txt	0.18750294931555	0.7191909925984548	-0.002046937896792153	-0.028298024207844552	0.009727133450611507	0.045758305031054824	-8.41304993564144	1.1032729489007744

drug_332.txt	0.0984876972098268	-0.9108029519970189	-0.2744095118078812	-0.8186356479419834	-0.029583514483544793	-0.10979880854938692	-11.087909025233689	2.2510551781917667

drug_333.txt	0.0785590794980966	-0.9139811362283448	-0.2594132075349679	-0.7137544535729766	-0.0317239387760069	-0.08909396897334793	-10.530428213619079	3.370793974717659

drug_334.txt	0.0946434635603011	-0.9779542124736647	-0.27095701975520187	-0.8120753209577685	-0.039294738726385114	-0.11619588476352573	-10.884642324095772	2.9403623334118354

drug_335.txt	0.248802199666329	-1.2064742997903792	-0.05713749670445373	-0.11590420497953852	-0.0137809939579225	-0.11148155027791434	-11.562629496389686	2.1647914459776474

drug_336.txt	0.0782866158531383	-1.058206302373702	-0.2848480405270555	-0.836646211204843	-0.026175460646427694	-0.058117891200594504	-7.107088242736284	6.623569738635061

drug_337.txt	0.0654871979587034	-0.8158410982085396	-0.2615646749055569	-0.689329639031627	-0.03181893188549059	-0.09507085709399854	-10.55982779042946	2.7031645772313166

drug_338.txt	0.107174666755508	-1.0804538798224612	-0.05079335160657053	-0.11303651063367653	-0.0012327154228449566	-0.04070347307937648	-6.994198561742045	3.359042602857972

drug_339.txt	0.104778261363596	-0.8380421284325303	-0.2956646749794505	-0.8108783874487216	-0.02246253923188986	-0.1336872914790391	-10.279488505304538	4.953469802616301

drug_34.txt	0.315533775416823	-0.7304060046350603	-0.0368110911114191	-0.08495558688079591	-0.062474561188962024	-0.12819260713526176	-12.020965121694518	0.3262661758623476

drug_340.txt	0.0877038729462222	-1.1295293745204047	-0.029371865378481715	-0.07334765611746066	0.010739606097989449	-0.034269444028469355	-7.98886651924706	3.4440544662800776

drug_341.txt	0.102980957319662	-1.2568835403261431	-0.041240134229265896	-0.09372799102524104	0.012501538771420285	-0.021389962438411236	-6.783942264321155	3.484228796695958

drug_342.txt	1.71011780202037	0.9091048669419168	0.01936386832699026	0.15205890325452587	0.059204000285588254	0.04787503868784803	-3.388347983615154	2.9185000309244855

drug_343.txt	0.330340208578171	-1.1772642611244446	-0.02417678504099771	-0.0526534961067579	0.011544165570885192	-0.06531897732945043	-8.746764653032187	2.650894199332684

drug_344.txt	0.0995364142696336	-1.0448314078750556	-0.048792392284234556	-0.1095799105758887	-0.009810322916211377	-0.0730621089332337	-10.106651851362898	3.6384939936986673

drug_345.txt	0.102431781084016	1.0185209939590976	-0.024998320702131857	-0.07057016490381796	0.0267263763372534	0.005771524275562801	-8.48627934181913	0.8190721001737459

drug_346.txt	0.0803335454587299	-1.0296035503779133	-0.29022098823772446	-0.8399646103415349	-0.028316178505470233	-0.12921654460112322	-9.083691797675758	5.669122582194863

drug_347.txt	0.115911851114366	-1.0925191808991406	-0.2675654476482706	-0.8203041368028556	-0.002759163817531498	-0.08016352842298266	-10.45081795878852	4.345255959815811

drug_348.txt	0.0687323302602512	0.9721046346971576	-0.001858594502467087	-0.023630193499199204	0.008021797997585553	0.015426171229515945	-6.757817456388366	2.2097535639135395

drug_349.txt	0.0478067231840827	0.8974991483133449	0.027659127645933868	0.0816205527036688	-0.007117774966724661	0.058747673788755714	-5.7224660879897025	3.2394437770077125

drug_35.txt	0.336850575201028	-1.0242810030765959	-0.03538549058772997	-0.0753485689540645	-0.05292126388280395	-0.08915032173364511	-11.325133576098954	2.459353683749707

drug_350.txt	-1.76162221850976	0.8546383846459316	0.010889199045022974	0.0	-0.012222298257735893	0.06852531245692643	-3.8487408825373777	7.482686216437943

drug_351.txt	0.000510646023228256	0.9381424611814995	0.004468228126067231	0.0	-0.019333235434405772	0.07585379067907434	-6.244096798207495	3.9231546610048684

drug_352.txt	0.0553499537927152	-0.7532760192462644	-0.00828359114341004	0.0	-0.03764741132188043	-0.039523814153869456	-10.861979309914885	2.515959037707282

drug_353.txt	0.0556348745740191	1.0229542885045482	0.03864419477792469	0.0	-0.02401086990903	-0.03820043798674385	-10.042212614277698	4.602340595407414

drug_354.txt	-1.82971157383847	0.8544173847955299	0.007906765202941285	0.07745478520876714	0.0005018117677781164	0.08218606710919668	-5.111965558085892	2.8627220440149346

drug_355.txt	-1.79326624183647	-1.1791013351606694	-0.03527990335683309	-0.12433593700389034	-0.0711304442085665	-0.01588985294375667	-8.238442046125469	4.935834864474925

drug_356.txt	0.0250408719609175	0.7477855042289115	0.008372242727170298	-0.0008933620644614448	-0.010585475269034831	0.018087707057489598	-6.154148835128406	3.503977715347886

drug_357.txt	-1.83650138911555	1.1126149086322143	0.009792707834238829	0.0	-0.019630320864724906	0.08123937745003397	-4.852745415140213	7.220691249340752

drug_358.txt	-1.77514342606014	1.3035689452219505	0.03096907549433668	0.0	-0.045200840198437904	0.04623915688089331	-4.787726767660099	4.616778167376077

drug_359.txt	-0.0179616455394278	-0.87316183067245	-0.000937535077632834	-0.04379660980531441	-0.0505662261434169	-0.04638350551713871	-9.579197699960762	5.971617561503928

drug_36.txt	0.112691069778311	-0.9243690866180069	-0.042067533984122996	-0.07842918093634343	-0.05582503252779326	-0.12366433068101461	-12.188913458823357	1.3630590439121228

drug_360.txt	0.062434781097213	1.1299579330938911	0.04847400580022512	0.18051793339168565	-0.010934677408605256	0.06666474056675625	-5.280306280735338	4.287450324543722

drug_361.txt	-1.55028706134866	1.2451514455827017	0.017557929312951248	0.0	-0.02401552165285315	0.03459543784044491	-6.2174659229677545	4.600690651329464

drug_362.txt	-1.80984137913053	1.0656897407382167	0.012271657616720999	-0.02567913056665838	-0.005536207004257121	0.06670119268325177	-6.148035688746603	4.351412931088453

drug_363.txt	-1.78737903782624	1.138973796113754	-0.04585840994095755	0.0	-0.07658391062995037	-0.08611228999840766	-11.298865749144635	3.197193609563314

drug_364.txt	0.0387918122815777	0.964457952131204	0.021962972188133922	0.1337731115576613	-0.020818926775869693	0.000918822742077325	-10.104697258068656	4.091682066824521

drug_365.txt	0.0323299383613168	-1.1216842338148356	-0.01897905754970816	0.0	-0.051371251356268396	-0.039556794489516246	-9.349516485692597	3.752176150674162

drug_366.txt	-1.82042550294481	1.1321932709698794	0.02021899237047803	0.011728404848161456	-0.0369260366245797	0.041549373778150676	-4.594262370228574	7.8672625434442445

drug_367.txt	0.0267553215631099	-1.0385638717733123	0.007740317468284963	0.0	-0.05839797516522261	-0.05935307822159165	-9.824156279451834	3.9404168840335747

drug_368.txt	-0.00101844332147805	-1.2247410740061144	-0.013684286908169863	-0.0546219933550427	-0.057714600870117594	-0.06827346217914106	-10.544909806337577	2.954650635746006

drug_369.txt	-1.78207876772848	1.183035122667154	0.011556786201931846	0.0	-0.042290315013217596	0.04646115496702801	-5.58272916964623	5.648645965953724

drug_37.txt	-1.67204230726766	-0.7507910602763925	-0.04207826462480453	-0.1019148068489856	-0.07625220541084338	-0.13299347243572232	-11.678258541719382	1.2123111552975674

drug_370.txt	-0.00348336296329199	-1.0926506866901113	0.009101922018866032	0.0	-0.06524728398563312	-0.035202756297772794	-9.579311381747106	4.225448129562929

drug_371.txt	0.0541472124501836	1.1723733092397313	0.016032594227341018	0.0	-0.006116404802228849	0.09306640100724378	-4.447950244049125	4.8628250282770455

drug_372.txt	0.0540473622255206	-1.2819112233566203	0.011818118429648528	0.0	-0.041360392136546	-0.05257040100797623	-10.524850471779413	4.043847692031423

drug_373.txt	-1.71783789499503	0.8525854336543061	0.022680087569558194	0.041787882476754634	-0.025092111418674838	0.03703133929036086	-4.149432874572318	3.2798863186508034

drug_374.txt	-1.8451968565527	-0.75130346676668	-0.003883883161051288	-0.0905132578314577	-0.036727532274338885	-0.035567367372994894	-9.395113883479835	2.6359179307542417

drug_375.txt	-0.00212848039352964	-0.6820679659397555	-0.016242793793071225	0.0	-0.044959854977590176	-0.029187267025490266	-9.65389396789773	3.1328382098702945

drug_376.txt	-1.80329694046937	1.1078710232246936	0.02183329114066504	0.041207776801306134	-0.04675293189356133	0.02375669814694066	-9.557264449505118	2.158136464700323

drug_377.txt	1.80928484771231	-0.7081179168930314	0.003654115084939638	0.1016358648008896	-0.0138266696337438	-0.01726842586506314	-8.658268883094784	1.9716834357778137

drug_378.txt	-0.0359160968411986	0.623361789303374	0.06479731477663707	0.11445240501520748	0.02839820088934476	0.10012112446898826	-2.202280236604802	7.776736378938664

drug_379.txt	0.272770212830335	0.771598435733104	0.048631484725982305	0.11638335814238163	0.041672258758045824	0.06869294950737323	-6.755441140338331	4.676593151726608

drug_38.txt	0.268404469375885	-0.8766678250566745	-0.04777194920645947	-0.11776830671444183	-0.0694547944724436	-0.13316050700813065	-11.777645760219443	2.3557164661191816

drug_380.txt	0.0233007677394289	1.3053984475675207	0.0678879238863625	0.1375345567471829	0.0520302889562764	-0.0027451224401270993	-9.0034654609063	2.524583283637929

drug_381.txt	0.271328725802334	1.2742864633940427	0.05393371677176431	0.097841445025874	0.020833812902022294	0.03628242304313017	-8.605252831959984	5.936927977002789

drug_382.txt	0.0810342996144082	0.8720678891675728	0.02302360423473615	0.04650688347848064	-0.010096352341212658	0.01721922109495216	-8.078528444283089	3.88549987013738

drug_383.txt	0.291953559023167	1.1347013760189717	0.04345785715364986	0.08399043416528246	0.015494011340316853	0.0265876465928153	-8.91773839253954	5.933957773885823

drug_384.txt	0.307118690114409	0.9625553923587793	0.05092497915028782	0.11046467675538271	0.0210480603582018	0.027754200747933794	-9.628495256535786	2.6479982130943283

drug_385.txt	0.166541676846432	0.9744984753592767	0.028893651621449606	0.05973196715474355	0.004550193199585584	-0.022525746100810526	-10.85782809113612	1.0386999144056595

drug_386.txt	0.155502465193248	1.0513371532671816	0.07442517441319221	0.16894007961809668	0.02276435224273255	0.016678954448878375	-9.685592850515786	2.9589446823234553

drug_387.txt	0.260399375147466	0.7607839399146816	0.19941873438215585	0.834165206055393	0.02320196217027957	0.04703487344616642	-7.808904584309714	3.6759000990711965

drug_388.txt	0.202870806620501	0.9726528171605067	0.04848418838226905	0.10462085804458882	0.0032997072421342127	0.04877095543589984	-8.962774715703855	2.381729992791986

drug_389.txt	0.133489739600786	1.1893214428267262	0.08646589050723318	0.18372085049258402	0.020205169348172312	0.024413318288685554	-6.926257192206563	3.6628921088422617

drug_39.txt	0.263362033030403	-0.9154458780792991	-0.06554695219690863	-0.1485000141956018	-0.06390758736674076	-0.11669463773592403	-10.76254075125325	1.8587237238463175

drug_390.txt	0.270818884503677	0.6115999898507123	0.20263593813463998	0.8285093954971867	0.03143706723634458	0.03751383432945213	-8.102676655995248	2.5888149530930407

drug_391.txt	1.63214205126868	1.277679742203815	0.06172293078763488	0.11455599548413292	0.026097493688560718	0.03696029397601203	-10.283071315151583	3.18079682717072

drug_392.txt	1.65217174238642	1.1080489937580982	0.08815451335484623	0.16316001717815165	0.03035110061669095	0.029346066719336168	-10.438925377075151	3.052179083893259

drug_393.txt	0.0813179972143654	-1.2633027973497604	0.018706852253246142	0.035049073165420386	0.008578534517321268	-0.014939482102407578	-12.410633280893025	2.142387236335895

drug_394.txt	0.145387769409715	1.1812340358370637	0.07529547560720415	0.13616137801971834	0.003831190589507972	0.036321998397562595	-9.992643688277207	2.8660764620727144

drug_395.txt	1.67263131736953	1.120914650902817	0.07504967864383491	0.14625403645440038	0.007790866728090686	-0.06525478630520512	-9.047218280031244	3.981185583126335

drug_396.txt	1.6565524054344	0.6130668724629181	0.23617378997249078	0.9220521847760234	0.04939506094323994	0.06431394675115588	-7.534898474830486	3.5814472000316333

drug_397.txt	0.228494492304097	1.1887350281103917	0.02167415341029688	0.03842405176878688	-0.011697252790757423	-0.049078027089468824	-8.071898229131142	3.71031617370383

drug_398.txt	0.117459529596643	0.9653985268258198	0.04385339050604374	0.10717056344713907	0.022155449762966097	0.039703910602936474	-7.178495073178066	3.8021508743597665

drug_399.txt	0.238532175946268	1.234357463640078	0.038889525920236506	0.05686917126592489	0.007660423244072598	0.01240908384808626	-6.920118375743974	4.2992378040179915

drug_4.txt	-1.78159377632455	-0.5405045604465303	-0.23286209906785338	-0.8308807737064128	-0.10313338121696948	-0.1723243237791843	-13.585846250884702	0.9937738761927276

drug_40.txt	0.156997482499655	-0.8029389287135298	-0.02554196696935472	-0.06303722317382765	-0.05293666026268842	-0.1039725576950967	-9.356883798878584	2.827667384298038

drug_400.txt	0.194949065763058	1.0532191172653473	0.05164309811079651	0.09656303352143453	-0.016540063625870835	-0.042328824524079524	-8.106039436578397	2.412802216480015

drug_401.txt	1.6478941162724	0.683102923924831	0.18748526263564866	0.9350808346918409	0.04360577292321542	0.06739034985930101	-4.768749243649405	2.487140545254623

drug_402.txt	0.175073109227197	-1.0474306803890459	0.009681123088871257	0.019846728141428238	-0.019541989113676182	-0.039165333451069366	-8.255123931482887	2.286513953211152

drug_403.txt	0.27391424146823	1.1081719501733942	0.07191055334300259	0.1729792024013444	0.012283133533333436	0.03721089115623643	-8.893135453682007	4.029518026054403

drug_404.txt	0.212472780191415	1.2186831410120131	0.0511032579124909	0.10403568102587218	-0.0008489881844621999	0.015862366902540944	-8.621109607577807	2.177380107102574

drug_405.txt	0.221447487054396	-0.7964149158302956	0.20274177911233657	0.8078177055370482	0.0369224282304536	-0.009416488291943852	-8.464910833140808	2.8656315098002065

drug_406.txt	0.307913242965983	1.1434299517595563	0.04766016458578726	0.09743045452705068	0.009606863617822842	0.026369827524704573	-6.297926957618697	2.408105961756559

drug_407.txt	0.0824803252889845	0.7560322061231866	0.010582880647572887	0.0	-0.034665263315142816	0.0036353154905578674	-8.004990997135952	5.840089095809389

drug_408.txt	0.106375864958204	-0.8831598904270429	-0.027257190267698045	0.0	-0.04473703766428398	-0.021429440374158514	-8.22779262975309	5.832846464990432

drug_409.txt	0.0995361245687882	-1.1718633438280603	-0.05220190506560757	0.0	-0.051250775203419426	-0.009034186126525168	-9.215848707878148	3.194770687105187

drug_41.txt	0.132711039823244	-0.7168653111662824	-0.07339391762950773	-0.15918975747043862	-0.09597816625025245	-0.165195570965363	-10.874818017462989	1.827115703151046

drug_410.txt	0.0932912365816201	-1.2839204927616743	-0.029678603437280765	-0.11984645303454955	-0.04283244835634352	-0.045491756728834404	-9.948219779897393	3.3781002744488315

drug_411.txt	0.0956918909192626	-1.1120556156577557	-0.034882020747469544	0.0	-0.063999349992802	-0.07110441130595668	-9.815974857989445	4.415880035977765

drug_412.txt	0.0641349709800226	-1.119848538208472	-0.04114865021066366	0.0	-0.07013183367942177	-0.07062067929877971	-9.890421759427337	3.9708955183096464

drug_413.txt	0.102182155522358	0.7852240657412317	0.009145666882278025	0.05814451292091066	-0.019111225969370323	0.04431757515208854	-6.944625968587156	6.237231718296057

drug_414.txt	0.093045859965693	-1.3032706345305627	-0.25659587261940936	-0.7534247439381767	-0.03794632494825416	-0.05699908005952195	-10.604534069697937	2.6380018629005195

drug_415.txt	0.0878722374207869	1.249687187925987	0.009404415374511782	0.0	-0.03609529179810255	-0.034557513375180454	-9.89455830958851	3.981639790131326

drug_416.txt	-1.83306656713833	-1.0955447862074128	-0.0419243825498726	0.0	-0.06917847519559817	-0.13846806370368983	-9.767751777653094	5.266763268878196

drug_417.txt	0.0875540976092276	-1.2063851628438549	-0.030326508168570382	0.0	-0.06635269181266847	-0.12161655421882098	-9.300207927654379	7.754032507841856

drug_418.txt	0.0869008222031878	-1.191761554551851	-0.03195329820416376	0.0	-0.06269808183466871	-0.038039215879888566	-9.608039869302617	3.5355257550975714

drug_419.txt	0.11022009860773	-1.1212461027251295	-0.010975909340151552	0.0	-0.03868262854349443	-0.057115328643906574	-9.117033565464206	7.688920704192261

drug_42.txt	0.0424421877821566	-1.1807350789004047	-0.04528501768510318	-0.08462119155376058	-0.07166793557433401	-0.11986676712595112	-11.329512158450408	2.3248111805682585

drug_420.txt	0.111268525966691	0.8422723421585374	-0.0377354354456904	0.0	-0.05058904247820055	0.04393005283148289	-4.8676927364672835	4.284391331835928

drug_421.txt	0.0889705898920801	-1.1595848840980785	-0.04008819833717581	0.0	-0.057558205853863925	-0.014519155957527287	-9.209720892878753	4.601654889658512

drug_422.txt	0.079235192987437	-1.2135613570755301	-0.04318604714088978	0.0	-0.0509234481924648	-0.03880302090336542	-10.322174182499605	1.4252535856708852

drug_423.txt	0.104447374714846	-1.0684723738978223	-0.04666679404506907	-0.10264739341167628	-0.05924188022251941	-0.06717680893287885	-7.976343186977202	6.68000804478927

drug_424.txt	0.0649836978896581	-1.2784778015516727	0.013677578840700144	0.0	-0.040330825956671326	0.020511110177207217	-8.282722935483752	4.632230225020782

drug_425.txt	0.0646342221033376	0.5519705706236944	0.035105364120703336	0.1265940226710579	-0.019693740516850695	0.040303296411991624	-6.528275593987334	5.634744738329088

drug_426.txt	0.0505595893715841	-1.3084521877147672	-0.01036481462562755	0.0	-0.05230658323400573	0.01042307377185999	-9.292668258211675	2.8554758970322642

drug_427.txt	0.100553215952989	1.1995843233567176	0.009808158570232817	0.0	-0.03333727446892293	0.018608435797883422	-8.488611652016385	4.067729920271537

drug_428.txt	0.0918662464073072	1.035441628845397	0.018972412302982467	0.0	-0.021803953705977572	0.07168822116025175	-7.2002449659138	5.730845060293837

drug_429.txt	0.094044362212323	-1.002668131475749	-0.026005056815272348	0.0	-0.04306287748678026	0.004590162429690653	-7.221100072976372	5.854273549816439

drug_43.txt	1.63830567816876	-1.0282452084372395	-0.061902335990699636	-0.11554289255705008	-0.05872743012795045	-0.052862570237849994	-10.466502378149627	1.5695151441283972

drug_430.txt	-1.77165018107912	0.6143653512846502	0.02291128647579621	0.05555486816069688	-0.027478793298985303	0.01119183126900092	-7.350337928277794	3.2361420300103325

drug_431.txt	0.0746234935153685	-1.1917055519030226	-0.01101489204755468	0.0	-0.055216330820601775	0.07496549639935747	-6.692505436556395	4.664705861249425

drug_432.txt	0.107742432128725	-1.2466818891606222	-0.022870857248148163	0.0	-0.051821588810156166	-0.016567311709798374	-8.622767161365795	4.617947097751515

drug_433.txt	0.148462734653661	1.252454816632909	0.005954547359778406	0.004477122920681698	-0.03801897976345146	-0.021080638901801684	-9.176760509147716	2.3877817740919407

drug_434.txt	0.101302092637961	1.083737786122395	-0.012086614594709985	-0.03254165308479126	-0.040721501049349206	0.06647022054456594	-6.409617479124724	2.749408124193301

drug_435.txt	0.115316998712119	-1.2980243536943248	0.052389484588825336	0.09485393203476741	-0.03432457576760153	-0.09495498993812983	-11.159253514050702	2.4895819118487386

drug_436.txt	1.57984618816456	0.5795549777232323	0.21841731050493443	0.8510157023128944	0.03328465515660577	0.07702415251790114	-7.801966328188316	5.919251283931703

drug_437.txt	0.0249026202797672	0.8257420663347718	-0.021162542027868422	-0.05307703784747664	-0.03628582028745282	-0.004286502443484919	-9.1058304087777	5.682072003162211

drug_438.txt	-1.88503407042885	0.6728834622009712	0.02164202435982504	0.03295792494689559	-0.021687491881375805	0.03768403612300667	-6.591651356297054	3.6126284042831136

drug_439.txt	0.01835818161861	0.9227434006046245	-0.018083371976441553	-0.04318067492535049	-0.03516539784375237	0.02218859389332767	-7.8018783164827585	5.876316481842047

drug_44.txt	0.171625540412785	-0.8817325897884029	-0.032484132932070434	-0.0728777373355251	-0.07145056462165612	-0.13280251487156022	-11.808086808878913	1.5421838489372584

drug_440.txt	0.037483748587306	0.7002017668897529	0.0211155491892423	0.04607615804394871	-0.018411410513325625	0.059297448396518654	-7.097667323087304	4.867301234546471

drug_441.txt	0.0115683663415258	0.6393461617035003	0.01906772852777959	0.04830601902887177	-0.021250204507806226	0.06536125501205664	-6.227770626826701	5.403304759382307

drug_442.txt	0.0258968735806671	0.7610504855877183	0.015712646604921304	0.022352770113114317	-0.013480295351394533	-0.010557998608266653	-9.038912175319318	7.453658646197278

drug_443.txt	0.0611893893524639	0.8020917129315237	-0.001035101326607779	-0.006784301554403571	-0.03152545106446775	-0.002844907281595795	-10.328290996035806	2.5295502170087514

drug_444.txt	0.0506113170669528	0.8071207892134618	-0.023335247544962023	-0.061067410476141004	-0.05729296698451608	-0.03087636853557777	-9.335716983692164	3.5238379580171695

drug_445.txt	-1.85252007546385	0.817860393985548	0.001153488292390925	-0.022130513182253286	-0.037299071014169	-0.015555829224911069	-9.40923609506731	4.284458268157758

drug_446.txt	0.0433749118424234	0.5702284965291222	0.04891214058171736	0.10298857837790654	0.010418828480374015	0.035822155412584336	-8.260448639669075	3.596056560542636

drug_447.txt	0.0258012723017343	0.8372334166853015	0.0021249903148353178	-0.009470534198985747	-0.010582585234397658	0.007617392894116611	-8.340707980828117	6.467995683817092

drug_448.txt	0.0947077288644724	-0.866758127342856	-0.02517577785941412	-0.07921791166897935	-0.032980339321959325	0.0061109553537461	-7.382289844549325	5.471139613705935

drug_449.txt	0.102876858149269	0.6223747941171561	0.029812248819545514	0.08403262124819738	0.006770220063112952	0.07328157258947077	-7.535815263430036	0.9231655734537686

drug_45.txt	0.282236751256094	-0.8122065751974086	-0.0480168307940555	-0.10636850087821123	-0.056019867319928085	-0.11336993142806076	-10.497097447293823	2.2336008651703154

drug_450.txt	0.0272902380793735	-1.063265081155898	-0.03497542265493825	-0.07871552402635396	-0.04760752318632291	0.011247593016491647	-8.780938864869027	2.9507485094953547

drug_451.txt	0.104374611519214	1.0092917190265165	-0.0036302116052173428	-0.008161276249468608	-0.0139237393830104	0.008875608186218187	-9.703103512767198	3.7929286262556414

drug_452.txt	0.0928419105706366	0.7557705022606105	-0.020841772450157822	-0.07781920033845163	-0.07912434422029985	-0.09513062415336174	-12.237902974428932	3.099072233784341

drug_453.txt	0.0957917411439256	0.7975454463753124	-0.00843518757583242	-0.018037128961431004	-0.036994281753176365	0.010119983664861481	-8.572831519925483	3.3284789192529023

drug_454.txt	0.090395580066393	1.0461639781242835	-0.0019858802202222803	-0.00714537200190235	-0.030753995135150387	-0.017874395408912707	-9.599400053540455	5.949819147037919

drug_455.txt	0.0907450558527135	0.9761461637098403	-0.020967829700763885	-0.05528877620113526	-0.03650403649645195	0.01262058762047138	-9.046257485578915	4.275593839718564

drug_456.txt	0.0739702181093286	1.060380151778792	-0.015563686617783873	-0.03320738100882065	-0.03267959063972162	0.023685554916644886	-7.887946430208551	4.603168092462145

drug_457.txt	0.0866554455872606	-0.9407054296096248	-0.0093175347826632	-0.024873617398992076	-0.023036898825280285	-0.03378630064579617	-9.712392414857844	7.0169221321583395

drug_458.txt	-1.81025079080284	-0.9337138779125956	-0.019512015391354914	-0.04716208737224775	-0.047755490779517316	-0.04256593252338051	-9.323167981341518	4.084261268359775

drug_459.txt	0.0902500536751287	-0.9049587516888382	-0.007624699321325035	-0.008815975086071626	-0.031228095809963097	-0.03853151667228567	-9.595905255398968	3.275977336279654

drug_46.txt	0.15094342689705	-0.6810879568043486	-0.24497598541841314	-0.8252638900491981	-0.09045760947365086	-0.12778678676000366	-10.674756409269099	2.4471495588707803

drug_460.txt	0.0905995294614493	1.0040863679787146	-0.02289298448063007	-0.04458659918021657	-0.010878449525483402	-0.00880888209686747	-9.442192811643949	4.484170774179427

drug_461.txt	0.0887480513594534	0.8923538213345867	0.004507500068533843	0.005655380327398318	-0.030118356528498064	-0.022674965071160187	-9.791126219787232	2.9831643473824396

drug_462.txt	0.112462479716917	-1.0698868660287382	-0.003076439750804072	-0.004442572269933831	-0.04268556845342461	-0.03578372677738198	-9.77795746834329	3.895403747012247

drug_463.txt	1.67847680445805	0.9274234610064536	0.0064599595800415854	0.005828880821396487	-0.0095815777873423	0.01478997097704841	-8.709917085639058	4.1234794844932345

drug_464.txt	0.0689362796553075	-0.8887992279271866	-0.0018043145925554505	-0.005418345577932415	-0.038476532342523656	-0.01803026179247498	-8.789813378512676	5.612041598671843

drug_465.txt	0.110669424618713	0.9280951498965375	0.011914933513226783	0.02208028745034024	-0.016763260855756974	-0.0392763300835331	-10.661840691478634	2.8167322367649894

drug_466.txt	0.0901916306713367	-0.831165737561244	-0.26874916758391526	-0.8231888135652465	-0.04322029340867034	-0.05760094385288595	-8.152421605406852	4.030968613142782

drug_467.txt	0.240866842869159	-0.8474423397774268	-0.04453252385687956	-0.12363331948774897	-0.027329327149674613	-0.031064954997394215	-9.309111778533211	0.710814844275109

drug_468.txt	1.68096153641878	-0.7810615258072477	-0.17941262208992564	-0.7561672759752492	-0.0018208864410238276	-0.032331758969466017	-7.592208763765581	1.1019375718885198

drug_469.txt	-1.76920780981976	-0.6784694103324204	-0.05135590861230882	-0.12370949431896994	-0.05743805968595383	-0.09453020118748452	-11.042601332643908	0.34849051610958937

drug_47.txt	0.18188000075966	-0.6279325055991327	-0.23189040030710872	-0.8198252838047341	-0.05793876814231195	-0.1095857807969275	-11.183522741858	1.2598737084781497

drug_470.txt	1.65485920056086	0.904384256405338	-0.006973382256930588	-0.03920353851486458	-0.013171797956661029	0.05976923291376808	-5.2514274398495	2.200462797050247

drug_471.txt	-1.83795468950024	-0.6715421585715446	-0.041025964548518465	-0.1073989135905477	-0.04991987331986812	-0.0716485871552414	-9.311462424502459	1.683245869081321

drug_472.txt	0.117954242073383	-0.6605988854747088	-0.24617651502524635	-0.7618345612737575	-0.02326498505277964	-0.08447200359176261	-9.515858609195023	0.025372105198100698

drug_473.txt	0.0747778074989386	-0.9760264266392462	-0.303298868743316	-0.8668922147639937	-0.034473331745221464	0.019878012090680654	-6.933202782636758	6.265321803460552

drug_474.txt	-1.83185107895861	0.7887699796497448	-0.020612936090039863	-0.07185775053720084	-0.05283391982269356	0.02015772052568962	-7.295638653274219	8.187994462350272

drug_475.txt	0.0484088502964445	0.715421805983697	0.0013847803046837387	-0.0067354871658907856	-0.039993575748665106	0.025918068168432444	-7.638715615843574	3.16879646305605

drug_476.txt	0.0953381661872117	0.8122968264780577	0.001162977868149423	-0.0019214030392091797	-0.012760238706361926	0.036165446349630676	-6.707999163888797	3.521606500182705

drug_477.txt	0.130086334070783	0.8416687608324511	0.0057944693411161735	0.009892736543512748	-0.003813660440627327	0.04366437833020775	-6.0046719547033085	5.047105173444283

drug_478.txt	0.12484815652086	0.877390498599912	-0.01940821982552937	-0.060082911721762444	-0.011893060108886043	0.008950770558915954	-7.91176459802487	1.1628053439301933

drug_479.txt	0.122401826016617	0.8549369227348185	-0.1947204015905902	-0.6444688960276956	-0.03213167599758065	0.012394784327151121	-6.897202327909612	2.9511607052112647

drug_48.txt	0.166073761697879	1.2827461579784702	-0.00643873151081098	-0.02581539811622241	-0.05660398104506217	-0.09846714024901605	-10.059246546457345	3.607445056134554

drug_480.txt	0.36108046183465	-0.6438755530663459	-0.2725191276128189	-0.8050804644486582	-0.030211582263532877	-0.08963864145485018	-9.399862848425506	3.020853907120424

drug_481.txt	0.0778643768711859	-0.7415835890919789	-0.2839633330594016	-0.8179015531907472	-0.0354578521234411	-0.07015884209222338	-9.82609987128288	0.5649160513100758

drug_482.txt	0.280017852009864	-0.7888467153205467	-0.2905359889188006	-0.8290349104267773	-0.054602758265054806	-0.08568814007070527	-8.30680880557114	2.2913008968780626

drug_483.txt	0.291242504392991	-0.7265595662559898	-0.270597766787781	-0.7066529241689696	-0.04284339299579133	-0.0812884789494869	-8.74867524047365	3.2068047716332804

drug_484.txt	0.0690276319885099	-0.7224529672082669	-0.26189329294687047	-0.7544060748959808	-0.045470504053638845	-0.07616246193500048	-9.366810785834517	1.8605803775993586

drug_485.txt	0.123346154205185	-0.7049711777709459	-0.2844294675952044	-0.8180674148734446	-0.06453426807159535	-0.08956324868761584	-9.989328580701233	0.9806607532187956

drug_486.txt	0.0576404574311968	-0.9104904196220192	-0.03827842050643611	-0.09579239207905682	-0.04663492266883239	-0.07121737180826603	-8.774271978173097	2.1977774311412746

drug_487.txt	0.0637915467224696	-0.8041298747171679	-0.24995924156101787	-0.8536016459158396	-0.03430923181041067	-0.08272765295804926	-10.556780385124554	0.500041144939644

drug_488.txt	0.13462951929295	-0.8859015643439687	-0.027563414446781898	-0.06920287092829791	-0.04262479431547323	-0.10939436392222528	-10.292899288938763	1.0179136027596385

drug_489.txt	-1.79526051026619	-0.9599866794096129	0.37785171625983704	0.9177866024813974	-0.002792413531734653	-0.08571960076499968	-9.372975272377893	2.1923675336641812

drug_49.txt	0.177490839820218	-1.1487875251580437	-0.023078583653465906	-0.03992133183990815	-0.0627635166350689	-0.1137570614562735	-10.5846250884701	1.721517541961596

drug_490.txt	0.103626024535087	-1.053042970759467	-0.03431981603607295	-0.0847734553488303	-0.030248377817319313	-0.059970679033615165	-8.842539724450019	1.4655165218611192

drug_491.txt	0.0697767983743276	-0.7688789532519998	-0.2917103509929153	-0.8341898835050967	-0.08576721543410559	-0.1656768786352188	-11.698486565379863	0.5060492586192776

drug_492.txt	0.0723726145147205	-0.7098070923037948	-0.31245263238472953	-0.8180752884350778	-0.07005995621780602	-0.11561923747338479	-10.678889292275873	-0.03640603499538701

drug_493.txt	0.0941357145455254	-0.8288380708537251	-0.2717881048925202	-0.8443249072665608	-0.05337603597038367	-0.07578369113663343	-9.225155945740784	2.057926172952517

drug_494.txt	1.88501274522774	0.7677867495409991	0.04454623036699584	0.16087877176665466	0.062420395921952865	0.056729892209079896	-3.6791019872309683	2.702030514528501

drug_495.txt	0.0761626741061844	-0.9465413025230727	-0.04081446316307073	-0.09706013939550878	-0.033639022248817915	-0.049376731994598945	-8.847622400445927	1.9082135889164848

drug_496.txt	0.0565879903548931	-0.6366752450205135	-0.2935700367933544	-0.8448374213241874	-0.06764831067565398	-0.10789427436897714	-10.860934170911397	1.7552840027851584

drug_5.txt	0.0831750279158954	-0.6742111700372342	-0.24010114163239435	-0.7762479919955849	-0.054430311601831684	-0.13688507509640746	-14.031797895786806	-0.0934355053175365

drug_50.txt	0.122788689306466	1.04767920054823	-0.021387908049363108	-0.05983959712084541	-0.06144169938534975	-0.1253473991112661	-11.064266880828484	1.2740572548799005

drug_51.txt	0.146172231015179	-0.9389082901531061	-0.016662844181051517	-0.03699547765713185	-0.052186427039306295	-0.14405720745211384	-9.494266404098411	4.686912981186969

drug_52.txt	0.231459886250573	1.1725121500878877	0.00947598860526469	0.01706004191372601	-0.02633856054176193	-0.036412269793429014	-11.448944042891037	-0.03713451341807496

drug_53.txt	0.187675562735845	1.102656700587942	-0.028957383493310868	-0.06788511415950954	-0.03648177674033988	-0.03558673325572955	-12.37312195855382	0.47582244535351526

drug_54.txt	0.0963853703648268	-0.8051138205616195	-0.030560926609636746	-0.07160903001791408	-0.04080149494427226	-0.08465509256193501	-10.837611068938836	3.364262913643517

drug_55.txt	0.0857784084672476	-0.8016810870658284	-0.012778539412732048	-0.02907245203100367	-0.04280561393704742	-0.07232847178766828	-10.348453010917119	3.639959395486199

drug_56.txt	0.0904713690264088	-0.6668691038005776	-0.03463779329288702	-0.07757105640614234	-0.029486858464727185	-0.061828934322166	-10.914170251310091	2.4299205040968963

drug_57.txt	0.0992082636844218	-0.8337328837001093	-0.017415578348190908	-0.04136629692135546	-0.06535572813999814	-0.11879298791187369	-10.711130913744862	2.358495433838724

drug_58.txt	0.0318479727217685	1.091061712450697	0.00644762922480091	-0.00274242331927127	-0.02411182584520378	-0.089768092321243	-10.932465684602718	5.150647920145188

drug_59.txt	0.0262521111949098	-0.9698812672557537	-0.03288171483408048	-0.06938388925277522	-0.05423926295069742	-0.1026585114013691	-10.736188579747774	4.175031560223524

drug_6.txt	0.0957604051691643	-0.645760732074158	-0.20867944016291337	-0.7863128545007038	-0.06886713025261279	-0.14017746406548745	-13.965275715003429	0.6049392370694087

drug_60.txt	0.09216882284568	-0.7812888708772509	-0.023699770424895197	-0.06102402971289761	-0.05403822899721927	-0.097677198975115	-11.709378013942521	1.8981259805825916

drug_61.txt	0.191742334917997	1.016272773903106	0.020261189303489774	0.027802927878343542	-0.01361859347966777	-0.04759599636673967	-10.037955048021386	5.133861452111604

drug_62.txt	0.138979989075059	1.055961604813148	0.003914773379926684	-0.005411857222637817	-0.013281799682115882	-0.08981790769367036	-10.632536460682605	3.7785730783873714

drug_63.txt	0.226670101231132	1.1319107564012862	0.009166345951567706	0.011819870727879989	-0.016985848531958152	-0.0016209843237178876	-10.057203941457548	3.729601064981931

drug_64.txt	1.63058003259456	1.1791694544795628	-0.019959583519075258	-0.05297998469970894	-0.030981952178478534	-0.03193732843204046	-10.554767117359942	2.4320767551706663

drug_65.txt	0.236401249190045	-1.1306708063037514	-0.03568292895490921	-0.07947197446404752	-0.05144343346749683	-0.03940134497679913	-9.453447308492029	3.0198768234021958

drug_66.txt	0.246068775624442	0.9953820910321459	-0.004511427514663213	-0.018076578349366768	-0.02225802657799481	0.006686321286889607	-7.847831428246623	5.322564395012485

drug_67.txt	0.191023571026439	-0.9626670029095201	0.004486297727345656	0.01375145226204022	-0.03336355981655537	-0.0685079853818297	-11.745041090465032	3.4693248319276337

drug_68.txt	0.153204107442962	-1.0907521087780467	-0.029941112204927706	-0.0712924344967859	-0.026621949479706912	0.02274810069938335	-8.525800264768547	3.767043183903368

drug_69.txt	0.1558002132842	-1.1015015922443165	-0.011097905309535722	-0.0293138915393365	0.008220526842062903	0.06141387451689429	-8.475391560410868	10.053411697396372

drug_7.txt	0.0418430864341786	-0.595281958465818	-0.22027066675705903	-0.8122606688653375	-0.09231832389418379	-0.17032058513570592	-13.983028409445122	-0.30397557872020564

drug_70.txt	0.119012969906842	-0.6983642496261426	-0.00868687834035145	-0.019373178811078917	-0.030417574771792962	-0.09323943098880083	-10.010961124496225	3.1925439891950447

drug_71.txt	0.101389405253821	-0.6008295727309074	-0.21019433187008654	-0.7810706390841797	-0.016840223962526633	-0.0837728975568989	-9.864685669860759	2.818886496599259

drug_72.txt	0.103305148659989	-0.59885731416874	-0.21216620694003147	-0.7913118240906518	-0.024426519123775924	-0.0963570489460421	-9.497816209555872	3.3168117003234765

drug_73.txt	0.0533030241871236	-0.7082211017345239	-0.22017446956604192	-0.7953903598541765	-0.01295927557619085	-0.07507701013751876	-9.453315290933695	3.4267739735860325

drug_74.txt	0.210199996587968	-0.5557865063689409	-0.030730607670989424	-0.0762650598673478	-0.08004026083289381	-0.13256490755606634	-10.879966702238065	1.7083967365960493

drug_75.txt	0.141847335379909	-0.6618101211571381	-0.025627771114870218	-0.07032801986749002	-0.045534033717100984	-0.11869210172012211	-10.477947567026414	2.1952857193486284

drug_76.txt	0.219703423588022	-0.617756123536638	-0.03546412272436819	-0.0895724855180452	-0.04606371593807729	-0.11093536701117024	-10.88201664154666	1.7171536139038637

drug_77.txt	0.208335771648781	1.1103458345072257	-0.012355176758438557	-0.04410652275154081	-0.028677007110801084	-0.07203384338009011	-10.407915919483958	1.947579709427798

drug_78.txt	0.242047035829235	1.0676410777976024	0.0024200640857426903	-0.0017917313891556708	-0.027248744986916013	-0.08517601415082031	-10.472549515752261	2.036034291980174

drug_79.txt	0.0737978943898787	0.8227557734374902	-0.01203147196695628	-0.03740686528993509	-0.009153489876383595	-0.019957674457870958	-8.933547495150188	1.476344000965356

drug_8.txt	-1.78473056050998	-0.5696550997210452	-0.25344351045916563	-0.8381752191193207	-0.10958826284905125	-0.15838021316499942	-13.173599422056467	1.5090009152521988

drug_80.txt	0.208919599324418	-1.0158597573250405	-0.017860463158570802	-0.03991863539295076	-0.051762234124850856	-0.08752396963971963	-10.497863882563047	3.0299889363087007

drug_81.txt	0.0966465195823286	-1.0698092852703325	-0.006659259653674615	-0.015730915860200978	-0.04296968687177066	-0.09670283960265973	-10.631432647208745	3.9638523796863336

drug_82.txt	0.0591698364767484	-1.1160206187218602	-0.00954891631599697	-0.02725121574586714	-0.04256346494880693	-0.11713698522975946	-10.427920246726147	3.632677127482344

drug_83.txt	-1.81844406182474	-0.9607686939306835	-0.011355754404573093	-0.021117986697074376	-0.06722900672918011	-0.13784321017516485	-11.485608252564258	4.000170348351524

drug_84.txt	-0.0192625149960425	-1.157179385895481	0.0014957411963608946	-0.006812381836358294	-0.053260423254498486	-0.14260902082057536	-12.3868261145399	1.7827141970421037

drug_85.txt	-1.74269757517174	1.4469442097373357	0.03262680129858353	0.05890846235658592	-0.04673676937342107	-0.16880704079421255	-12.132288927760726	1.3291278610758783

drug_86.txt	-1.77384234737513	-1.1025931244121847	-0.028662429529880795	-0.058122062221379334	-0.0498571796123492	-0.1306777357477866	-11.774781712634447	2.0027305362474506

drug_87.txt	-1.82951734551622	-0.9775805561117329	-0.025740234283364055	-0.05950236850181945	-0.04816830806797197	-0.09609914670336371	-11.981315848341163	2.59475721233755

drug_88.txt	0.1113915039755	-1.2111105712575592	-0.0047466607692588925	-0.0030480642065879304	-0.028703355736809145	-0.12351793630376018	-10.359432471185334	2.0751848291407056

drug_89.txt	0.00375296178878026	-1.0570458465916541	-0.061319197275380544	-0.12551435509265912	-0.07331450657293488	-0.14208978385387003	-8.841318562035417	1.8736199084237737

drug_9.txt	0.0693956969124006	-0.8766296060898459	-0.273338827398085	-0.7767161377942631	-0.08390204650304127	-0.14367944232735827	-13.145274321484758	1.4162126106877473

drug_90.txt	-1.88573302200149	-1.270880712664332	-0.010078186982018567	-0.017355314031298308	-0.03474921699383942	-0.076358628765317	-11.160804720361142	7.8675504927227475

drug_91.txt	0.0655830889384814	-1.1245882278916584	-0.04603011348808328	-0.09263408688533598	-0.04484710238834773	-0.09536542651086094	-13.158047020253694	3.0152025334472023

drug_92.txt	0.0436930516539826	-1.228520105543066	-0.021922201242632722	-0.044281593669134756	-0.040986887651764066	-0.07201553337553887	-12.649867432368506	1.3288039704191381

drug_93.txt	-1.73030764942206	-1.275356527388161	-0.04560721881759558	-0.10014500536918786	-0.060672513770312825	-0.06969111015526483	-12.986853251482447	2.1702428393897293

drug_94.txt	0.0376149347867302	-1.1785055378853388	-0.033976862323674056	-0.0715001022040126	-0.04299821274875928	-0.09117005906353692	-12.174648228214352	1.957441986099716

drug_95.txt	0.115208650595995	-1.0572788807719178	-0.006451644591381478	-0.00547380096685901	-0.024360000773888633	-0.03493961234480644	-8.5205929055231	5.528843559449951

drug_96.txt	0.0359774973259003	-0.9671215148672505	-0.045638806153669775	-0.09974708092000117	-0.028705056683314665	-0.07976657347917074	-10.732000689425027	2.694961321434563

drug_97.txt	0.0266201761188005	-0.9440659713096302	-0.033297995613193354	-0.06957427953927436	-0.04382311586637214	-0.10075319374900593	-12.06355912002963	1.494598393851505

drug_98.txt	0.164256146405794	-0.7703802930250093	-0.26198036669442265	-0.8106586726507741	-0.05956447968355294	-0.13751095645287634	-12.811401916454889	-0.865763624888452

drug_99.txt	0.0682790450043825	-1.3188449042318946	-0.03938963414150709	-0.09800318286338894	-0.04256846069444974	-0.10356387845564458	-11.67791749636035	2.252854829184416

