	SScmap	SSfisher	SSlincs	SSlincs_Norm	SSpearson_corr	SSspearman_corr	SSzhang	SSzhang_Norm
drug_1.txt	0.0633050424363455	-0.5586709680434966	0.19786752034216537	0.11033812414178773	-0.16558472076531444	-0.12186013025403121	-220.9131205673759	-1.2667013161972969

drug_10.txt	0.0368162042650311	-0.7910293810346201	0.14935075185613889	0.06692370544655302	-0.1680043941406601	-0.03921877146246153	-142.13031914893617	0.9158302109185197

drug_100.txt	-0.0798801797304044	0.5980724677425141	0.131048493912705	0.06186244399186824	-0.08469247729350737	-0.1281517344689764	-204.65602836879432	-1.5338861120622234

drug_101.txt	-0.0866200698951572	0.5708022138941639	0.11764759441784833	0.023314631427705845	-0.06283972917168076	-0.11768808550658076	-183.6214539007092	-0.7270921889468362

drug_102.txt	0.0409885172241637	0.9040578994484754	0.06102660647171443	-0.10054355434003093	-0.1074564513952938	-0.10600108595279914	-173.8031914893617	-1.0293049912388215

drug_103.txt	0.0467299051422865	0.8433990233770566	0.09249773775362313	0.048763591134955764	-0.09102136338112682	-0.09916711965063973	-109.58421985815603	0.44960430513363664

drug_104.txt	0.105391912131802	0.5038768662511901	0.10137644783523558	-0.004834020905899683	-0.09172450736395905	-0.19605520708774093	-202.90159574468086	-1.8178535726161842

drug_105.txt	0.0619071392910634	2.313830136336501	0.058595605624799874	-0.04328800454561699	-0.11947526150641667	-0.06930390735392492	-124.51241134751773	-0.18482675086725767

drug_106.txt	0.0604093859211183	0.5553342570319625	0.10209627346936867	0.006628708844643172	-0.09437155915679546	-0.1281517344689764	-152.25975177304966	-0.0770997997693063

drug_107.txt	-0.0782326510234649	0.5174655317992286	0.17230561995143992	0.11762716419803004	-0.08472960694867684	-0.1505329995403936	-173.1799645390071	-0.6466664920949283

drug_108.txt	0.0115327009485772	0.5364008200717258	0.16919419860126966	0.10096420793640243	-0.09813951323296853	-0.1611100464801495	-142.29078014184398	-0.4409362060052618

drug_109.txt	0.0116325511732402	0.6595248314263561	0.15209954302376	0.026918390424951033	-0.09747619435734955	-0.12300930280765861	-156.37322695035462	-0.2024808374636813

drug_11.txt	-0.135247129306041	0.4541090623521525	0.17771018261015287	0.08330385854823463	-0.19025867097354485	-0.18457802052678737	-158.81914893617022	-0.24989834884726272

drug_110.txt	0.135239997147136	0.26415588545365953	0.16513333425026563	0.08052153211824398	0.12804381433298578	0.16015718636810253	-105.85726950354609	0.278244016894865

drug_111.txt	0.210605520290992	0.8833612273988708	0.1638915107749896	0.10785635481188549	0.005743704077356172	0.023612544768504377	-139.15248226950354	-0.36770045145572766

drug_112.txt	0.15995292775123	0.4964942236651142	0.17662018915251348	0.0759392707882795	0.018386737081408196	-0.0010495389956183632	-94.20833333333333	0.5303992382483474

drug_113.txt	0.441630411525569	0.9998477984035609	0.1308936356988703	0.025662695637433952	0.021295969258840346	0.03142509044499718	-151.06028368794327	-0.17370754893052093

drug_114.txt	0.396597960202553	0.63247774604338	0.1736739647015006	0.15391661765400888	0.12393427903025689	0.1237763766507032	-118.6604609929078	0.5583602261938136

drug_115.txt	0.348120676128664	0.3522389278009105	0.12891731442817966	0.010629655870554533	0.033603204129904515	0.06197564219486458	-79.93617021276596	1.0040991870042544

drug_116.txt	0.154660865844091	0.3057921796588773	0.15772739340530545	0.12523257311164687	0.1427129269491862	0.1559594006314795	-71.33421985815603	1.0087166713350446

drug_117.txt	0.338784680122673	0.24872554776611158	0.12116959214728817	0.05430437616014305	0.0824302627165919	0.11136774897950409	-114.59397163120568	0.18208358512541847

drug_118.txt	0.349019328150631	0.535601914012508	0.14108776538613543	0.05311486914546093	0.06914840407187335	0.055502424314407016	-114.34929078014184	0.8994172008604049

drug_119.txt	0.260452178874545	0.7239295409490626	0.1237915994430897	0.0019004154166294418	0.10127409207700047	0.12021638543729754	-41.73936170212766	1.1445633512814084

drug_12.txt	-0.0237144283574637	0.7372286254413645	0.13189848439958712	-0.051426904597216105	-0.20109921498991498	-0.19027504848998397	-119.50265957446808	-0.17118936516439498

drug_120.txt	0.263447685614435	0.27764621834045994	0.16521640431072707	0.0679832032503872	0.08777170446056506	0.14194603796846453	-78.81648936170212	1.717820965758716

drug_121.txt	0.207331859353826	0.5400086206725225	0.17634364115104012	0.13584076398505002	0.06661994800092547	0.0570249520952644	-86.03191489361703	0.7673835538022109

drug_122.txt	0.273282932743741	0.20139998861480615	0.22855203811153604	0.20816676352011032	0.14449302674652817	0.12552545404096277	-88.16134751773049	0.8046507656032703

drug_123.txt	0.192653876328365	0.017958944684100767	0.1761729203946996	0.14225177752567875	0.10869239909096456	0.2156219558775948	-41.141843971631204	1.0644291175295024

drug_124.txt	0.374830611226018	0.008473727983677792	0.20224535767041538	0.16749815881300711	0.10001845997309891	0.15976315822190637	-33.19946808510638	2.2771116834803853

drug_125.txt	0.366371870765281	0.33961005059483507	0.20168435072942292	0.1497993651262668	0.04231378363896883	0.12419544781483963	-50.3031914893617	2.6344860393358713

drug_126.txt	0.250845160830183	0.5080496284134849	0.1709362745570533	0.11582431789782399	0.005164218894261385	0.047516602435385344	-106.82890070921985	0.23285927862910516

drug_127.txt	0.165273518293988	0.32548064700449525	0.14307640114134051	0.03324165094197051	0.043456525778456635	0.1159638309742104	-124.21719858156028	0.4929924649953891

drug_128.txt	0.290307396048784	0.35277161168045934	0.18612243633407524	0.1603595426647545	0.09573149544999897	0.28710722302360114	-90.26063829787235	0.4096167605997815

drug_129.txt	0.20912916339776	0.4864750106073534	0.11270740269073054	0.0019353416209482166	0.013043793070257888	0.056845015183436466	-118.61790780141844	0.045843023984792244

drug_13.txt	-0.0255616575137294	0.45203581439706253	0.18248164684150903	0.1650357718905483	-0.15357362503337177	-0.1609529649360321	-174.87677304964538	-0.9005522339226819

drug_130.txt	0.417666357606447	0.2998258935269057	0.12767331478914506	-0.0007106185186802616	0.09535495332045268	0.15904476211103186	-99.48226950354609	0.473101688620561

drug_131.txt	0.0936523785749946	0.49791276199077794	0.11405452165700103	0.02814380654018528	0.06830509520215457	0.05445941232819729	-110.78014184397163	0.26282151474885446

drug_132.txt	0.342628913772199	0.13402989265400295	0.16265875810484853	0.08925865933476917	0.13220207494411065	0.17193430746251706	-87.73847517730496	0.7261204532322838

drug_133.txt	0.293103202339348	0.29235377058376333	0.19653137254160652	0.1233077701445997	0.08840208955266318	0.12781052657752512	-134.55585106382978	0.03750176043917322

drug_134.txt	0.194700805933956	0.3720561037259704	0.13564141042831002	0.07303879355990545	0.07670436886355557	0.10599097416343695	-156.65602836879432	-0.4635061143087622

drug_135.txt	0.372983382069752	0.380280089684048	0.19016242640634765	0.19098647364969334	0.08659922143398882	0.08687850574840894	-155.875	0.3795824670652546

drug_136.txt	0.211675344126667	0.2882485981197514	0.1925179008087805	0.15211369254847312	0.12563154638953208	0.11794611868317124	-121.22960992907801	0.30024005089934325

drug_137.txt	0.382269452963412	0.06243158345929348	0.21399182048835805	0.14744442525263518	0.10605620891069925	0.12419544781483963	-110.86790780141844	0.3741972797631047

drug_138.txt	0.298445189358819	0.3819406412151128	0.15822404607750878	0.06803366479890277	0.07847275563786593	0.08897758373964566	-103.22251773049645	0.4089733370794497

drug_139.txt	0.196997361101205	0.5830296419251761	0.13304973712995732	-0.03449650979850516	0.03978712831059192	0.09089372171382303	-137.88209219858157	0.11658266281501173

drug_14.txt	0.0889166250624064	0.6602902745037268	0.1389547179623965	0.0617216290222346	-0.13773519008914303	-0.0424785482296831	-121.11702127659575	0.4088925665950605

drug_140.txt	0.397846088010841	0.3111332919481413	0.2008579507178319	0.11895181885125944	0.15215164791167235	0.2053999881961504	-129.01861702127658	0.6266873414400647

drug_141.txt	0.153862064046787	0.20113129460984092	0.1741873386299771	0.08115357196796624	0.09373050573007836	0.13910586598127642	-117.41666666666667	0.7312159647513797

drug_142.txt	-1.87164253619571	0.336188148983154	-0.4909199452881109	-0.8122536504925127	-0.05019424769054392	0.04938808281245714	-54.27127659574468	1.2485948847178274

drug_143.txt	-1.88202695956066	0.016263079556425447	-0.404383986894899	-0.6615580507106595	0.04583002864582238	0.1582504648531658	-13.523936170212766	2.1588522796555916

drug_144.txt	-1.91622566150774	0.3115608324214861	-0.4250120128582754	-0.672748574541596	0.03168669081500918	0.1323205978994151	-81.99379432624113	1.0902890198822772

drug_145.txt	-1.82046929605592	0.2276065316388917	-0.42414656179421106	-0.7127454353253961	0.00691099975278351	0.1217307681562824	-21.43173758865248	2.3799067418651503

drug_146.txt	-1.8808287568647	0.33231310574652506	-0.5042051242789312	-0.8391537210043183	-0.050008405888113325	-0.013290095139897396	-77.77482269503547	1.068213634367042

drug_147.txt	-1.88736894658013	0.5078654486518716	-0.42966020215698225	-0.7722422332843559	0.011070518283470256	0.09314673667919354	-33.848404255319146	1.648722950751683

drug_148.txt	-1.92101847229156	0.517743146956146	-0.41945750199347	-0.7118657419555117	0.003472498745669954	0.1042618616567446	-65.49113475177305	1.4934723225616382

drug_149.txt	-1.85022466300549	0.3341797222068031	-0.43223499696383794	-0.7323707737721703	-0.005283743674445014	0.055033543903448716	-59.763297872340424	2.7476031435879094

drug_15.txt	0.0421867199201198	-0.7390535986353255	0.14534611388625973	0.038990869983525966	-0.14440564542151285	-0.10136661783028486	-88.72517730496453	1.2927874433849573

drug_150.txt	-1.90504243634548	0.46395869361635844	-0.41915266718925803	-0.7453983312089506	-0.0030276893399546756	0.0642338881588017	-64.77748226950355	1.0706693256504471

drug_151.txt	0.106789815277084	0.2298141487792516	-0.4633404621359706	-0.7315250910764397	-0.033042311140528066	0.018107029186235756	-86.83244680851064	1.894472296832826

drug_152.txt	-1.97019470793809	0.5780265291718962	-0.4170204710507278	-0.7623072911750499	-0.03924246413636332	0.012822451425049087	-108.87765957446808	-0.30270648945126877

drug_153.txt	-1.98102845731403	0.4533818665644872	-0.4543460753454788	-0.7459152552378207	-0.0422014823189606	0.06923617249736941	-96.98936170212765	0.799845982290283

drug_154.txt	-1.78467299051423	0.3613506636961714	-0.4712307200368513	-0.8685129161760441	-0.06699149592619708	-0.033834609024280274	-97.0895390070922	0.27824756157419533

drug_155.txt	-1.87264103844234	0.4560875554618152	-0.4117945570701106	-0.7437460031591521	-0.0018951898785749474	0.08452409274622504	18.91578014184397	1.9858452191911478

drug_156.txt	0.156864702945582	0.6243683808121574	-0.5033024279860533	-0.8735463634769106	-0.04937599190110676	-0.016943361355054403	-86.01773049645391	0.2522432547314994

drug_157.txt	-1.90664003994009	0.43369648452078524	-0.4381191163178898	-0.7561135980591808	-0.02878541129933883	0.011842661346311747	-70.33244680851064	0.6350162288004442

drug_158.txt	-1.92840738891663	-0.5498889245175882	-0.45268000400771613	-0.8049422376900304	-0.00714999357199099	0.0045847926465148224	-114.34131205673759	-0.3799612465204593

drug_159.txt	-1.78627059410884	-0.5224413277815059	-0.4160507172227387	-0.7390434605988598	-0.021191431457571318	-0.0030200381412818157	-109.16666666666667	0.053834818343481534

drug_16.txt	-0.0288567149276086	0.5776288486179083	0.15794360333022525	0.057871747531533124	-0.10014836218116793	0.006517256714691106	-101.5877659574468	1.4061491724817337

drug_160.txt	-1.82745881178233	0.2694632329391544	-0.06412782269275885	0.051183237347469324	0.03348298797996185	0.14415980929041544	-39.801418439716315	1.7703699931291699

drug_161.txt	-1.82106839740389	0.47422959049405333	-0.4838599934831087	-0.8389248752247513	-0.018688709757388018	0.14257635424775322	-33.60017730496454	1.6832155962046331

drug_162.txt	-1.78242636045931	0.3440659508261278	-0.44063635726773653	-0.7603037173571849	0.00019254453181473397	0.10872137308614535	-8.502659574468085	1.7705891071877347

drug_163.txt	-1.96919620569146	0.529207737536703	-0.47183192755491754	-0.8205517049842735	0.02714453058907323	0.03715344736097804	-109.44680851063829	0.07457925592986067

drug_164.txt	0.177783325012481	0.304254194648254	-0.4667555403300261	-0.8409213781816665	-0.037213439781882525	-0.04061764708403452	-99.82624113475177	0.6431100649982812

drug_165.txt	-1.95212181727409	-0.9074770672076453	-0.5603994042821925	-0.9541836257369186	-0.16693104104947648	-0.07971967537564457	-99.1267730496454	0.7552146056037807

drug_166.txt	-1.82700948577134	0.3525043826246387	-0.05775629739743224	0.07398095459897552	0.022606417097879666	0.12167754010720305	1.1028368794326242	2.3855872661285495

drug_167.txt	0.0414378432351472	0.04762570934696006	0.15179852496219298	0.08027140034425517	0.06317287810280976	0.24369043446475622	-13.433510638297872	2.286016411747975

drug_168.txt	-1.85971043434848	0.4072189989226516	-0.4516284926975256	-0.7467784779036775	-0.10588660139495129	-0.0839771513861639	-53.554964539007095	0.6290744097250802

drug_169.txt	0.100199700449326	0.4891027692718892	-0.4349482899054623	-0.7857011692625929	-0.06669069380964374	0.00348212099735303	-22.647163120567377	2.211625278804339

drug_17.txt	-0.00409385921118322	-0.4368604840905566	0.13038333841988803	0.003011983819350972	-0.22620350671577028	-0.15315104820355896	-214.20478723404256	-0.8975115957209869

drug_170.txt	0.0396904643035447	0.3951505561708256	0.17270727624299473	0.15818387592126526	0.05307466265467992	0.13541901188264513	-74.81914893617021	0.37893178629340546

drug_171.txt	0.00344483275087371	0.4828381313523604	0.17369005893438283	0.06188150427665251	-0.19148908379727847	-0.09543125903654831	-74.27659574468085	0.3770055380114389

drug_172.txt	-0.148976535197204	0.5834406419948756	0.12963296622143544	0.04419366609111319	-0.21672742531301364	-0.2126441814461462	-121.59397163120568	0.6018680799368048

drug_173.txt	0.00294558162755865	0.7534599270551878	0.15958580783359055	0.0586011013405533	-0.24160640440194858	-0.20802514778668266	-102.85195035460993	0.3177654658764828

drug_174.txt	0.0398901647528707	0.4686954697444159	0.17424980363213827	0.10849433409255027	-0.22102933068733172	-0.18818578763670565	-107.15602836879432	1.8534678478782611

drug_175.txt	-0.0763354967548676	0.31858890671939366	0.15243612800876397	0.07950181823211311	-0.19838997183249996	-0.15898847939542182	-181.7508865248227	-0.8878028593272369

drug_176.txt	-0.0380429355966051	-0.5782437538023097	0.11335941629682234	0.0047217334893338014	-0.2423884980783365	-0.23462124172887974	-142.77925531914894	-0.9913585401967955

drug_177.txt	0.145053847799729	0.8274785321928685	0.0749892647325639	-0.1573421960489495	-0.2545156008851824	-0.28169678353410393	-115.14716312056737	0.3413086145406847

drug_178.txt	-0.0498751872191713	-0.568265465306202	0.1202095944140475	0.05989950946327405	-0.2547678105657377	-0.2606425886370355	-138.05230496453902	0.11634875089229535

drug_179.txt	-0.110034947578632	0.5993384499418919	0.08142903701336635	-0.08106844701406979	-0.23145158988659104	-0.17298565730890342	-121.9290780141844	0.7186395241723172

drug_18.txt	0.201747378931603	-0.7936993492828368	0.22391136293866357	0.13082185374910094	-0.15902123386783407	-0.1711943683448324	-245.7171985815603	-1.4286765521495213

drug_180.txt	0.0181442122530491	-0.23515393657777975	0.0963009542831324	-0.01894623380754379	-0.2203752201870849	-0.1653753891352868	-70.71010638297872	1.5792527254249178

drug_181.txt	-0.0413879181228157	-0.2852608816189718	0.16034853473379715	0.13982223585531062	-0.25326626073609554	-0.2146228082028974	-133.67375886524823	-0.307719503233161

drug_182.txt	0.106140788816775	-0.24874511831814938	0.12989561112162717	0.0362132489537802	-0.2191155824469683	-0.1983690012534105	-102.32003546099291	1.04691366827044

drug_183.txt	-0.0207688467299051	-0.4042618798916409	0.10265417745036487	-0.04364401010023378	-0.27825821510662374	-0.2529510262389485	-148.73670212765958	-0.3776913887383102

drug_184.txt	-0.117573639540689	0.336088173380876	0.1639951560256045	0.09196662395824418	-0.22831889711710182	-0.2033119019136072	-143.88829787234042	-0.04859095470024008

drug_185.txt	-0.0291562656015977	-0.1570394214923208	0.14072942519025083	0.014231057118249346	-0.2614979914945755	-0.25570841085779045	-133.61968085106383	-0.4700978753785387

drug_186.txt	-0.0796305541687469	0.2663134917580952	0.17391084763866438	0.11331675714802203	-0.24804217974773227	-0.21815284104770188	-122.45478723404256	-0.3732036894579574

drug_187.txt	0.0937593609585622	0.33810239454338714	0.1425379450711306	0.017100127897118733	-0.24864329542353283	-0.24364668960130206	-160.78014184397162	-0.638440841220193

drug_188.txt	-0.0984023964053918	0.6953341701320298	0.17543278671204826	0.056363713340143784	-0.25216532377779227	-0.27996669302012966	-109.04255319148936	-0.16472661895137194

drug_189.txt	0.0732900649026461	0.3493851321629131	0.10708873851822448	0.026472202560554714	-0.1701911723990193	-0.00902179572102289	-111.93528368794327	0.5695501873690517

drug_19.txt	-0.138891662506241	-0.5351784236488148	0.20538202699694527	0.15459726742754792	-0.14773088719177307	-0.1709616091764506	-204.1090425531915	-1.3498575457044617

drug_190.txt	0.102046929605592	0.6279580018134359	0.1448844292826551	0.02483769573699046	-0.2447365364846524	-0.2420169458581495	-122.76418439716312	-0.1708656720972128

drug_191.txt	0.0473789316025961	-0.5147133844020344	0.1853059514357057	0.025378547849042143	-0.256164012482798	-0.254929479170194	-161.31826241134752	-0.7465773012684738

drug_192.txt	-0.0563155267099351	0.4702362957922195	0.1917626997676068	0.06747693971321134	-0.26552709844956274	-0.2940006580913876	-138.8714539007092	-0.19807043240099598

drug_193.txt	-0.134048926610085	0.38684528710950816	0.08418713887832618	-0.043269073131182334	-0.24941186827044334	-0.2172743214255658	-168.49379432624113	-0.32638218243362693

drug_194.txt	0.106190713929106	0.4964166993798917	0.17072758206418315	0.06288801140695932	-0.24437327173902149	-0.23677848382658787	-113.36702127659575	0.11884757282001665

drug_195.txt	-0.196205691462806	0.3770149948648166	0.1598924576668251	0.032189777506153594	-0.2274605706572264	-0.21974395980860642	-182.59397163120568	-0.8043235468114106

drug_196.txt	0.0712431352970544	0.4605629169752157	0.12735901236413888	0.01145684503222455	-0.22580472736233687	-0.2502742958025575	-194.66046099290782	-1.6562933714951011

drug_197.txt	0.063354967548677	-0.4348112252370271	0.1062037311504308	-0.002120625371440754	-0.25002841458215713	-0.23938579495039575	-181.75443262411346	-1.1326675660469565

drug_198.txt	0.0696954568147778	-0.6088267236172327	0.12559600499034257	-0.019910280358960586	-0.2602069246827552	-0.25501007200246645	-149.3927304964539	-0.6353845079525035

drug_199.txt	-0.0949575636545182	0.2742329021883928	0.14800519695213205	0.029460229061418985	-0.19466226464241143	-0.13174168930411306	-99.40780141843972	1.4510389734861482

drug_2.txt	-0.133849226160759	-0.596837746848675	0.25620755193834666	0.20263402172518652	-0.15979577706233267	-0.15281981950672682	-174.75	-0.4834449366472282

drug_20.txt	0.0906140788816774	-0.5876424682667974	0.2021683012388702	0.09354869059906556	-0.14374576669687178	-0.12720288552066744	-186.27570921985816	-0.5747315142698712

drug_200.txt	0.172762285143713	-0.4316758013150341	0.07225310240756666	-0.03362393537720454	-0.2218459126922001	-0.2093086821673563	-117.53014184397163	0.7175221165705085

drug_201.txt	0.0414378432351473	0.6612456388622883	0.08154484716242139	-0.021934751795012142	-0.09748455140122352	-0.07265489992805357	-114.78989361702128	-0.09926929331208027

drug_202.txt	0.127458811782326	0.6791071485602982	0.05653002771734811	-0.11417946372925669	-0.0829653563016928	-0.07077993476861993	-138.97429078014184	-0.45894659971121854

drug_203.txt	-0.00119820269595605	0.6227796672868355	0.06700841475305108	-0.09292950646214337	-0.10241032812366485	-0.1151931719827043	-161.13120567375887	-0.5867827613141432

drug_204.txt	-0.0839740389415876	0.49538018910313375	0.07506645013242547	-0.05916728411558381	-0.1436717771748439	-0.1514034366242665	-152.77570921985816	-0.5888572971891328

drug_205.txt	-0.0260109835247129	0.7303978972832456	0.06734360883054397	-0.05876197100405445	-0.14266593832375066	-0.12198992068565126	-142.1994680851064	0.04246732004214757

drug_206.txt	0.0317024463305042	0.28786608556803883	0.16226395805673027	0.1046233262337446	-0.05463863916578935	-0.002109335804362846	-115.84042553191489	0.030418342028665016

drug_207.txt	0.200349475786321	0.7455100366845779	0.09845081778418052	-0.04378790393166876	-0.11657516314654395	-0.15515336694313375	-128.77304964539007	-0.22511137294077077

drug_208.txt	0.0620569146280578	0.5154202949769217	0.0626745067575285	-0.07577982244704995	-0.13404078776362882	-0.18410360760758607	-118.29787234042553	0.1596458565819306

drug_209.txt	-0.0749875187219171	-0.6176380492698827	0.13356301775673268	-0.039842963806409726	-0.13951565689276602	-0.14460668792131953	-123.17287234042553	-0.38921583630535517

drug_21.txt	0.0615576635047429	-0.6282636474476841	0.18491551710803691	0.04584460002615676	-0.11655853187961437	-0.08356054144907524	-201.6994680851064	-1.6847891125942616

drug_210.txt	-0.00524213679480778	1.1268505794340509	0.0948199257618203	-0.04111372937789548	-0.13949958731190926	-0.1567986167911841	-119.59840425531915	-0.10067589995118106

drug_211.txt	0.165601597603595	0.7712574896282715	0.059697342094767736	-0.10599063185380153	-0.10663572323257706	-0.12116962342839903	-106.10106382978724	0.5133926193612582

drug_212.txt	0.118572141787319	0.7461459534837799	0.06242168959700206	-0.15348447994055114	-0.1017321016911495	-0.09773255893547851	-152.74822695035462	-0.6155226573247085

drug_213.txt	-0.0498751872191712	0.538727678685002	0.07645371681809454	-0.07339598364109612	-0.09254796862796216	-0.08648276797887668	-80.25797872340425	1.06335788389349

drug_214.txt	-0.0121318022965552	1.00420286690818	0.06796565911984104	-0.08607190223745353	-0.11536452502190267	-0.15011439807715585	-110.30053191489361	0.8412382778807387

drug_215.txt	-0.0483774338492262	0.6040086467653107	0.07932964036550227	-0.12286333684844619	-0.11558089860833667	-0.07452986508748721	-86.36170212765957	0.8324507480641588

drug_216.txt	0.147229156265602	1.0539740001337967	0.06668109069829697	-0.08466361342869955	-0.15678836536614904	-0.20003534544707655	-165.9671985815603	-0.03933964299304342

drug_217.txt	-0.0113330004992511	0.9937714599256928	0.12439159481766515	0.02294983704532183	-0.15932385728649065	-0.221128703490705	-139.4671985815603	-0.07242984817258279

drug_218.txt	-0.0833250124812781	0.3835325854114112	0.013686363064036533	-0.1991322651703788	-0.07879874755121377	-0.10792768198989894	-116.85017730496453	0.26337846589839164

drug_219.txt	-0.130054917623565	0.32075348932281095	0.0726928594703789	-0.052029771592379315	-0.13148433547482194	-0.11906028762403617	-127.04787234042553	0.024508509022159126

drug_22.txt	-0.0672491263105343	-0.7262825229557105	0.19970603420540425	0.07242068338756857	-0.14510177590325563	-0.135461869383695	-181.43528368794327	-0.5641199640896809

drug_220.txt	-0.0491263105341987	0.1885482504238786	0.022915148680257902	-0.13237643506225827	-0.09264501984410299	-0.03035099851833206	-104.08156028368795	0.4830172722406717

drug_221.txt	0.12626060908637	0.47624592367390317	0.01808516532217147	-0.106607250620818	-0.08040484451039434	-0.10452930763842547	-121.79166666666667	-0.01935771756848575

drug_222.txt	-0.0658012980529207	0.2524249924115991	0.08421390254864952	-0.022915532424367946	-0.12684821661914664	-0.10980590727454372	-125.3040780141844	0.42388728730254677

drug_223.txt	0.14518222666001	0.8182088425202397	0.033297201156584744	-0.08225981495027801	-0.08609002530832012	-0.03937426834810645	-91.56028368794327	1.4383965908480967

drug_224.txt	-0.0415376934598103	0.8962876961689541	0.04143897902702853	-0.08391071880949097	-0.11428059186276895	-0.23882368718285996	-176.77216312056737	-0.3311870161402134

drug_225.txt	0.070693959061408	1.0870777876176672	0.04707409880505742	-0.0721256517737131	-0.10486072450300846	-0.028007292069040006	-105.96099290780141	-0.010431953817494819

drug_226.txt	0.0407888167748378	0.36847623299010646	0.15665393011864615	-0.02932533585847663	-0.14449047061325457	-0.13722808689273286	-164.20921985815602	-0.934272461963628

drug_227.txt	0.0480778831752372	0.5353083668983306	0.050290357941519814	-0.047007358571085955	-0.13331793803509306	-0.12691547233546516	-173.26329787234042	-1.411723396067313

drug_228.txt	0.0489266100848726	0.5989155775653804	0.05519367325983432	-0.064854961167223	-0.11432615081237538	0.005039118476846723	-94.46985815602837	1.300700784388378

drug_229.txt	-0.16410384423365	0.10937896448866768	0.054998962547435415	-0.15318650842529868	-0.05933797877978172	0.08027194588825275	-47.694148936170215	1.857975205434057

drug_23.txt	-0.135796305541687	-0.44106343914475665	0.21032730079716774	0.09576112630647898	-0.17203351469196326	-0.13197444847249487	-215.01861702127658	-1.0022498309406667

drug_230.txt	0.000549176235646542	0.9147804585242933	0.04664808430058104	-0.06148108754425896	-0.07725487745300698	0.008671713862380588	-115.99290780141844	0.7680295678127931

drug_231.txt	-1.83125312031952	0.4605774848937137	-0.48444311286614916	-0.9107011986996458	-0.1817646125858724	-0.08991050729130644	-94.73936170212765	0.7345593307020192

drug_232.txt	-1.88607089365951	-0.5601390661345835	-0.5490552672900852	-0.9466191910766986	-0.22189241222358985	-0.04413505281421682	-87.9982269503546	0.9292519609054127

drug_233.txt	-1.89545681477783	0.6718124135796841	-0.5575240073340167	-0.9461084907402492	-0.2330773375799605	-0.19917917827957382	-140.04166666666666	-0.27661100689223944

drug_234.txt	0.00454318522216668	0.44340097943179296	0.17236522824984324	0.06372769420632451	-0.1382243064685279	-0.13088929137109215	-129.81471631205673	-0.11505896472425184

drug_235.txt	-1.92970544183724	-0.17433849895211162	-0.5317015513662653	-0.8749854725517876	-0.23919157188426213	-0.25632074581879577	-180.98138297872342	-0.7826901299438173

drug_236.txt	-1.95966050923615	-0.6146695616723001	-0.5534942476040972	-0.8894026914174108	-0.22318888584990437	-0.0233793344498031	-59.67553191489362	1.4461691962339092

drug_237.txt	-1.98152770843734	-0.5418167828986287	-0.5853440550776454	-1.0078111524007074	-0.22031808446432233	-0.1107846717597161	-46.541666666666664	1.4026540170856896

drug_238.txt	0.0757363954068897	0.2718275285084104	-0.5143573493657648	-0.8380781455257085	-0.20826402486145384	-0.12126936572466446	-117.83510638297872	0.05544682968574368

drug_239.txt	-1.80129805292062	0.4658438229088461	-0.5283263911925369	-0.8628697164407328	-0.23389392515254662	-0.20162810260268335	-205.96808510638297	-1.1588572698834345

drug_24.txt	0.0985521717423864	0.7164709653691015	0.1872553379100308	0.04263852338520585	-0.16964439910884338	-0.11835803712215812	-155.24379432624113	-0.324641924507479

drug_240.txt	-1.89221168247629	-0.1060951090388129	-0.5443486527203452	-0.8986414661184712	-0.2575787730996013	-0.27361400641627415	-229.39893617021278	-2.1660015089755915

drug_241.txt	0.0532201697453819	0.6044530327788767	0.08624130232086746	-0.03768101846001093	-0.1266975337840911	-0.008978333344977605	-78.92464539007092	1.9378843568012036

drug_242.txt	0.164902646030954	0.3804168039231105	0.16465355426546457	0.10187343218531075	-0.15813845266914903	-0.2263889168792654	-169.04166666666666	-1.2120554948139353

drug_243.txt	0.0373439840239641	-0.5648698358277277	-0.4762236856269383	-0.9428749996134741	-0.26885729590092944	-0.27626198673554475	-123.23936170212765	0.5288885054492989

drug_244.txt	-1.88197703444833	-0.3666499456205945	-0.511942919990942	-0.9856438899121873	-0.29146340325233694	-0.3202560701565297	-202.5877659574468	-0.8424973592811632

drug_245.txt	-1.88297553669496	0.8983235175178108	-0.43063648829114565	-0.8615835977716698	-0.2952875884025812	-0.30299850657263516	-168.12677304964538	-0.8171914188957434

drug_246.txt	-1.82406390414378	0.550168508952571	-0.4481676318601381	-0.7582104144338162	-0.2375486835257027	-0.16738670624784213	-113.24645390070921	0.327366967234426

drug_247.txt	-1.93729405891163	-0.5710036543159859	-0.4610097199813491	-0.8856121893124886	-0.25308352356350944	-0.22837120458822627	-144.88741134751774	-0.6878639947424264

drug_248.txt	0.045581627558662	-0.8638067889958054	-0.47166497314884126	-0.9706179698304525	-0.2353197861322851	-0.24842729199653618	-134.29875886524823	-0.5243012649516808

drug_249.txt	-1.92356465302047	-0.6601076873618732	-0.46887951125849137	-0.9002644988998452	-0.2432967773701217	-0.21594640720647434	-116.95833333333333	0.15067939862269794

drug_25.txt	0.151372940589116	0.5812015740807892	0.10935947287657682	0.005122074058953263	0.014793244669374747	0.019400419259277466	-110.46985815602837	-0.012088021353761975

drug_250.txt	-1.86525212181727	-0.6109807091615093	-0.4994170395618628	-0.979678116818411	-0.2652115247127636	-0.27926935664478014	-114.96187943262412	0.2775033940277013

drug_251.txt	-1.95042436345482	-0.8022985645850162	-0.46983915452254843	-0.9676712947936726	-0.25282542619143256	-0.2455632470717252	-158.17021276595744	-0.9762446455003314

drug_252.txt	0.00683974038941582	0.7370796201924295	0.17502607309375656	-0.02851555275260942	-0.1741550357016002	-0.1761852166787164	-150.76418439716312	-0.25506580236798576

drug_253.txt	-1.93404892661008	-0.7534416822017437	-0.44949173169185874	-0.8480247284411728	-0.22741446531980286	-0.23812873656141084	-119.95212765957447	0.50510725253737

drug_254.txt	-1.83984023964054	0.7164457354112166	-0.4819514692484295	-1.0327335548690177	-0.23991870857803327	-0.21630257059543512	-100.03900709219859	0.22702276758409465

drug_255.txt	-1.82680978532202	-0.33130877624288196	-0.5275745189807073	-0.9095766716476525	-0.28740979046709764	-0.21069932927759133	-178.7668439716312	-1.0102155371799313

drug_256.txt	-1.80494258612082	-0.5285052234463093	-0.49774065391368316	-0.8383242765576242	-0.24443447301585527	-0.15099924262007794	-123.46631205673759	-0.1458654812766144

drug_257.txt	-1.83669495756365	0.4882356938752039	-0.49306815382719443	-0.9358289927107291	-0.2444160026246247	-0.23334750335914942	-149.9671985815603	-0.685434685265023

drug_258.txt	-1.9681477783325	-0.43389679275052806	-0.5095616507624756	-0.9112521934614466	-0.2591948019074884	-0.18085460215284094	-106.95035460992908	-0.19960808731261787

drug_259.txt	-1.86739890164753	-0.5340313298178324	-0.5063488793444435	-0.8929307769253558	-0.2588497555267685	-0.20126050503920273	-108.03368794326241	0.5330166028935533

drug_26.txt	0.00444333499750382	-0.68101897120453	0.09915467160947533	-0.035892943807674826	-0.03631516905861756	-0.02512779107234831	-90.40868794326241	0.9078435194683873

drug_260.txt	0.16345481777334	0.8762673373337482	0.07932355470004626	-0.16527017493917284	-0.01379238296739347	0.05320213639892955	-187.57269503546098	-0.45542509970168693

drug_261.txt	0.0489266100848726	0.6707612249354726	0.1155278419005838	-0.060121156723458635	-0.028093761512470325	-0.025312781186020747	-154.55673758865248	-1.0967125776350126

drug_262.txt	0.0158761857214179	0.6284588752911076	0.17456995396527064	-0.07714390558484463	-0.043227321227967096	-0.026836235609253477	-97.54078014184397	0.4231333162000315

drug_263.txt	1.77556522359318	-0.60164019425479	0.1176347573407363	-0.02286731426012778	0.004623703004841412	0.020038690141447036	-165.5336879432624	-0.6424740021000124

drug_264.txt	1.68914485414735	-0.9549732946112739	0.13418030598774155	-0.10379689159371341	-0.08362701615954	-0.02671825352192938	-113.9122340425532	-0.06250991876847917

drug_265.txt	-0.132101847229156	0.1881568810558955	0.11956932478052118	0.03736133774705519	0.03885018631336948	0.07710794218170847	-162.2677304964539	-0.8364984460001248

drug_266.txt	-0.0313030454318521	0.9268719732046679	0.13280101092595248	-0.059079498853014334	0.028698260217884103	0.00972638176456201	-132.90248226950354	0.3928023378571884

drug_267.txt	-0.0720918622066899	-0.761925102245327	0.09156264621833377	-0.09820271199666497	-0.06043094101187293	-0.03316344625748252	-159.1214539007092	-0.2808768483205062

drug_268.txt	-0.00639041437843235	0.7028547603840205	0.11188018536112715	-0.0056828655178471355	0.041046960134045865	0.08179535508029256	-141.82978723404256	-0.12242636700875159

drug_269.txt	0.0961058412381428	0.48978992870099725	0.06233285082466633	-0.0649437648677037	-0.025595182916504915	-0.0057422512875695214	-161.20035460992906	-0.3471455823502975

drug_27.txt	-0.0315526709935098	-0.6538306036712431	0.09050106500413457	-0.002502130020118787	0.0016005019016037542	-0.016244929379756433	-164.88918439716312	-0.4575445807584348

drug_270.txt	1.76627915269952	0.6797852808374137	0.1059421513383979	0.01378729492967623	0.013313207097462323	-0.02460891771756653	-178.5159574468085	-0.5985603045940622

drug_271.txt	0.0677483774338492	-0.4528873162487372	0.13368640747287552	-0.0660057827184034	0.012456121892097438	0.03773367383360202	-142.27216312056737	-0.5700874657585413

drug_272.txt	-0.118771842236645	1.019523370468457	0.027659830285680476	-0.11054205029588304	-0.05923415246384204	-0.07488142105488102	-155.86524822695034	-0.4281130278903129

drug_273.txt	-0.0736395406889665	0.43592170478273073	0.13688345614117237	-0.07087775026680387	-0.03278341999140548	0.03843678576838963	-165.86170212765958	-0.2855728579822799

drug_274.txt	0.113030454318522	0.42490958849180815	0.10477446469515928	-0.04755050113236692	0.05201932162673499	0.08378750556219082	-150.22606382978722	-0.34667882115644943

drug_275.txt	-0.153669495756365	0.6417875350295399	0.1564211527573146	0.010469790800660128	0.049264681015140796	0.05296776575400034	-175.03989361702128	-1.0726251001770963

drug_276.txt	-0.0197204193709436	0.5114576226630312	0.12719522254774157	-0.05296832630303783	-0.06591230768055471	-0.029179145293686034	-202.61436170212767	-1.1312157295108771

drug_277.txt	-0.0648027958062906	0.4702789507089591	0.15426629611286474	-0.018963952890554525	-0.009973628609038263	0.006562572900079455	-169.77925531914894	-1.8925333398373465

drug_278.txt	-0.0305541687468797	0.5336929968690919	0.14514956271378593	-0.07674037245796317	-0.05841972278861325	-0.001054667902181423	-180.43882978723406	-1.4509334383433392

drug_279.txt	1.76962413522573	0.41468385348624026	0.15961609053969217	0.08125371129520853	0.01576476550006283	0.07125079148657693	-166.5381205673759	-0.42546677417639056

drug_28.txt	-0.091163255117324	-0.6989195764938885	0.07629444455517448	-0.08751364031510134	0.00873396561774964	-0.008414639678722755	-90.85106382978724	1.0402929020343719

drug_280.txt	1.78794665145139	0.46974382391567815	0.12545649541053333	-0.04766016927098071	-0.011998041341027783	0.0005859440089356655	-165.53900709219857	-0.928165005816066

drug_281.txt	1.69907995150132	0.3435165068237221	0.1444423921053033	-0.005968273227181964	-0.03330336441282094	-0.001054667902181423	-202.63031914893617	-1.1463104072407777

drug_282.txt	-0.0193210184722915	0.6651797308923744	0.11218925814250913	-0.04680245347277279	-0.07785538710526374	-0.03503841141691616	-216.7508865248227	-1.6834381068719932

drug_283.txt	-0.117673489765352	0.4832249682572472	0.10165306677962987	-0.04230749743126372	0.0010177057577016313	0.058709846554765875	-156.46985815602838	-0.311356260466838

drug_284.txt	1.6868482989801	0.5937710502398579	0.13458820804115806	-0.07585524365546437	-0.06602269688276587	-0.03984300963796487	-193.33599290780143	-1.7382470508857586

drug_285.txt	-0.0138791812281577	0.8602117187342541	0.12156615654192993	-0.3053574647780859	-0.09749030711978818	-0.05484435923637828	-63.71808510638298	0.6426129907850855

drug_286.txt	-0.181128307538692	-0.878203032909361	0.1422073575208252	-0.0775397214104443	-0.04963285336779646	-0.06550659525771282	-149.54609929078015	-0.3036642175059924

drug_287.txt	-0.111482775836246	0.9164512154290486	0.12145000994601174	-0.01749882627832533	-0.03686227058526303	0.02039024610884084	-166.08599290780143	-0.8385063922888482

drug_288.txt	0.0241637543684473	0.8510764256909154	0.10759347652376139	0.010821564316227938	0.0073740009280477	0.032929075612553316	-143.84308510638297	-0.2526495945986964

drug_289.txt	-0.13654518222666	-0.7919154300744188	0.14464222091764545	-0.0998872246071062	-0.029389681844025836	-0.05390524833371717	-176.36347517730496	-1.1863224673230046

drug_29.txt	0.0615077383924113	0.9617505606104348	0.13544001106407988	0.06754060849393029	0.007799277537625736	0.02103659919680689	-137.79698581560282	0.7550924176441195

drug_290.txt	0.0746879680479281	0.2652009994346582	0.17778417610266872	0.11221933134100881	-0.07118948166950877	-0.18163724982013393	-154.66578014184398	-0.11425876787342737

drug_291.txt	0.106789815277084	0.4264455729345563	0.18741323659259712	0.16944354407364282	-0.05317606245651186	-0.0993175095145953	-135.4122340425532	0.05306326804821345

drug_292.txt	0.143834248627059	0.15324497366258288	0.164478280660114	0.10078209844921582	-0.05529944147482687	-0.049920947369920685	-111.9290780141844	0.20712305029396227

drug_293.txt	0.123564653020469	0.560516731604856	0.15799717159410082	0.0713777895612282	-0.07361578746531813	-0.20483994366812525	-184.895390070922	-1.8044519640699672

drug_294.txt	0.100599101347978	0.5774521873838595	0.1519076998304995	0.03453585588744257	-0.0985460007878514	-0.20179312528404558	-142.02216312056737	-0.33158495675315003

drug_295.txt	-0.018572141787319	0.7274891311780104	0.13483777698103205	0.002997614572996743	-0.07129688510006976	-0.1610126330663639	-161.57890070921985	-0.6306976915744696

drug_296.txt	-0.0970044932601097	0.4620024085429064	0.1499242317452646	0.1041786765269852	-0.048994968802680915	-0.07863135137374831	-161.52836879432624	-0.23010050765626588

drug_297.txt	-0.00109835247129297	0.6223681269779792	0.05909028358809382	-0.09091338972647778	-0.077713998513643	-0.19511356190356322	-167.5549645390071	-0.325059951161537

drug_298.txt	-0.0701947079380928	0.38199201954715245	0.16162850100826126	0.09147022521983988	-0.06260469902764898	-0.2377174844251995	-173.12234042553192	-0.198155441550979

drug_299.txt	0.0538192710933599	0.8917830434198238	0.18948474483636352	0.04580351349508571	-0.08432060439722225	-0.12966940917746278	-76.56914893617021	2.199657206382306

drug_3.txt	-0.0618572141787319	-0.6027460332394372	0.22651177215032603	0.11996267224327373	-0.11304539571279856	-0.07379113904589857	-147.58510638297872	0.43375092293649514

drug_30.txt	0.0681977034448328	0.5554929064367976	0.10379348634244712	0.049483885119171345	-0.05712875663932264	-0.1927243138525692	-202.8421985815603	-1.075706581391236

drug_300.txt	-0.0149276085871194	0.8860879467815128	0.18074005311176017	0.03303816979994889	-0.0871782708037808	-0.10588008241467475	-80.36081560283688	1.5645360038136649

drug_301.txt	-0.02790813779331	0.35944906880342875	0.14476175316145368	0.07149051262028927	-0.06918123108057175	-0.1755436130519746	-182.12234042553192	-0.8214907038049453

drug_302.txt	0.081028457314029	-0.2665425626594571	0.15962638443537708	0.09434170228208694	-0.07931993116821417	-0.15878611193953646	-122.42021276595744	-0.503930374048075

drug_303.txt	0.0364952571143285	0.5823409787109902	0.11377697597687447	0.006297484992673019	-0.052703337691573884	-0.07019400815629691	-109.92996453900709	-0.18030493246693252

drug_304.txt	0.142835746380429	0.6700844470714484	0.1738395515428637	0.11602154390539537	-0.07036029553992124	-0.15222373388151872	-110.61702127659575	0.8686768351223304

drug_305.txt	0.0571143285072392	0.9815993460001543	0.14714974487066979	-0.042072951180777474	-0.09669248987342666	-0.15269247517137713	-127.68085106382979	0.21152214746263245

drug_306.txt	0.107438841737394	0.7334522669837419	0.18182585213407876	0.01870338622815615	-0.07560111920674197	-0.15808300000474884	-158.36702127659575	-0.6178897387730216

drug_307.txt	0.045981028457314	0.9300388357297904	0.17983589066906208	0.07678097965958863	-0.09081573753111598	-0.18749651594336406	-132.83599290780143	0.07303596679206895

drug_308.txt	0.138092860708937	0.6439807106564087	0.11777615937657226	0.025377902337633373	-0.0730129077639193	-0.2075352060848111	-189.52748226950354	-2.062226690882677

drug_309.txt	-0.00514228657014482	0.43515917189788933	0.13448091287665698	0.03647599408463931	-0.06192830270640432	-0.09480292587386345	-96.59574468085107	0.3721566587206464

drug_31.txt	-0.103594608087868	0.40051705853282615	0.11557630925556917	0.016841934904798128	-0.025751953405792498	-0.011219850897420641	-99.34308510638297	0.5093075067706521

drug_310.txt	-0.167299051422866	0.5367688815613031	0.12437854069710652	0.03471591418988362	-0.04411302156375945	-0.044061681246690555	-135.25531914893617	0.3986981288650434

drug_311.txt	-0.0380928607089366	0.3545192811140947	0.16626162711163256	0.09989461085806223	-0.0615945728450729	-0.1473019503380054	-172.73936170212767	-0.9272207825695835

drug_312.txt	-0.0639041437843235	0.4871539795566509	0.15538322703116764	0.066489996725422	-0.04099690397529669	-0.046874128985841014	-174.87056737588654	-0.1769050103417847

drug_313.txt	0.0957563654518223	0.41763707544883416	0.11651406956734944	0.015966655679089725	-0.04986061059301249	-0.02835884803643382	-136.56648936170214	0.2735572244678599

drug_314.txt	-0.0334997503744383	0.6700481166360805	0.1527280648490904	0.09605136515853774	-0.07215922833815519	-0.11455205374692261	-130.39804964539007	-0.47389703893140184

drug_315.txt	-0.0120319520718921	0.4315835280641354	0.14976395688406952	0.04601710563283978	-0.06738672963748933	-0.19558230319342162	-164.43262411347519	-0.1980041633836306

drug_316.txt	0.0494757863205193	-1.0499560071903993	0.096655825738588	-0.10158164440566408	-0.08786314817631774	-0.13019289325817343	-105.97783687943263	0.12933581737167685

drug_317.txt	0.114528207688467	-1.0242549763299662	0.1066640507580493	-0.09946602733955001	-0.12091895665923219	-0.2037852757659438	-158.4804964539007	-0.5708964682109443

drug_318.txt	-0.149076385421867	1.2806482895509668	0.11128937181964976	-0.013188663548295732	-0.0956319023059338	-0.15468462565327534	-181.77216312056737	-1.0083705950626671

drug_319.txt	-0.0176734897653519	2.2494892486695357	0.06018233467172257	-0.05105284807447941	-0.09561068609305312	-0.22148025945809882	-244.57269503546098	-0.9829680557493125

drug_32.txt	0.0406390414378432	-0.3339979777295552	0.15143285540307838	0.03850333895663627	0.020637061462438374	0.06077239767966435	-46.308510638297875	1.535588700458606

drug_320.txt	-0.0944083874188717	0.3359548455117971	0.1419609748414904	0.011000576414690322	-0.05605487896043537	-0.07217714426221128	-175.1959219858156	-1.810162626857557

drug_321.txt	0.026110833749376	-0.7290489775054395	0.13800498194586697	0.015324624081567761	-0.04825652106480478	0.0017632852832787772	-91.55939716312056	0.6743590514252333

drug_322.txt	0.0835247129306042	-0.609195792878943	0.0801878663832643	-0.10734865076632782	-0.08232908634923056	-0.09651048117145838	-163.21453900709218	-0.04104311779096222

drug_323.txt	0.036645032451323	0.6504340992705596	0.0990447665202761	-0.035739139187760505	-0.03884652028693062	0.10673753581447532	-80.01241134751773	0.6966519450760068

drug_324.txt	-0.0373939091362956	-0.451938734712116	0.05632302600919914	-0.08991974228314992	-0.07861264531023826	-0.11296781048206031	-132.66400709219857	0.220227261930065

drug_325.txt	-0.0607089365951073	0.7946658187214417	0.101322994896349	-0.028843989038779494	-0.055888174810961054	-0.08499035065403705	-76.7145390070922	0.3722059213776126

drug_326.txt	0.036844732900649	0.748168639171308	0.037141110737260896	-0.12437474136601234	-0.06574415239586522	-0.07476329601102015	-123.15868794326241	-0.3539609898036173

drug_327.txt	0.0834248627059411	0.705270536848553	0.06429659865494691	-0.0757983094995699	-0.06434688629727922	-0.0720595919099927	-139.3200354609929	-0.18789289307107762

drug_328.txt	0.159610584123814	0.49152653616351755	0.04869737341848984	-0.08974409133987349	-0.056654008375238964	-0.005642512906492087	-125.35549645390071	0.0744806539185071

drug_329.txt	-0.035746380429356	0.8491534510688185	0.06442170863245239	-0.11460048223987351	-0.04847053473217258	0.03126892569014365	-131.9618794326241	0.6144961607226641

drug_33.txt	0.148077883175237	-0.5852283804658382	0.08009771378925584	-0.11168552675964283	-0.08448997583790806	-0.04628051823297515	-57.905141843971634	1.4960255260958644

drug_330.txt	-0.0997503744383424	2.2949872061805334	0.08290027651073939	-0.0115450205186155	-0.07465113470508064	-0.10074236585132747	-185.58244680851064	-0.8405830862665898

drug_331.txt	-0.0494258612081877	0.7964846131384196	0.12672152792038682	-0.1223540418649719	-0.11155722387319764	-0.15446379081522088	-201.02216312056737	-1.2149032437434704

drug_332.txt	0.0394907638542186	0.41193235727772376	0.08373691044410381	-0.0644660256961801	-0.02167097368748931	0.0963929288192398	-107.75620567375887	0.9327880826813713

drug_333.txt	0.038242636045931	0.6381695818494442	0.10030804867659282	-0.07250603391741894	-0.020752785889954273	0.11308536283427889	-106.29343971631205	0.6043323992023614

drug_334.txt	0.00524213679480778	1.0994876748387412	0.04627140926363027	-0.16941337817573987	-0.04238814586830389	0.047020940887434054	-134.84574468085106	0.16943123409172645

drug_335.txt	0.0125811283075388	0.6925328150243569	0.09023157361126494	-0.10457672145617658	-0.05205233961237672	0.044904998547499526	-181.70212765957447	-1.5051928510164814

drug_336.txt	-0.135297054418372	0.7010318743423739	0.08337896567018094	-0.02758756590385436	-0.04692303325094906	0.054426739077204925	-166.06382978723406	-0.5514167870219688

drug_337.txt	-0.0181228157763356	0.5314599873499166	0.10454137681098119	0.044734702160191264	-0.01880539094354987	0.10497425053119652	-90.70656028368795	0.7679614198713063

drug_338.txt	0.11892161757364	0.6048893867465102	0.06182678676003045	-0.12973601363090104	-0.06146682158128588	-0.019043481059410793	-123.10992907801419	0.9205121760622155

drug_339.txt	-0.0987518721917124	0.8000665131236291	0.051856252870794484	-0.15126551714404068	-0.03560184869498334	0.0704138589789325	-104.70833333333333	1.1355432864137323

drug_34.txt	-0.0642036944583125	-0.873010068238602	0.12435316585211181	0.024384818960009325	0.011043363135281557	0.014491879446689192	-49.0354609929078	1.8390816655717968

drug_340.txt	-0.0289565651522716	0.24436053709692035	0.10567426455365286	-0.018306009297332615	-0.035576704009909886	0.06195008961919436	-94.56737588652483	0.6571323401677661

drug_341.txt	0.0223379216888954	0.5378658795528929	0.07552824885309656	-0.08237290413789822	-0.05254631995358868	0.017867957537224942	-73.62145390070921	0.8514166953521527

drug_342.txt	-0.046679980029955	0.5566255545158468	0.21611248479488465	0.06268839731069387	-0.08369817722897668	-0.06894651443352505	-139.1968085106383	-0.8151137987780782

drug_343.txt	-0.0622066899650524	2.3056434815888998	0.03987887251779354	-0.12107649790549357	-0.05302041658058921	0.03526570566557554	-105.71631205673759	0.7181234706637667

drug_344.txt	0.0266100848726909	0.42572847116738877	0.0702996078480646	-0.04996564621312971	-0.04613593308726782	-0.00846376935973813	-152.6072695035461	-0.7695216802525819

drug_345.txt	0.0417373939091363	0.7082515900311136	0.10755361340224379	-0.06045097428033441	-0.08336974837270522	-0.06206764197141295	-151.47695035460993	-0.9072228860031291

drug_346.txt	-0.0296555167249126	0.6465664278031574	0.05923521748971017	-0.07690415741408829	-0.043021804724049595	0.08487279830181846	-123.61170212765957	-0.22116266943863838

drug_347.txt	-0.0378432351472792	0.7040051946763278	0.08669680926422912	-0.08979239414282303	-0.042532904833802156	0.06629952665128203	-102.32890070921985	0.46191080727241185

drug_348.txt	-0.135047428856715	0.8640501489302951	0.10031784629331908	-0.051041869138272355	-0.1006120096020604	-0.156697285507374	-186.94060283687944	-1.3700450988513972

drug_349.txt	-1.89345981028457	-0.500581224436626	-0.49745147084756647	-0.8832721310249076	-0.36495457039211443	-0.4517882476553527	-233.2863475177305	-3.073726367707324

drug_35.txt	0.135896155766351	-0.6156209912015245	0.12243015830118797	0.016059134834032207	-0.03229150083581533	-0.01718039668667536	-120.95478723404256	0.97131410147159

drug_350.txt	-0.126731331574067	-0.4075399660486817	-0.43036821866695185	-0.8031087947469036	-0.3017606250624007	-0.2572256536810758	-114.26241134751773	-1.2597594171081152

drug_351.txt	-1.98582126809785	-0.5061225217589653	-0.4462521263153098	-0.7586325698112383	-0.29300574996454676	-0.2870354170773435	-153.08156028368793	-0.38160540175863983

drug_352.txt	-1.91372940589116	-0.22480922037096682	-0.48524725135991587	-0.8689836639708146	-0.35858439576613704	-0.329848719331351	-209.66489361702128	-0.9037111314590494

drug_353.txt	-0.129527137864632	-0.3366701836359003	-0.47025490065342396	-0.7855058323106907	-0.2668664993910367	-0.14753503993387188	-125.31028368794327	0.4374214077596393

drug_354.txt	-1.89630554168747	-0.4236941638195779	-0.441008006943716	-0.7738226042839652	-0.2952056241616772	-0.2487252133376088	-83.49468085106383	0.20812974890654334

drug_355.txt	-0.149846658583553	-0.23863021800742182	-0.49694764213051645	-0.7664767136714934	-0.2876061467180293	-0.18800258179938026	-173.93173758865248	-0.19292024912550526

drug_356.txt	0.106390414378432	-0.2370556162398868	-0.46247846914276763	-0.8345282453863756	-0.29376404930863165	-0.2883482322706284	-175.11436170212767	-1.1676364877448908

drug_357.txt	-0.119142714499679	-0.5396449069715213	-0.0376183527372741	-0.20434818796706544	-0.3187046999475037	-0.22187796960347908	-88.67819148936171	0.19495938656780806

drug_358.txt	-1.84752870693959	-0.38638841321762624	-0.48718794695726453	-0.8248350800653814	-0.301707460644019	-0.19894514693197574	-106.50443262411348	0.1412810490926747

drug_359.txt	-1.89590614078882	-0.5119171249237164	-0.4653286528194739	-0.8459885100378568	-0.2636674161357201	-0.15917947876053898	-151.4290780141844	0.16685805348549104

drug_36.txt	0.121517723414878	-0.5980251485127879	0.08913574227268095	-0.07460651909381177	-0.05179042974309428	-0.11161414173996577	-121.73581560283688	0.44499021574444575

drug_360.txt	-1.82800798801797	-0.5716623656577221	-0.44077582602066456	-0.8498208962610235	-0.22480082207777569	-0.14411591100163015	-90.61081560283688	0.5566837048748144

drug_361.txt	0.142086869695457	-0.4360514710895299	-0.5027764651257707	-0.8403028957943679	-0.28059123528787844	-0.1295646275806255	-101.94326241134752	0.4173011185097825

drug_362.txt	-0.177555095927537	-0.42861777371824283	-0.46181025402841824	-0.8100410550785284	-0.3059681950634577	-0.2689659227538502	-147.99290780141843	-0.604815005047305

drug_363.txt	-1.94553170244633	-0.267615321032851	-0.5220170061006097	-0.8422186252374517	-0.32365907593718446	-0.2069774553803703	-146.06471631205673	-0.47371198860712044

drug_364.txt	-1.82311532700949	-0.34006961176418177	-0.43511652527119504	-0.7561477460188888	-0.2467159650990907	-0.14684273646940013	-103.59751773049645	0.3793117205890256

drug_365.txt	-1.88647029455816	-0.12361607956761361	-0.5294109792698926	-0.8601354508378707	-0.33370970119947413	-0.34864875076727164	-241.11524822695034	-1.9176036431537609

drug_366.txt	0.0880179730404393	-0.24789686811120118	-0.4620724078357037	-0.7731596499866893	-0.2787930530023876	-0.22647617516451654	-235.4086879432624	-3.9485249970120972

drug_367.txt	-1.90384423364953	-0.3455585831133686	-0.5020872223855315	-0.8601689236507367	-0.30055107965402816	-0.1947543773067264	-130.99822695035462	0.4434054920204846

drug_368.txt	-1.91677483774339	-0.3250193348906033	-0.5232087101288718	-0.8474297201386995	-0.30046774952108857	-0.1020918044817687	-136.69769503546098	-0.06700696836147953

drug_369.txt	-1.87833250124813	-0.26539398589369706	-0.46277966790522657	-0.7804002990812959	-0.26816710202775257	-0.2541980995861423	-198.63209219858157	-0.8896763709219422

drug_37.txt	-0.110384423364953	-0.7187879851357567	0.11113401701540865	-0.06765945776712634	0.013729926570308727	-0.03938518849624401	-106.75354609929079	1.3576518223280887

drug_370.txt	-1.99331003494758	-0.3456846756918148	-0.5166187079718967	-0.8758787580546326	-0.30484775417107557	-0.18404463270886695	-88.84042553191489	1.4992647294081185

drug_371.txt	-1.90019970044933	-0.5849725271647133	-0.44118052410427644	-0.7279305922340525	-0.2719345725689415	-0.21658656217600766	-58.76507092198582	1.1274047780903804

drug_372.txt	-1.87713429855217	-0.29217988635790226	-0.49324244134105166	-0.8350597870244715	-0.27297201123358716	-0.18567437645201948	-136.33067375886526	-0.01660316787509002

drug_373.txt	-1.83879181228158	-0.6372223164547925	-0.4162611491675063	-0.7722855408713054	-0.27258245233382716	-0.25140343426774225	-118.20478723404256	-0.6110767505946048

drug_374.txt	-1.8277369659796	-0.5139324051386219	-0.44051315766934296	-0.8308016965032452	-0.25846686772693916	-0.21029856520960744	-164.71010638297872	-1.2848291648858354

drug_375.txt	0.0030953569645531	-0.5068863997384864	-0.4650669004791843	-0.8227956552868858	-0.27656257171678056	-0.22672734836184608	-133.60283687943263	-0.37832023538607207

drug_376.txt	0.0962056914628059	-0.2670400317881331	-0.49207027611498755	-0.8555277132544874	-0.28018510101788024	-0.2242061749508398	-135.33244680851064	-0.02478701827629765

drug_377.txt	-1.86460309535696	-0.37777175088615433	-0.3990314415836844	-0.7720940790222492	-0.28335300144832454	-0.2761251541969844	-163.6427304964539	-0.7699336030207184

drug_378.txt	-1.90763854218672	-0.49007718748108164	-0.46265324135354213	-1.0018282624041153	-0.34360835422501995	-0.324551825422088	-75.61879432624113	0.2200962951380285

drug_379.txt	-0.167149276085871	0.2632851154375443	0.21790095623882602	0.18442471036980285	-0.04891738263480488	0.011313694069795448	-73.31648936170212	1.134529382212298

drug_38.txt	0.0297054418372441	-0.8954947669879633	0.11840565783798179	0.0055853368904345	-0.045815889287441	0.008064029692109308	-97.41666666666667	0.7661198439198921

drug_380.txt	0.0755866200698952	0.3440866590820961	0.18155839483555128	0.11352262010759367	-0.09246812168522757	-0.12005559955434499	-192.32269503546098	-1.846778607030451

drug_381.txt	0.0489765351972042	0.5815178347732188	0.14524219533144989	0.05897093199957293	-0.07610801416232651	-0.04822048607646591	-139.13829787234042	-0.668595202867958

drug_382.txt	-0.143984023964054	0.03873786351676332	0.18764184696516883	0.11022951609849602	-0.0435160952219467	0.1108429794816949	2.4663120567375887	3.6941248703550524

drug_383.txt	-0.0893160259610584	0.45319529849363527	0.13774002387692497	0.06312237069206744	-0.0951560412066497	-0.11677663435058536	-175.93262411347519	-1.0888494820796935

drug_384.txt	-0.124413379930105	0.4975454084553166	0.20519738525650438	0.1438935578935116	-0.08705730005723047	-0.10093066674529926	-107.47251773049645	0.2534762770456379

drug_385.txt	-0.071193210184723	0.5086618388491241	0.1848066430810521	0.05421617533903356	-0.09516544124674535	-0.10931412351839617	-185.1950354609929	-1.6124576815842195

drug_386.txt	0.0411882176734898	0.5260416462258866	0.15288259375376895	-0.017398103126173403	-0.10178306916212054	-0.07386719706549756	-114.56117021276596	0.18287348841254703

drug_387.txt	0.00858711932101841	0.8068903434044012	0.1937319356478305	0.056622877169870134	-0.10657279130311789	-0.12576975630826717	-52.23847517730496	0.8788468522908695

drug_388.txt	-0.0821268097853221	0.7862166501660426	0.16389867723265028	-0.009999978172401058	-0.1293194379097609	-0.1282656752857028	-120.7313829787234	0.41351591693341416

drug_389.txt	0.00818771842236643	0.3487598251550562	0.17965645389554716	0.1025669817562826	-0.0458200486849749	-0.025128411840062686	-48.84663120567376	0.8710233865810073

drug_39.txt	-0.0929106340489266	0.6145468804213757	0.09078073155131838	-0.06502521290667596	-0.06409307011716497	-0.014608749442227007	-99.91578014184397	0.3309417404997861

drug_390.txt	0.0402895656515228	0.5533655636153693	0.18841409386749264	0.08020953093920158	-0.11333650576202478	-0.08903589146162447	-76.48758865248227	0.43660074427405804

drug_391.txt	-0.00993509735396914	0.4308435762205855	0.14565620426064008	0.08178764423915752	-0.10702890972639982	0.0032649444618178896	-81.46542553191489	1.5711658118963774

drug_392.txt	0.0429855217174239	0.433053996243742	0.1681927215623225	0.14668079620611862	-0.07583742941772495	-0.1529276664883629	-206.1409574468085	-0.7874598908194346

drug_393.txt	0.164852720918622	0.12593642729536636	0.15167421830002203	0.08695618608197675	-0.04625609407980406	-0.05509431825327168	-188.09929078014184	-1.3461572165280637

drug_394.txt	-0.072391412880679	0.30573435311489894	0.19482132351490655	0.1964759646902724	-0.054770610549199863	-0.04343542185811299	-83.77482269503547	0.4460583235106953

drug_395.txt	0.0988517224163755	0.20290312270577132	0.13975160302537742	0.06734257129516769	-0.0671449301422744	-0.09077711655447239	-121.58599290780141	-0.26634439173274854

drug_396.txt	-0.099900149775337	0.5976696557970087	0.2541011486807397	0.08374299622946635	-0.1301845639641982	-0.099464200926095	-116.2482269503546	0.21080183182161255

drug_397.txt	-0.0538192710933599	0.1791897018322929	0.18199577699091013	0.09389234834931814	-0.09206226746531987	-0.08267305797960298	-124.21719858156028	-0.3950003129582802

drug_398.txt	0.0795806290564154	0.6408557255560368	0.20275758728040216	0.11829921490376916	-0.12688571907058177	-0.13403369065002285	-102.54343971631205	0.4179789230216767

drug_399.txt	0.0649525711432851	0.40362719940702624	0.1490205559010454	0.0701508098875509	-0.07928834834563765	-0.06687109316032022	-106.47872340425532	0.16951747399024045

drug_4.txt	-0.00489266100848729	-0.5675703940090847	0.22461330203312732	0.19302533718209403	-0.14471537055410588	-0.12977463728103614	-178.9831560283688	-0.35681456823369256

drug_40.txt	0.0313529705441837	0.5990878667048833	0.10672373885459313	-0.06426705453429071	-0.019817585557915053	0.03330893235171753	-103.41932624113475	0.3441484768867755

drug_400.txt	-0.0637543684473291	0.33085169668290604	0.12280047996289212	-0.007877978584995948	-0.08612204263216536	-0.05357849574048324	-71.76773049645391	0.7147457014097669

drug_401.txt	0.00129805292061913	-0.792247148349122	0.25775794979053085	0.15212663273742422	-0.14675145877531848	-0.18767048725638255	-178.21453900709218	-1.0611102846071596

drug_402.txt	-0.0160758861707438	0.1482624077316171	0.19166769693782004	0.18781976877342138	-0.0424706441554869	0.05113136237525516	-77.73049645390071	0.31067657645699

drug_403.txt	0.0708936595107339	0.6997425451393728	0.15517731482992536	0.014140112017564932	-0.12203679956576512	-0.12027468630317405	-73.98847517730496	1.4493170820471057

drug_404.txt	0.132800798801797	0.11613641890505887	0.17375917166853883	0.08569792280099764	-0.08779328344626819	0.00017490259762943387	-77.4813829787234	1.0397893391332986

drug_405.txt	-0.0634548177733399	0.40754746999375036	0.2224781200943512	0.13016962620437078	-0.11255275465540007	-0.08541076850904021	-153.1409574468085	-0.8771692573252865

drug_406.txt	0.0510733899151272	0.588696637097173	0.15517197928556947	0.06237871471170964	-0.08468038527929343	-0.07526641784653305	-77.31205673758865	0.42099191438198863

drug_407.txt	0.00214677983025457	0.6775681587867237	0.2254057473613738	0.17162195327586893	-0.10249419221193715	-0.09756932358835926	-65.70921985815603	1.726519146713485

drug_408.txt	0.140560587689894	0.21664139552049053	0.19530057291030348	0.11252579005885283	-0.10002132070114068	-0.04149165994168464	-115.44414893617021	-0.20012731191292057

drug_409.txt	-0.153919121318023	0.5950102667016055	0.16473895662168772	0.08969981569268909	-0.14235453613653654	-0.17078989995603805	-154.2872340425532	-0.2232962160337891

drug_41.txt	0.0247129306040939	-0.7652848624943596	0.08468698590737544	-0.034811718581757356	-0.007334070411347891	-0.07374496718436194	-78.93351063829788	1.9677127619953136

drug_410.txt	-0.112381427858213	0.4337839611063431	0.1554667604198675	0.07786964068388741	-0.11066223823918732	-0.14676410789187652	-183.1054964539007	-0.8317833519535096

drug_411.txt	-0.104692960559161	0.20309553753675152	0.18583539488364526	0.16518947276606033	-0.07944739016426922	-0.010806858300827015	-130.6445035460993	-0.0798782074707129

drug_412.txt	-0.0518222666000999	0.271069155797488	0.17120996946459055	0.1710417721822125	-0.0848020570563359	0.0077855860876925795	-94.98936170212765	1.0021860499612951

drug_413.txt	-0.0159760359460809	0.1292430858033931	0.1703751283041988	0.07988751137623257	-0.09818290177431967	-0.03451827171619143	-52.829787234042556	1.8949009798247267

drug_414.txt	-0.103444832750874	0.6041335351969267	0.13945606695871043	0.0368881063939705	-0.17132890941119608	-0.1146820977872399	-148.56117021276594	-0.2541821860413354

drug_415.txt	0.142636045931103	0.4430978679655554	0.16611123944176304	0.059505479293883834	-0.1013582022114343	-0.11306530243768477	-145.13918439716312	-0.16598195733558813

drug_416.txt	-0.0710434348477285	0.24699776711409716	0.16812909065584836	0.16094666631147686	-0.08219435412347353	-0.024000077809405822	-92.62056737588652	1.6157635641141508

drug_417.txt	0.046679980029955	0.5646201919147102	0.1583383262246716	0.07777907791621685	-0.17335126952536697	-0.12525562453358116	-131.7845744680851	0.462035351232429

drug_418.txt	-0.0587119321018472	0.265278942483552	0.14594429001518905	0.09297829084880904	-0.0871034354340346	-0.09517007471373468	-166.56737588652481	-0.02631142638954273

drug_419.txt	-0.139490763854219	0.4759112017784419	0.17979987153281787	0.09863012693220047	-0.10260229712393432	-0.049386180407005174	-161.6781914893617	-1.2759240049266882

drug_42.txt	-0.141487768347479	0.5414104355031076	0.09207441001339767	-0.03123468419399089	-0.026761350885731318	0.008648635066761745	-173.98581560283688	-1.024155661668373

drug_420.txt	-0.0427858212680978	0.2942908785521641	0.14698868179276592	0.08739201837570432	-0.08878887250371643	-0.08052852475777549	-62.11879432624114	0.3452138719679478

drug_421.txt	0.0441837244133799	0.33384440696139606	0.16990640438238636	0.11377140434284577	-0.13771695051605942	-0.1539686800924279	-210.73936170212767	-2.1222451420002835

drug_422.txt	0.0192710933599601	-0.4153403191560256	0.201573297066866	0.1691552403812725	-0.1142029939354488	-0.1488237270457344	-203.77216312056737	-1.1537027969843792

drug_423.txt	0.152071892161757	0.0913358173869234	0.1593216626303803	0.1322283953266365	-0.09055741085817329	-0.08234409262936575	-166.43617021276594	-0.2867279648427584

drug_424.txt	0.028207688467299	0.3447907001937023	0.17218358475682982	0.1426150221450757	-0.13038279275582332	-0.2421635260893678	-216.63031914893617	-1.263602250020639

drug_425.txt	0.00606233506882536	0.5338330062362742	0.26755384823552353	0.20571744709216722	-0.07959853014293677	-0.04259577974405441	-70.07624113475177	1.0041586022945017

drug_426.txt	-0.0385921118322516	0.41843901272159856	0.17274916506174473	0.09575682352336168	-0.11188806900896772	-0.14185033882024117	-176.375	-0.9065669652931228

drug_427.txt	0.0621068397403894	0.36744715339183626	0.1976932139239475	0.162751567166532	-0.12434145288287667	-0.1773254383555056	-200.8413120567376	-0.701256953235124

drug_428.txt	0.143434847728407	0.5664768371324771	0.18271651096861316	0.15080580666079246	-0.12409406781688204	-0.09126181852143721	-154.73492907801418	-0.42031584172786424

drug_429.txt	-0.00938592111832248	0.0780331774953746	0.17612423784352554	0.13926810796230848	-0.06040199189741736	0.0064503841085812265	-64.5017730496454	1.3487070911209889

drug_43.txt	0.112880678981528	0.9065316523096045	0.06944214114611685	-0.013250088291242412	-0.04443787238431744	-0.1243533474464121	-154.7127659574468	-0.456614385315591

drug_430.txt	0.091962056914628	0.7031184279342881	0.22485166175863974	0.12331486580774287	-0.10580498909688697	-0.08339010086318972	-90.89539007092199	0.7450403412726826

drug_431.txt	-0.0685471792311532	0.2503375340355948	0.20460687467121003	0.17005746125284876	-0.09851948271577718	-0.050847622477554706	-85.25797872340425	0.6931122643917916

drug_432.txt	-0.0958562156764853	0.5331900843808193	0.15651208939390782	0.08049697642819009	-0.10216142679642257	-0.07866928031892352	-131.55141843971631	0.23518820673145382

drug_433.txt	0.0521717423864203	0.25839197507279404	0.1458807400142612	0.0739227838436386	-0.043580942864629796	-0.030616750523746412	-93.125	0.6196460851283169

drug_434.txt	-0.0429355966050923	0.3753727330602683	0.11558665030253812	-0.008533261807186499	-0.1487741140105482	-0.07337562791554406	-86.9290780141844	0.8161317022854854

drug_435.txt	-0.166650024962556	0.31946170237018723	0.1782038787111287	0.08759708760355495	-0.04284896439107795	0.016847927233181136	-83.6063829787234	1.7475222194556679

drug_436.txt	-0.157613579630554	0.5634291146678321	0.25624572698819126	0.17147061441450562	-0.08638922981303972	-0.08081195441846539	-57.57535460992908	1.681342443171204

drug_437.txt	0.026709935097354	0.3745544158282906	0.11704964509101734	-0.023114691048356395	-0.05427668349356322	0.06029184840803801	-73.0372340425532	2.1377629567021863

drug_438.txt	0.0772056201412168	0.6325149452048305	0.07216440349836811	-0.13602135784618874	-0.09286193752123226	-0.06263555485733006	-109.84308510638297	-0.04280089177254512

drug_439.txt	-0.0742386420369446	0.7755730513921469	0.045124103921557746	-0.1186080996754243	-0.1274570402769823	-0.026659660860697078	-127.68528368794327	0.10261472044765216

drug_44.txt	-0.0456814777833251	-0.7609941750686436	0.09073976274544826	-0.08465891842808637	0.0038079900070275494	-0.04300815835791631	-89.90780141843972	1.621628711831648

drug_440.txt	-0.0661507738392411	0.6039965698864509	0.060326072091809124	-0.09933532525278599	-0.05194486872020763	0.0184566882881749	-90.62234042553192	0.5607007969099018

drug_441.txt	0.0688966550174738	0.44106949506668996	0.16258883381022665	-0.007560708505746305	-0.09115851114646428	-0.051563072786338565	-71.40336879432624	1.3155855051004917

drug_442.txt	-0.0917124313529706	0.5726553880913581	0.10376758407232844	-0.07501108486151287	-0.06657508137602605	0.020331653447608542	-78.24113475177305	1.2892073733912688

drug_443.txt	-0.0780828756864702	0.9127904060768297	0.13043014148073684	-0.10076942422451629	-0.09351272936859886	-0.05771377131381675	-172.93351063829786	-0.5339543938260556

drug_444.txt	0.0838456600813067	0.6261752564006592	0.12131626020525793	-0.08291620841744751	-0.06911700915068986	-0.011894310230157157	-145.2287234042553	-0.2843990202124759

drug_445.txt	0.0880678981527708	0.585582132701077	0.1039888100049648	-0.08633567315477886	-0.05729707337413224	-0.0047460055598164035	-149.2127659574468	-0.36264601331774543

drug_446.txt	-0.0244133799301048	0.6446252008197186	0.16039479321177685	-0.0009177105335794744	-0.18189163021606372	-0.2019689032677425	-221.23492907801418	-2.0636026656366346

drug_447.txt	0.0255616575137294	0.6034583905889559	0.12398226818789537	-0.03941846813227601	-0.125395205709912	-0.07775246145526378	-92.07003546099291	1.3884800321688286

drug_448.txt	0.0184722915626561	0.5643150523192618	0.11321610229851409	-0.06809895637610852	-0.12822644151561416	-0.13218896841588612	-129.375	0.2832138087796604

drug_449.txt	0.0652021967049425	0.5192594248241986	0.1659518222102422	-0.01613046414644337	-0.14188104948479924	-0.1567986167911841	-133.38741134751774	-1.1826922120714574

drug_45.txt	0.0285072391412882	-0.8619727880219428	0.10607900965160294	-0.016412148975220253	-0.03256135297634362	-0.03190645098953995	-113.38741134751773	0.44103532717828664

drug_450.txt	0.0499251123315028	-0.5559879929699283	0.12167827109086538	-0.03967176273903583	-0.10338784058547329	-0.12087666012223754	-185.39007092198582	-0.24156641731025258

drug_451.txt	0.045581627558662	0.6115279570171372	0.101236426498652	-0.019212123461823882	-0.1046671053271114	-0.09415840660030814	-178.6445035460993	-0.6436029921364121

drug_452.txt	0.0149276085871193	0.524501311554782	0.19491104831069575	0.06676767519132776	-0.08547071139354531	-0.05396384099494947	-129.37943262411346	1.1478256433276424

drug_453.txt	-0.110384423364953	0.604870243169856	0.08464901381655093	-0.12206712487868743	-0.14087331955242197	-0.08372891290095852	-109.21010638297872	-0.04780296769473752

drug_454.txt	0.0249126310534199	0.5983918930773306	0.09793787005559779	-0.04883413304181261	-0.09410802255949116	-0.058651253893533574	-133.09840425531914	0.49424505981384137

drug_455.txt	-0.0555666500249625	0.35725725611711684	0.15578668133298834	0.07575596849549837	-0.07049409674147565	-0.0022851137880597495	-89.06117021276596	2.634806354657316

drug_456.txt	-0.199700449326011	0.38607914447289365	0.14973295642859946	0.062131839779188125	-0.11245662678672959	-0.0973224103068524	-148.72340425531914	-0.11985719837161767

drug_457.txt	-0.0539191213180229	0.4897579268125237	0.12031083029277734	-0.022549219749445903	-0.057898935733393504	0.017870761675851887	-103.59663120567376	0.6478225366089382

drug_458.txt	0.114428357463804	0.813961740505933	0.07552426391799805	-0.07342741553680532	-0.08503246820319744	-0.03134707375928118	-137.5212765957447	-0.12231311332200676

drug_459.txt	-0.00529206190713927	-0.5426333791922049	0.13792462502306657	-0.011135906730874612	-0.08771578677221901	-0.04763583358186094	-118.47872340425532	0.40738134897315176

drug_46.txt	-0.0928107838242637	-0.5851724485339742	0.136262387719572	-0.0004778412937203047	0.009868203948173497	-0.009349599643025284	-78.30762411347517	0.7092286572798575

drug_460.txt	-0.0787319021467798	0.38094274151559926	0.10178613851017532	-0.021324094287136663	-0.07344904301573515	0.005800673461997825	-113.77482269503547	-0.2682102691177325

drug_461.txt	0.122316525212182	0.4957971459195893	0.12103596893708668	0.010422215333763973	-0.09344045655137698	-0.032578486896823	-120.69680851063829	0.8955913998612138

drug_462.txt	0.0646530204692961	0.4735642330112291	0.07819235315982592	-0.012800513126895896	-0.11301356008434184	-0.08976662216894395	-67.48226950354609	2.8409107955718405

drug_463.txt	-0.0454318522216675	0.27605061016485577	0.1319808076074433	-0.008718069347722235	-0.057738695013830076	0.01951135619035632	-105.29875886524823	0.534640642464892

drug_464.txt	-0.044682975536695	0.23543373627969857	0.08647766786694283	-0.05840771786403787	-0.05435960072355016	0.0005273339510907115	-74.35106382978724	1.2349826556932566

drug_465.txt	0.0746879680479281	0.39802436060591617	0.08259624099102014	-0.07896683118365355	-0.058002124993342834	-0.0031054110453119675	-121.14804964539007	0.1151474291130565

drug_466.txt	-0.0386919620569146	0.4355843379188583	0.24788247161988675	0.20951190464593417	0.03939955240354937	-0.054363594860873415	-167.00797872340425	-0.5947303062911786

drug_467.txt	0.0637044433349975	-0.6955332600757018	0.1934815629847611	0.04999597605236927	0.018231341807549872	-0.06553898052820499	-80.53280141843972	-0.024512776310341107

drug_468.txt	0.0324513230154768	-0.4012184477700279	0.2323055517453919	0.1605338738956371	-0.020324801555463894	-0.11824165753796718	-170.13297872340425	-0.824661747284964

drug_469.txt	-0.0280579131303045	0.6646064082753044	0.18819246546354643	0.08257180349671833	0.008850514357870903	-0.1163795841909126	-166.85106382978722	-0.2135268672688036

drug_47.txt	0.0501248127808288	-0.6064449981581352	0.10389685110235386	-0.013062792316887006	-0.006624386370354861	-0.0640447575547232	-97.83067375886525	1.175900261301375

drug_470.txt	0.04518222666001	0.5071660826208155	0.20769918323557404	0.14637500307604795	0.021538947469562298	-0.005353460872781979	-34.402482269503544	1.2271428238423534

drug_471.txt	0.0908137793310035	-0.4686148572426528	0.22046602505349047	0.11460262685783279	0.043861588995587654	-0.10719501429222804	-200.09929078014184	-1.2586870922738327

drug_472.txt	-0.00559161258112839	0.5619241059060262	0.2424893223141737	0.19275023042698136	0.10948874492090861	0.059358802702536705	-95.7145390070922	0.09397608453988078

drug_473.txt	-0.0957064403394907	0.1461590375406646	0.21893675782619967	0.17622255287080357	0.11387965744283081	0.022170310788368848	-151.0540780141844	-0.5653435637282593

drug_474.txt	-0.0333499750374439	0.5050957779417451	0.23711025297363075	0.14575348978589664	0.12553476187960796	0.11283000687308974	-57.312943262411345	0.7890779289264874

drug_475.txt	-0.053719420868697	0.39824360757390476	0.21693298131106759	0.14315116613506046	0.12312803569761752	0.11778648693130812	3.3138297872340425	3.032526946831319

drug_476.txt	0.0789316025961058	0.5511010113802545	0.2369513795702679	0.13818605839151443	0.09932746826904207	0.04457729693151285	-97.8563829787234	-0.4135139728373234

drug_477.txt	-0.0307039440838741	0.55836398647143	0.25452270512789155	0.27639537593838887	0.04638652163857076	-0.004074359357881305	-103.572695035461	-0.05993622842993147

drug_478.txt	-0.0589116325511733	0.6105508649289177	0.25296990391529284	0.1654468586634963	0.07764786124155652	0.03380826920746011	-133.6755319148936	-0.29947249695399

drug_479.txt	-0.0845232151772342	0.5653741206588276	0.28099059072024146	0.29317765094371767	0.04214709755522699	-0.027123592296752687	-107.27393617021276	0.6104249484993758

drug_48.txt	0.0447329006490264	-0.6038214755306428	0.07634748282391646	-0.042262952582908464	-0.1627653535863538	-0.10249498608666467	-121.07624113475177	0.41116836687051284

drug_480.txt	0.0254118821767348	0.33505358034722676	0.5598287006567911	1.098361910787637	0.08902246937963676	0.021128463527298767	-106.2313829787234	0.8080702207131948

drug_481.txt	0.0623564653020469	-0.022561002677589023	0.2221872788909328	0.1966098150897438	0.06294903310764133	-0.013966777106479224	-143.74379432624113	-0.8639962649428228

drug_482.txt	-0.0778332501248128	-0.23413616951444824	0.21517351758870704	0.2068147638537436	0.04718948515848666	-0.06343244602525981	-135.6799645390071	-0.14745671212232733

drug_483.txt	-0.000149775336994451	-0.4700602631142259	0.23953942399387837	0.1825411555808944	0.09215092613026624	-0.01681684991558687	-145.2171985815603	-0.975969446124196

drug_484.txt	-0.133799301048427	0.1401630747646666	0.22024503474890644	0.15134429288067008	0.07587238190362412	0.10767949731543451	-102.83865248226951	0.2957421193342635

drug_485.txt	-0.0631053419870194	0.33895730256266016	0.24057471830877655	0.25247461372035596	0.08617991379558465	0.025605758028545242	-116.07801418439716	0.4391989661891033

drug_486.txt	0.101347978032951	-0.5470653224276923	0.24288795115348066	0.1816521530329403	0.08170736309713832	-0.02467463955477996	-134.7322695035461	-0.30723266456738396

drug_487.txt	-0.118372441337993	0.5436314884723565	0.22701446688465876	0.1632566745245645	0.039693132618982066	-0.042955388658805764	-167.60106382978722	-1.2314661099455337

drug_488.txt	-0.0520718921617573	0.2369458180265084	0.19239534872340938	0.15258383527509056	0.11264363266504673	0.09404296585029344	-117.54698581560284	0.06229733956212082

drug_489.txt	0.0956565152271592	0.3795933177738118	0.22499923869650373	0.22028826624978942	0.12024235497284769	0.06622580144655565	-99.81471631205673	0.615972175223971

drug_49.txt	0.140439340988517	-0.5440226791450262	0.14415997779166762	0.036592643302940986	-0.15284343512288512	-0.1069392038660405	-47.090425531914896	1.5284106274015323

drug_490.txt	0.0193709435846231	0.25405696528105814	0.1906741611045722	0.11631836528408318	0.0526743948337981	0.01978452931245514	-103.28812056737588	-0.06165239661558535

drug_491.txt	-0.0755366949575635	0.7189443808187264	0.23016105025630976	0.20951054347093057	0.0833748348600295	0.045275635786836806	-106.58687943262412	-0.07114125003397045

drug_492.txt	0.0116824762855716	0.364740678718088	0.23735587715723552	0.24347043544978475	0.09585022104271634	0.048301770826573984	-103.00886524822695	0.8651796997525145

drug_493.txt	-0.0645032451323015	0.5008883474564407	0.607712192224436	1.089275167294456	0.04603934673989212	-0.012226660768000433	-136.18262411347519	-0.14542210267442743

drug_494.txt	-0.0360958562156765	0.705995810299582	0.21761963943359405	0.08508242613551453	-0.10372065148015713	-0.1537509379804921	-108.37056737588652	-0.806655440337179

drug_495.txt	0.0111333000499252	0.5404008887706305	0.25763933795244104	0.22660977969537255	0.09175387761048803	0.020717386041277513	-154.63652482269504	-0.9544247260757376

drug_496.txt	0.0491263105341987	0.45352231021458184	0.5742637761294145	1.021872476604224	0.08566477133713382	0.05209359464719669	-138.78989361702128	-0.12529130495260357

drug_5.txt	0.135646530204693	-0.36278260686236746	0.15067663497614764	0.026418894030373785	-0.22439073837464618	-0.1721254050183597	-206.1631205673759	-0.8434083852684502

drug_50.txt	0.0111333000499252	-0.4985296146824695	0.1458588669216102	-0.027811348006559267	-0.15420926741169672	-0.14176749102678374	-80.09397163120568	1.0218426141795474

drug_51.txt	-0.0135297054418373	0.5020902135166313	0.15606476926321244	0.0427118942689062	-0.15148959083259703	-0.14772803681603844	-62.515957446808514	0.7230216389113648

drug_52.txt	0.0859710434348477	0.9798038103211553	0.14414177677746431	0.0076328504683235154	-0.1400803454676089	-0.16128059384218615	-119.63829787234043	0.22057853003166236

drug_53.txt	-0.071392910634049	-0.3766476546538603	0.10466866590998175	-0.0018190420466190904	-0.2076212258343006	-0.24998492045538853	-165.4663120567376	-0.08589812772778241

drug_54.txt	0.0335996005991014	-0.8761826664448928	0.08933285367138644	-0.07489222111345117	-0.14609358956017265	-0.09302851644810158	-126.72340425531915	0.780225429688251

drug_55.txt	0.00723914128806791	-0.7239111705457706	0.11432010414480787	-0.030683571871501836	-0.14160399803034265	-0.05586385786707607	-148.020390070922	-0.13077417810007866

drug_56.txt	-0.119520718921618	0.7501166075731109	0.16771529410488611	0.09640460658045791	-0.1533098200700232	-0.12891141187348923	-139.16400709219857	0.17436832257788507

drug_57.txt	-0.0139790314528208	0.7359584933243977	0.12203073430408251	-0.001903375972918231	-0.16188230695832123	-0.14679304924125341	-122.21719858156028	0.5864609741346055

drug_58.txt	0.0464303544682976	-0.6077484687601514	0.09922392416696296	-0.0022592804200838312	-0.1665358418554449	-0.11243225586790268	-127.76418439716312	0.8021145902283938

drug_59.txt	0.0506739890164752	-0.5290761153580124	0.14262602392996443	0.055805935490937486	-0.1648990940993588	-0.1214315112752088	-133.01418439716312	0.586726089737446

drug_6.txt	0.0338991512730903	-0.6592357040309145	0.21984951971426936	0.1315347825878378	-0.18512163511086924	-0.15569873260474987	-177.2118794326241	-0.7193151631718733

drug_60.txt	0.118971542685971	-0.27604727645606864	0.07673198341204862	-0.15250742681593255	-0.17941597247322078	-0.1843039829631359	-156.06914893617022	0.2124492913886683

drug_61.txt	0.0206689965052421	0.6253299987706953	0.144362236963071	0.05971984289185417	-0.16916300254931163	-0.176595778187527	-126.14273049645391	-0.10824110526978024

drug_62.txt	-0.00149775336994518	-0.3485697125877504	0.12204578766935831	0.007930725709952235	-0.17552963078555117	-0.15789136397158948	-117.22695035460993	0.9046901940625165

drug_63.txt	0.0131802296555168	-0.42463510422425393	0.1168896014610763	0.0853432167684201	-0.16392623361169445	-0.15438982328638193	-129.15159574468086	0.7390168777103854

drug_64.txt	0.0743884173739391	-0.5133135910469689	0.08424141957017744	-0.06084352402314053	-0.17221323688580842	-0.18711438840385883	-150.0345744680851	-0.911774364069438

drug_65.txt	0.0235646530204694	-0.20840653994363592	0.08017120944907608	-0.05778658320956531	-0.15522335651989594	-0.09314813713796095	-51.61524822695036	1.983104468111461

drug_66.txt	-0.122316525212182	-0.4968904176490302	0.14764422900276572	0.014670237220608118	-0.1636854543016461	-0.17495954993165314	-121.93085106382979	0.12697192719263437

drug_67.txt	-0.219520718921618	-0.18359522431009234	0.1247023055346464	0.0339093198847325	-0.1690731010221761	-0.16023349562878852	-92.65248226950355	0.9853651421420383

drug_68.txt	0.00509236145781322	-0.4957410915401481	0.21148171616342298	0.1493393809682767	-0.1603290067355579	-0.15625979843595206	-184.82801418439718	-1.032940939439243

drug_69.txt	0.00134797803295061	-0.4862049001445664	0.04030964304872936	-0.10261837395581497	-0.16173246620908902	-0.1624492937975643	-216.31205673758865	-0.8297434381001453

drug_7.txt	-0.0690464303544682	-0.5247537273224371	0.2536693652611093	0.16713429083020687	-0.1474567665289784	-0.1314271918585141	-182.95656028368793	-0.9913918398026645

drug_70.txt	-0.115576635047429	-0.6419050059787293	0.15237663109123922	0.07917549890435871	-0.16955611661001296	-0.19038684491560653	-126.77393617021276	0.5845959565892559

drug_71.txt	0.00850866557306906	-0.6797758423395912	0.1650520404203736	0.0816334241383489	-0.16256570054952074	-0.16981711827033533	-99.05496453900709	0.6105254624824544

drug_72.txt	0.0535696455317024	-0.4668324450224512	0.13616710904945933	0.0222692598331945	-0.1756517446576324	-0.2139952811789291	-107.53191489361703	0.39789021089710525

drug_73.txt	-0.0200199700449326	-0.6234944225513701	0.16553243868157624	0.0897328087918472	-0.1710137666706001	-0.18384193189211115	-149.79875886524823	-0.497153778525149

drug_74.txt	-0.0473290064902646	-0.5885387459593134	0.14682748494199913	0.0081267998362895	-0.16512387967269893	-0.16923275103609467	-103.41489361702128	0.34812543798359075

drug_75.txt	-0.0165751372940589	-0.5475211227531452	0.14296300806953888	-0.0010099358337795072	-0.17391584525776607	-0.18220032304345524	-143.604609929078	0.4864594267342967

drug_76.txt	0.0910134797803295	-0.6018656705663215	0.10521489433781317	-0.043440439596591385	-0.1841317964438487	-0.22006620159770762	-176.55585106382978	-0.6907604111243597

drug_77.txt	-0.0381927109335995	-0.7017331748783069	0.15377444546937702	0.05633697209120536	-0.1713778211057883	-0.2485898214459761	-102.56737588652483	1.1420077168003653

drug_78.txt	0.111083374937594	-0.7483134226549025	0.09991442651680804	-0.025758792880927306	-0.15572351569257653	-0.19786090244552257	-126.12943262411348	0.14074157915741628

drug_79.txt	-0.0498751872191713	-0.36268847362581713	0.1313767061362887	-0.10572795118741363	-0.2180315804592456	-0.2810723392684476	-197.11879432624113	-1.4465820191806553

drug_8.txt	0.0502745881178233	-0.5196012814650174	0.2233721546978865	0.08440664931205022	-0.1889775734364191	-0.15223787046062354	-168.13652482269504	-0.3953032212017153

drug_80.txt	0.13155267099351	-0.5150706623094216	0.11637123570828078	0.009524572194869463	-0.1492846977128836	-0.1714533465262092	-112.72606382978724	-0.06393417425772328

drug_81.txt	0.0830254618072891	-0.4124995729311233	0.12546290724884512	-0.04520220602924918	-0.1543152815346084	-0.1365081859186178	-57.984042553191486	1.139536427663544

drug_82.txt	0.0595606590114828	0.9333109580416381	0.08598340360961959	-0.05063436013595324	-0.04700218276079955	-0.041722588407000334	-135.1631205673759	1.0340939533490079

drug_83.txt	-0.0338991512730904	0.396551197457896	0.13652680540580747	0.060572748208006955	-0.08904595001849706	-0.0776624054305835	-144.8049645390071	0.2554884950136359

drug_84.txt	0.112331502745881	0.9062109912665081	0.1758377518723181	0.125262493908613	-0.10298207798167325	-0.08070111504863493	-101.90868794326241	0.05659872168502736

drug_85.txt	-0.0899151273090365	0.9296376590748183	0.10406218527727173	-0.0132732697236424	-0.09271959092831397	-0.10243957616238743	-102.7313829787234	0.7151452838577831

drug_86.txt	-0.0399686185008201	0.6112605461243872	0.08685012535293168	-0.053061735493630025	-0.12464800931850281	-0.11909052545303454	-109.45833333333333	0.5925960721519938

drug_87.txt	-0.0357963055416874	0.8341969171769733	0.11311910527644214	0.019465102705676918	-0.040265643205997896	0.008180899687647123	-98.81471631205673	1.033285098990319

drug_88.txt	0.0634548177733401	0.5998519027454586	0.1150774518775059	0.10618386656113388	-0.09596045998747005	-0.09379094109562569	-103.5017730496454	0.4331001471768327

drug_89.txt	0.0487269096355466	0.32903258150694187	0.10693580358309146	0.049208829632341855	-0.07058955148620735	0.011745781408237236	-50.21099290780142	1.7919936382382804

drug_9.txt	0.00634048926610076	0.7173415497985507	0.18870586560962946	0.1550624272106707	-0.17571963585953893	-0.1628293430997036	-183.18794326241135	-0.7744427924287213

drug_90.txt	0.0579630554168746	0.9044721741402771	0.059511365924414916	-0.06683647924925407	-0.09681817515971056	-0.13007630503358927	-113.68351063829788	0.7720751609623583

drug_91.txt	-0.062855716425362	0.6661685728053299	0.14895576829035884	0.08254151755313399	-0.0902449751911866	-0.06270260423402264	-162.8218085106383	0.039082382899420856

drug_92.txt	-0.0624563155267099	2.2354816586691957	0.07095477976690528	-0.035754827239011355	-0.085799705872796	-0.003973579848285745	-112.01418439716312	1.22276992406925

drug_93.txt	0.0487269096355467	0.5052641289104016	0.13326712990534362	0.08843625285367684	-0.05753538634121745	0.06691004832055539	-120.77570921985816	1.9806320136281406

drug_94.txt	0.135496754867698	0.647583509652959	0.12586836395286616	0.03821954800089411	-0.041790756759108635	0.028866888897840566	-115.39273049645391	1.6249458079577412

drug_95.txt	-0.0256615077383924	0.3893429803610009	0.15387738495460496	0.1053031661694846	-0.020623969123556372	-0.011920739544857237	-149.81914893617022	-0.19104423431850825

drug_96.txt	-0.0572641038442336	0.4905338847843454	0.09561834908086092	-0.0068697610197017145	-0.03929756684350528	-0.015309969415453902	-126.67375886524823	0.24200382128934783

drug_97.txt	-0.0105341987019471	2.301058010911382	0.05933969240266912	-0.02630265342045901	-0.08621781310784213	-0.02010163923250436	-146.7171985815603	0.28610784016618185

drug_98.txt	0.0138292561158263	0.3139212185859604	0.18314110431809044	0.11093745017605405	-0.10590101224325339	-0.12651550621310254	-126.00709219858156	-0.07118321447609052

drug_99.txt	0.0476784822765851	0.9578168094676478	0.09215330633000263	-0.015885668345072324	-0.05818206624025428	-0.09384660641686629	-139.62765957446808	-0.35956881014214337

