	SScmap	SSfisher	SSlincs	SSlincs_Norm	SSpearson_corr	SSspearman_corr	SSzhang	SSzhang_Norm
drug_1.txt	-0.235247129306041	0.6114275061551205	0.12338161469082218	0.01966386645671936	-0.42731422796227514	-0.3008695652173913	-551.2133333333334	0.45039220239663963

drug_10.txt	-0.03754368447329	2.679990909451349	0.4703407317639282	0.8443343634747265	0.08139539530138207	0.13130434782608694	-296.6333333333333	0.7201986571802307

drug_100.txt	0.0268097853220171	-2.870621093674206	0.08647672783702154	0.030211673789221405	-0.36288712843157217	-0.17134160004960572	-373.12	0.6516524724415541

drug_101.txt	-1.26432850723914	-2.8662860344136063	-0.06453626631189635	-0.14878503890912675	-0.39374462791923454	-0.13568167313572838	-466.24	0.08060024899727859

drug_102.txt	0.105192211682476	-2.736964719445476	0.030098638406811373	0.0005358008537961756	-0.35833772327737945	0.1756903716244688	-361.5	0.46810482932123315

drug_103.txt	0.224163754368447	2.41574165603179	0.09200605646244014	0.06568255808405521	-0.3748894791528741	-0.12959339293092004	-204.24666666666667	1.5432314778744565

drug_104.txt	0.0587119321018472	2.409913561712491	0.05245697064993693	0.026960054539111322	-0.37036553415624396	-0.03826918985879519	-144.8	2.9309971861802135

drug_105.txt	0.210034947578632	2.552099790137011	-0.5593798249266204	-0.8137674462208677	-0.3923982364216429	-0.03913894417376781	-304.7733333333333	0.7305076075676675

drug_106.txt	-0.0101347978032951	-2.894592613165517	-0.0027794994918098337	-0.08697405276591774	-0.37906545865796615	-0.18612742340414024	-289.66	1.246791573531908

drug_107.txt	-0.0529206190713929	-0.6031975760280959	-0.7709724733592885	-1.160673461290557	-0.5154223630679481	-0.5366384123381053	-368.8666666666667	0.5203760647691551

drug_108.txt	-1.44550673989016	-0.6219500195684929	-0.7260706629786289	-1.0673131569207843	-0.5131603872394269	-0.4966297138493648	-293.0966666666667	1.534252597070987

drug_109.txt	-0.00479281078382421	-0.6011688310127826	-0.7793093498616221	-1.2310580437573209	-0.49859536133526217	-0.47227659303013153	-327.2633333333333	1.2595100796082712

drug_11.txt	0.0305541687468797	2.825123792505479	-0.6431664048526882	-0.9983912269502525	-0.23752652120787995	-0.03043478260869565	-166.62	2.5157667985854166

drug_110.txt	-0.180479281078382	0.20551019720540287	0.11811418738223489	0.036367481386795686	0.00947104716209683	-0.39573821331254105	-363.43333333333334	0.8925922756513585

drug_111.txt	-0.0198701947079382	2.486828684403928	0.16755743051976998	0.21745809841359542	-0.01568504328361754	-0.3513807432489376	-335.38666666666666	0.4377355700983453

drug_112.txt	-1.23484772840739	2.378819389816182	0.09234283894717726	0.04368073528953975	-0.06397115730841207	-0.39573821331254105	-329.36	0.6320641301755802

drug_113.txt	-1.50214677983025	0.1885814750787775	0.21178246307789445	0.21200073333162217	0.017246146753147826	-0.4540117524157065	-364.5566666666667	1.178845414826755

drug_114.txt	-1.38422366450325	2.4832139106271267	0.1690510466668637	0.16022117320935464	-0.05659613838851452	-0.4783648732349398	-305.04333333333335	1.0870841405973224

drug_115.txt	-1.06150773839241	0.405410513798244	0.13952859931829767	0.13831077997986552	-0.010506794332791277	-0.37486410975319834	-280.74333333333334	0.6772563779909475

drug_116.txt	-1.35811283075387	0.1557245648147298	0.5171443523588886	0.7919666237204488	-0.027103997689562502	-0.4209610884467471	-491.8933333333333	-0.282231757037269

drug_117.txt	0.156515227159261	-3.1085417044460333	-0.6716042376622859	-1.0670512769148466	-0.11603155183100958	0.02174385787431545	-247.87	0.9268223685918057

drug_118.txt	0.055317024463305	2.5340978110767804	0.14713091747786292	0.09688896828035176	0.1334298822054998	0.26788432901156634	-277.58666666666664	2.216379820758641

drug_119.txt	0.0731402895656516	-0.5739299191291184	-0.6449497036324504	-0.9776609485753335	-0.046617276159504346	-0.0965427289619606	-136.31333333333333	1.6543095039762512

drug_12.txt	0.0538691962056914	2.702422607491663	0.4733790541427067	0.7597801099670003	-0.2649254721702158	0.0026092629449178534	25.16	2.039060655695794

drug_120.txt	-0.105591612581128	0.38351032085606657	0.054556672280125285	-0.04545823231198681	0.006734578290189209	0.20178300107364738	-364.57	0.23909051971652864

drug_121.txt	-0.0879430853719421	2.282081081130357	0.07424565057558491	0.035349708903317234	0.10138386482791485	0.07653837971759038	-318.89	0.6751368446677786

drug_122.txt	-0.108487269096355	0.3986642522006649	0.21524901071942582	0.23536384170072278	0.08920547346873867	-0.026962383764151155	-270.2	1.6632120528190142

drug_123.txt	0.0860708936595107	-0.27074381380797335	-0.6470998470202417	-0.963283644663308	-0.09757173359433559	-0.08349641423737131	-199.86	0.7889339569476723

drug_124.txt	-0.112830753869196	0.23011950814821938	0.22299380269697783	0.19847939054653674	0.0692977785652386	-0.006958034519780942	-347.86	0.7709072126678617

drug_125.txt	-0.169670494258612	0.3336315565005394	0.14125820744081818	0.10822080992274813	-0.02985680712427061	0.04696673300852136	-340.11333333333334	0.5288112853893879

drug_126.txt	-1.10142286570145	0.3582115095591002	0.1655416812931342	0.13326648186730755	-0.16961778832450403	-0.17829963456938666	-461.1666666666667	-0.047108203938913296

drug_127.txt	-0.120469296055916	0.41092193320894405	0.22794820393127266	0.25225575553294527	0.0579362469966873	-0.024358419007225768	-477.72333333333336	-0.4226465928411376

drug_128.txt	-0.340664003994009	2.6895346151513344	-0.5730139543257018	-0.7953327719460057	0.06361713880967576	-0.02783213807912377	-392.10333333333335	0.4412189063484035

drug_129.txt	-0.200549176235647	0.6835867672143121	-0.01165196215612091	-0.11064622959447423	-0.05949271193241287	0.01652533198447974	-425.51	0.18176372376931846

drug_13.txt	1.11382925611583	2.658386469573735	0.12906271819221182	0.10258310918140279	-0.20484117098794855	-0.05391304347826086	82.17	2.9075217062729637

drug_130.txt	-1.11565152271593	0.7000066354791635	0.05499063482737471	-0.019932001150885836	-0.21269856704648785	-0.16177430258490694	-362.0366666666667	0.9624334809810285

drug_131.txt	-1.05419370943585	-2.6673346164728455	-0.7447932555293564	-1.1484473838882387	-0.274180701444483	-0.31485106202008767	-356.78	0.19767870947758479

drug_132.txt	-0.0203694458312532	0.6782815308626398	0.032919676178720825	-0.04772933731576978	-0.09338112353802924	-0.1165470782063308	-338.92	0.41758047820890415

drug_133.txt	-0.210833749375936	0.6926776641273344	0.045726361006746985	-0.08003385593621648	-0.25089529257741017	-0.1504674964902629	-299.01666666666665	0.6278962413056164

drug_134.txt	-1.15698951572641	0.42544771415526467	0.04949227828312763	-0.06101762561195878	-0.1807609736046169	-0.01565557766950712	-377.41	0.45039897145737806

drug_135.txt	-0.0907638542186719	0.4337053199908505	0.09864558505181992	0.027888096042992028	-0.016024871826236034	0.10350076348174153	-388.84	1.7633962015651754

drug_136.txt	-0.152196704942586	2.72280701795105	0.1420959185907122	0.11153615904544889	0.09430499766191805	0.022613612189288066	-399.12666666666667	0.858121326568082

drug_137.txt	-0.176385421867199	0.5538907446547684	0.234392099222944	0.25447960357846156	0.11904450622490753	-0.07827788834753562	-546.28	-0.45273450239036966

drug_138.txt	-0.211432850723914	0.4349944033730144	0.014097074029831513	-0.07392999619464591	-0.12217765179592416	-0.0687105908828368	-466.17	-0.1338654235926992

drug_139.txt	-0.173140289565652	0.43327328259743236	0.17246047532814743	0.152540399014213	0.11070640187683392	0.01217656040961665	-445.0366666666667	0.052276608320073116

drug_14.txt	-0.125511732401398	2.7734616904223093	-0.47724523878404357	-0.7075225270045494	-0.12198697827820493	-0.02434782608695652	-278.91333333333336	0.7671598951803223

drug_140.txt	-0.153544682975537	0.5996032416246398	0.12232110151149916	0.06274679295700941	0.017079450765444287	0.1261143756710296	-354.44	0.1903861012616715

drug_141.txt	-0.277983025461807	0.39845595198231243	0.16141103709981647	0.1226334583709825	0.0992965077614645	0.07740813403256298	-402.2366666666667	0.7033591092160514

drug_142.txt	0.00421867199201198	2.4236334615522694	-0.07746748956008143	0.15053503855660777	0.3272184398214313	-0.01652173913043478	9.596666666666666	2.0779894779206307

drug_143.txt	0.377483774338492	2.2683091375971793	-0.06976777610634183	0.33086320679918313	0.4418727234025766	0.33311590263451263	-93.57	1.993586099431244

drug_144.txt	1.23300049925112	-1.8499552687731047	-0.047424116432302765	0.38710810264426954	0.24176781237027276	0.017395086299452356	-19.043333333333333	4.050830549734445

drug_145.txt	-0.0756365451822266	2.1733826939102125	0.09760020262028524	0.3260214699777097	0.2990870912739365	0.13307241019081054	-105.20666666666666	2.3799659859558258

drug_146.txt	0.15581627558662	-1.9126262526156008	-0.07616475248568072	0.21460633181382494	0.29383800891146233	0.035659926913877336	-36.11666666666667	2.289582533566061

drug_147.txt	0.229156265601598	-0.998840076364636	-0.12797618464345728	0.1563347976920536	0.3391661551570113	0.14956521739130432	-180.63666666666666	1.503656004576294

drug_148.txt	0.00426859710434346	2.282296840103535	0.6318129332268618	1.1929975445606926	0.3819447733171146	0.23135464778271633	28.716666666666665	3.861467364152874

drug_149.txt	1.01088367448827	-0.387518111858053	-0.06524799031261674	0.18628152166062628	0.31266230758694646	-0.018264840614424974	-112.43666666666667	1.7260444114511757

drug_15.txt	-0.0452571143285072	2.4515779927045767	-0.6007629832884462	-0.9270123507864727	-0.16249719756440476	-0.03130434782608695	-305.47	1.7478564331961015

drug_150.txt	0.111133300049925	-0.5171786911698483	-0.06269274859219276	0.24628243846483622	0.2900354163098858	0.08262665992239869	-107.87333333333333	1.200177356564615

drug_151.txt	-1.38662006989516	-0.42716132714253713	-0.10644179210788762	0.20938282036003408	0.2973954486690667	-0.0869754314972618	-150.29666666666665	1.777081345490195

drug_152.txt	-1.44073889166251	0.2640062747300162	0.5789014800850305	0.9970874088473936	0.11461017964837292	0.11826086956521738	-99.41	1.342919824605989

drug_153.txt	-0.0715926110833749	2.306814938452729	-0.08311092501551126	0.23790924513468126	0.3221174499273698	-0.004347826086956522	13.723333333333333	5.114605019401848

drug_154.txt	0.125711432850724	2.5156590452474203	0.6968189998158043	1.2420189988686783	0.39491302736325745	0.23478260869565212	82.78666666666666	2.708591841107662

drug_155.txt	-0.0472291562656016	-0.5091247065202497	-0.08806773178941907	0.13664542916209688	0.3654831072002197	0.04261796143365828	-64.89333333333333	0.9424053211373022

drug_156.txt	-1.38911632551173	-0.21908643214662787	-0.2563508661131492	-0.11694340907283984	0.24833243840964214	0.13217391304347825	-339.5566666666667	0.904209735795155

drug_157.txt	-1.34233649525711	-0.9250059941049165	-0.09648508664830063	0.3132728700048625	0.2679620762168171	-0.07653837971759038	-177.25666666666666	0.8647456783312534

drug_158.txt	-1.42790813779331	2.545215880666175	0.4900924141416063	0.8922116074790701	0.309325553810387	0.16	-150.78	2.063545019208914

drug_159.txt	-0.226010983524713	2.409432508001958	0.09514621658748512	0.5258114173691864	0.33644012689661895	0.08958469444217963	-200.40666666666667	0.7901775241154597

drug_16.txt	-0.123015476784823	-2.9521268781970194	-0.42095104377374104	-0.6409682914894358	-0.1844366572628624	-0.05565217391304347	-388.24	0.46154279218559535

drug_160.txt	-0.122740888667	2.291201791994669	-0.04421797725368337	0.19764156199695682	0.33877871102845347	-0.0626086956521739	-76.17333333333333	1.6057764219847845

drug_161.txt	0.104593110334498	-0.7622298454186197	-0.05048079367981623	0.23894590168476593	0.27834879443947924	0.10086956521739131	-153.44666666666666	1.5222359567158004

drug_162.txt	-0.200698951572641	2.388253204751406	0.020974996646349164	0.40858710454870395	0.36939475799855465	0.006088280204808325	-105.89666666666666	2.2001719523198795

drug_163.txt	-0.0347229156265602	0.3798663407798911	0.6437435619968317	1.1378843841479998	0.42581338309005684	0.2278260869565217	-69.31666666666666	2.089842902401339

drug_164.txt	-0.0915376934598102	2.3749794200937426	0.5994523515646681	1.1512615527527783	0.1849982802371695	0.19565217391304346	-53.28333333333333	1.4895417659808452

drug_165.txt	-1.10793809286071	2.4388444207660283	0.604045688804387	1.0060877734242237	0.29103901716119435	0.14260869565217388	-225.78333333333333	1.4911498960407898

drug_166.txt	-0.0789815277084374	2.2891313665340833	0.047246380191381554	0.42109333554061745	0.37886372439808325	0.11478260869565216	-27.816666666666666	3.6824825339335594

drug_167.txt	-0.073589615576635	2.3555132373814724	0.10611069927349309	0.4426681888820313	0.3951809718847694	0.2721739130434782	-87.22333333333333	2.3602244247036914

drug_168.txt	0.158911632551173	-0.8982975738455885	-0.13235369887642345	0.034421999281928684	0.23067642257405271	-0.03913043478260869	-199.23666666666668	0.7649366909822658

drug_169.txt	0.054318522216675	-1.9567423737049507	-0.055321082900148255	0.312705756030462	0.24845416970325246	0.002608695652173913	-36.663333333333334	2.178172116466573

drug_17.txt	0.943684473290065	0.4896616133522078	-0.49071771468349873	-0.7670781827070264	-0.25211208926396117	-0.09826086956521737	-354.58666666666664	1.6756538960882408

drug_170.txt	0.238242636045931	2.388896734447543	-0.10512037874055802	0.08257739234909767	0.27276109640776763	0.07043478260869565	-39.15	3.063201719851743

drug_171.txt	-0.0353969046430355	-2.6316141560464397	-0.6898724653661703	-1.1345542094211267	-0.26855370049541544	-0.17916938888435927	-532.3166666666667	-0.5613585522806235

drug_172.txt	0.168996505242137	-0.16817190937055415	-0.7405002222501851	-1.1221229107110586	-0.3959830221814836	-0.2739726092163746	-644.6166666666667	-1.0399376467971135

drug_173.txt	-1.295332001997	-0.0016868219354608804	-0.7103359693737663	-1.1032408847811301	-0.3505957271302863	-0.2983257300356079	-513.7066666666667	-0.6702844419049115

drug_174.txt	-1.26472790813779	-2.646067917601911	-0.6535554648984381	-1.0029908473686646	-0.39148026798157465	-0.05131550458338445	-349.6933333333333	0.7300821084827058

drug_175.txt	0.262755866200699	-2.490706352041561	-0.7036459249489655	-1.0313344737095858	-0.34671342582691966	-0.1174168325213034	-522.1366666666667	-1.464885349215732

drug_176.txt	0.213030454318522	-0.17375439108595342	-0.7630507280110732	-1.074793153656375	-0.36539866666366855	-0.21830833305812708	-248.62333333333333	0.9781134688147269

drug_177.txt	0.240139790314528	-2.6364225686738907	0.013489498356350271	-0.1253491111588892	-0.2990519013275029	-0.07131985382775467	-327.5833333333333	0.4088448035602652

drug_178.txt	0.212231652521218	-0.18377219525845845	-0.7786437147512456	-1.2060766929743352	-0.4054836735030635	-0.12350511272611174	-243.92333333333335	1.217614664515178

drug_179.txt	-1.34690464303545	-2.6348470019241903	-0.6021175927518859	-0.9581529969537521	-0.37431819337223604	-0.24092194524741514	-638.94	-2.3209330201950977

drug_18.txt	1.11068397403894	2.640205765377113	-0.017162330887122046	0.2998078354945688	-0.054476309698711846	-0.2052173913043478	-167.03666666666666	1.7555150138912023

drug_180.txt	-1.11380429355966	-2.7144756535913848	-0.7700977993642545	-1.197726832028255	-0.29949721005478275	-0.2374429279875247	-412.43666666666667	-0.29827111630818853

drug_181.txt	0.137069395906141	-0.2269551553354301	-0.8140143598639171	-1.2298492052821355	-0.3079919480081226	-0.07045009951278206	-227.16333333333333	1.2473248113912123

drug_182.txt	0.101872191712431	-0.01225095025652062	-0.768025937002312	-1.1496663306020714	-0.3294817111396268	-0.16525331984479738	-282.12	1.4743744148989182

drug_183.txt	-1.0881927109336	-0.02229625301291427	-0.7556848992444489	-1.1284452801874307	-0.33198115646223686	-0.15655577669507123	-294.31666666666666	0.9316638461463754

drug_184.txt	-1.34580629056415	-2.591297098918553	-0.7533432989140034	-1.1391237092086228	-0.31812853027683985	-0.07131985382775467	-503.1066666666667	-0.38742925988324134

drug_185.txt	-1.23202695956066	-2.8094141690302763	-0.7649578832347673	-1.1997033157462869	-0.37346714856872476	-0.11915634115124865	-265.4533333333333	0.7748007351840049

drug_186.txt	0.110134797803295	-2.7766957653808877	-0.7462168372992763	-1.0535500873994332	-0.28054502095731015	0.003479017259890471	-362.29333333333335	0.5450140221353842

drug_187.txt	-1.32256615077384	-2.6753490567333538	-0.7638998229630909	-1.1401165754317406	-0.36321219885936984	-0.19221570360894855	-427.34	-0.045760581967763427

drug_188.txt	0.0683474787818272	2.72998946968664	-0.010527593511291622	-0.17566616167641064	-0.3510154459696883	-0.18351816045922234	-224.50333333333333	1.1090329494563802

drug_189.txt	-1.33042935596605	-2.7411724615935453	-0.07808669774878424	-0.21136736014858065	-0.25065807075909563	0.05566427615824754	-215.09666666666666	2.6394171189820117

drug_19.txt	-0.0701447828257613	-2.7400372149798993	-0.40830449182193834	-0.6584370191279039	-0.13556107990127772	-0.007826086956521738	-356.3433333333333	0.6189152499786474

drug_190.txt	0.0956565152271592	2.8004578629383885	0.01352578349836378	-0.12326213850697859	-0.2538586280086857	0.0026092629449178534	-219.81333333333333	1.1224256975856601

drug_191.txt	0.140988517224164	-0.009728925257727533	-0.5967641951829467	-1.0171420679802998	-0.040981290871366136	-0.1643835655298248	-596.69	-1.9824746320702733

drug_192.txt	0.336794807788317	2.559094905443665	-0.6042632872544214	-0.9426865722150325	-0.2928522422341512	0.03826918985879519	-399.89	0.18882550151412528

drug_193.txt	0.0949326010983524	2.6693595381087203	-0.7323266027526139	-1.0842603852121309	-0.29990575272551145	-0.013916069039561885	-217.59333333333333	0.7198446459636744

drug_194.txt	-0.0402396405391912	-0.09148105293697734	-0.728075863304359	-1.084777151153006	-0.332709711016917	-0.10002174622185106	-352.23	0.36911190103980984

drug_195.txt	-1.36927109335996	-0.13917718452482872	-0.7063387626618817	-1.1018899869053254	-0.27063396997861583	-0.07914764266250822	-499.9533333333333	0.23512394839449824

drug_196.txt	0.191113330004993	-2.5739212723378047	-0.7327612082641297	-1.0826495206146183	-0.26916739864976635	-0.08436616855234394	-441.61	-0.5024744802288998

drug_197.txt	0.0632051922116825	-2.6399103295378086	-0.7731268593561575	-1.1396811788999122	-0.3487579947731069	-0.11480756957638556	-386.27	0.9266115426242393

drug_198.txt	-1.28065401897154	-2.559342782547578	-0.7206316021787849	-1.0760818426112908	-0.32942405981786116	-0.24874973408216874	-424.24	-0.013514704111662083

drug_199.txt	0.108137793310035	-2.4126188947438907	0.02423701326822908	-0.10577916203381604	-0.01784873923993411	0.050445750268411846	-587.3966666666666	-0.7473118189221497

drug_2.txt	0.122016974538193	0.8524959442861433	-0.39028011238803495	-0.6002575137348154	-0.2609838932014408	-0.15826086956521737	-412.88	0.5887825467646163

drug_20.txt	0.85481777333999	0.7033182573329295	-0.1286903707143645	0.0484175808001675	-0.16815111504515554	0.02	-253.30666666666667	1.7152792089398223

drug_200.txt	1.41417873190215	-2.6315756701850526	0.007361807309144375	-0.09477106248778988	-0.28534354516449467	-0.1643835655298248	-431.93666666666667	0.5315591110111642

drug_201.txt	1.07139291063405	0.3998065906320308	0.6279721404609245	1.0581493860940356	-0.14889006001803703	-0.11913043478260868	-255.89333333333335	1.033744750336873

drug_202.txt	-0.0812281577633549	0.3264973632096012	0.7090323117110762	1.3229714509194364	0.15300198810653454	-0.09043478260869564	-258.47333333333336	0.2716124863045218

drug_203.txt	1.20614078881678	-2.7904395168682408	0.5086484977772874	0.8414694162536781	0.013168048158097382	-0.05826086956521739	-314.23333333333335	0.7540975595387829

drug_204.txt	1.0898652021967	2.313539176383533	0.6627161611805814	1.2710993956644914	0.20371601316845483	-0.1443478260869565	-299.63666666666666	0.941729111035405

drug_205.txt	0.993060409385921	0.12195215701210628	0.7099108643001069	1.2477492909556884	0.1352295399206838	-0.1226086956521739	-363.18	0.25938334798941176

drug_206.txt	-0.0173739390913629	2.355548333373737	0.7182781734671609	1.5592934666851122	0.2763106484544031	-0.0434877157486309	-435.5466666666667	0.20011445863795396

drug_207.txt	0.124163754368447	2.5064970090509076	0.6514708771463398	1.2918232093353057	0.2688985597254082	0.053055013213329685	-211.32666666666665	2.8565893833615927

drug_208.txt	1.4218671992012	2.4594116260937504	0.5667072891943519	1.111071129545707	0.113897409278658	0.07913043478260869	-209.74	3.085010853742457

drug_209.txt	0.0960559161258113	0.42348798013742195	0.6568830713930457	1.3669400441346167	0.3097932131919287	0.026092629449178537	-168.83333333333334	1.8256908770787073

drug_21.txt	0.869845232151772	0.8572447583483614	-0.42310164477261275	-0.6915579179108626	-0.17525568376092016	-0.05565217391304347	-426.57666666666665	0.009859097793635746

drug_210.txt	1.22885671492761	2.520961315693829	0.6626626979138739	1.1793755434751443	0.0547867647318694	-0.18869565217391301	-191.49	2.344717345823041

drug_211.txt	0.226210683974039	0.2542267061266947	0.5274827586535068	0.9131907641730046	0.1354186457196129	0.07304347826086956	-149.25333333333333	1.3676194806010564

drug_212.txt	0.135346979530704	0.37328961413833156	0.5303013935210646	0.8184547534805215	-0.1383306347736101	-0.017391304347826087	-237.84666666666666	1.7574446920694153

drug_213.txt	1.24702945581628	2.656687056363572	0.6228888284695973	1.0548738228263153	0.24652465685444164	-0.09826086956521737	-205.34	0.9918886294234408

drug_214.txt	1.28676984523215	2.4356368999437907	0.7529326834822246	1.2580892574330054	0.38193132501758914	0.0582735391031654	-119.46666666666667	2.119076252060654

drug_215.txt	0.30963554667998	0.3101423853673217	0.580568650377163	1.1458331843769547	0.22551514003298806	0.14260869565217388	-285.78	0.9175853658159704

drug_216.txt	1.22231652521218	2.447663931746229	0.7263413706648791	1.1430355880363172	0.3161936972665228	0.032180909653986865	-196.44333333333333	1.3202241194645445

drug_217.txt	-0.170294558162756	2.7443410158125126	0.5892475506788171	1.1039284233415938	0.22618168925387816	-0.19043478260869565	-237.03666666666666	1.0976940500450854

drug_218.txt	0.329855217174239	-2.8497859523980678	0.3843212134595866	0.6060841946170928	0.23613257151470493	0.1408695652173913	-372.3566666666667	0.48104904290391526

drug_219.txt	0.246430354468298	2.470160567480657	-0.0448557842151327	0.15352171067650583	0.432054702462851	0.18173913043478263	-295.8933333333333	0.780670947490499

drug_22.txt	-1.59625561657514	1.6407297613980312	0.13949258163476563	0.004158009560828346	-0.16165865110852207	-0.13565217391304346	-661.8166666666667	-0.623492702152888

drug_220.txt	0.20399400898652	2.455014000529493	-0.18820820310280933	-0.00343513834445075	0.2751014957020544	0.23217391304347823	-371.57	0.502842353178455

drug_221.txt	-1.36415376934598	-2.9082401390490986	0.5951491402185485	0.8570823756994115	0.2045017975262391	-0.08869565217391304	-423.23	-0.09512617400383103

drug_222.txt	0.2172740888667	2.6844286551412004	0.6505303320017386	1.1916111302068029	0.3596815749217421	0.13304347826086957	-298.41333333333336	0.9569901408033846

drug_223.txt	0.079006490264603	2.2543554600275466	0.7153981632845019	1.4136473002551497	0.4806948630980497	0.3539900061938555	-123.66	3.911754773128349

drug_224.txt	0.0284573140289566	-2.704424511525607	-0.6535865797613143	-0.8800158823927899	-0.24285206099010492	-0.13043478260869562	-548.9333333333333	-1.246265044072417

drug_225.txt	-0.184473290064903	-3.107382590781565	0.1459495929474853	0.08840746976147923	0.08269903300810827	0.13652173913043478	-432.8566666666667	-0.23212961980087807

drug_226.txt	-1.28582126809785	2.45841904519326	-0.08150094486128767	0.18757664479932745	0.3125364443633269	0.11575287238568002	-316.83666666666664	0.4360537700809868

drug_227.txt	1.27358961557664	3.022477672057025	0.4778369737681321	0.773529103730136	0.328123461656696	0.1826086956521739	-255.53	2.1542310815135273

drug_228.txt	-0.120843734398402	0.3372380546585576	0.528066727331667	0.8465916503362394	0.08116979078415235	0.1591304347826087	-452.7	0.2363659476022065

drug_229.txt	0.208237643534698	2.5291281552288165	0.15410036340439964	0.16555525405253121	0.043252485160064115	-0.00608695652173913	-488.17	-0.2011886349138827

drug_23.txt	-1.28297553669496	0.7877606599856897	0.13601835339850082	0.07726568808836165	0.007338036821501681	0.12	-520.69	0.4897401808847206

drug_230.txt	0.17873190214678	2.709628490377047	0.6762324046969252	1.2726950011166038	0.4157278670423597	0.3521739130434782	-412.8833333333333	1.2261065722721796

drug_231.txt	1.26340489266101	0.6230530342588736	0.1374323149432739	0.057897599352700724	0.0827314522392178	0.23130434782608694	-465.21	-0.4367112263448079

drug_232.txt	1.27658512231653	2.4340359469824864	0.18213366466650427	0.16932204167677328	-0.10391087917356796	0.1660869565217391	-181.68	2.651777734130939

drug_233.txt	0.0435846230654019	2.8674898779011233	-0.618859936768972	-0.9002868739514513	-0.11474175205569813	-0.2269565217391304	-535.2433333333333	-0.6964971716206917

drug_234.txt	-1.46864702945582	2.7861206300997825	-0.5424309642052378	-0.7742085770714981	-0.13014438931291414	-0.3208695652173913	-517.85	-1.039415416531042

drug_235.txt	-1.21412880678982	0.21606346285757388	0.579695788431897	0.9385217201288605	0.05980477612460975	-0.21739130434782608	-549.0	-1.5187488980788615

drug_236.txt	0.309935097353969	0.15072011790590803	0.19085843426575164	0.2059555481185415	0.07578219229538503	0.2643478260869565	-307.0733333333333	1.1046329258111172

drug_237.txt	1.33315027458812	2.75420973863743	0.5622725409498418	0.8595960002570704	-0.012408313411556026	-0.03304347826086956	-209.54666666666665	1.4157803966095817

drug_238.txt	1.43339990014978	-2.4886297623809206	0.08566388980009432	-0.012497715130525555	-0.05294624459188185	-0.08434782608695651	-608.1166666666667	-0.7456347970504978

drug_239.txt	-0.0204692960559162	0.40747566886551945	0.17987870591207608	0.17330627431955076	-0.14157347709663562	-0.22869565217391302	-718.18	-1.8411567211350885

drug_24.txt	-1.52965551672491	-0.19968123279746675	0.16797458007813015	0.02669566968965731	-0.2602733506800485	-0.33391304347826084	-750.6	-2.2626376046959846

drug_240.txt	0.0144283574638042	0.741132085956703	0.1434066256187404	0.12883065497735757	-0.031635875291648866	-0.003478260869565217	-502.44	-0.305291829629579

drug_241.txt	0.000199700449326046	2.766282484989741	0.5134932706001321	0.7952789279041388	0.07519450095953911	0.013913043478260868	-487.23333333333335	0.01768946453536018

drug_242.txt	-0.140688966550175	0.7805420494097933	0.15668612841822135	0.13417483936031027	-0.08620947076714867	-0.17130434782608694	-726.08	-1.705644690770722

drug_243.txt	-1.46235646530205	-0.4152799593690474	-0.28066795765738833	-0.2256474220857701	0.01703732162035249	-0.20869565217391303	-447.51666666666665	-0.5810176120698914

drug_244.txt	-1.4855716425362	-2.459703266052645	-0.6094040062145828	-0.9848432400635441	-0.18460300575787592	-0.27391304347826084	-628.1633333333333	-1.2755157964538524

drug_245.txt	-1.63604593110334	-0.034867165971137204	-0.6237659733236075	-1.0125291129244989	-0.3351068696138614	-0.39826086956521733	-468.53	-0.4993232549848947

drug_246.txt	-1.39800299550674	-0.03349038275145258	-0.6332754479310772	-0.8997629175289048	-0.19083992006734918	-0.29565217391304344	-539.6933333333334	-0.8899881890994253

drug_247.txt	-1.43220169745382	-0.13134976854787267	-0.6953375817008374	-1.0713140017836438	-0.1701771756535123	-0.27652173913043476	-548.63	-0.34511047822827207

drug_248.txt	0.0811782326510234	-0.8053143883734254	-0.2008764273954125	0.019554984420681598	-0.009434288845846581	-0.03217391304347826	-232.67	1.1680650578451304

drug_249.txt	0.0808786819770344	-0.39909313221184417	-0.570546424336113	-0.839340481039659	-0.15834534787763296	-0.24695652173913044	-476.89666666666665	-0.6502900077656694

drug_25.txt	-1.21797304043934	2.79528893839482	0.4773847948953134	0.7931095414762881	0.06565709075819633	-0.029565217391304344	-202.99	1.5279949921125984

drug_250.txt	0.130254618072891	-0.38972342588192743	-0.28246911749082826	-0.19800102637377154	-0.02821854968837122	-0.15478260869565216	-442.0133333333333	0.15407573094263394

drug_251.txt	-1.42755866200699	-0.2778156413648337	-0.6522211298482282	-1.0092606439345442	-0.196136858610093	-0.3417391304347826	-660.3233333333334	-0.8696174773743736

drug_252.txt	-1.38322516225662	-0.3319833701358168	-0.6489783015088402	-1.0080380086341243	-0.16535948747807058	-0.23043478260869563	-520.33	-1.2263837828614579

drug_253.txt	-1.46030953569646	-0.2661714630104169	-0.6404867967612051	-1.0725025083661346	-0.130870567753118	-0.20173913043478262	-629.17	-2.3551160838572094

drug_254.txt	-1.39156265601598	-0.5666162596719585	-0.5109865828364337	-0.869560074224191	-0.16291445545835154	-0.1826086956521739	-300.86333333333334	0.5983159114973338

drug_255.txt	-1.49770344483275	-0.07382771912541644	-0.6253628063246416	-0.9417820541986354	-0.2440811766801667	-0.4026086956521739	-503.3466666666667	-0.2811617447404539

drug_256.txt	0.12591113330005	-0.35865401670475994	-0.31076238525730016	-0.25699805317603913	-0.023558166700412535	-0.08869565217391304	-377.86	0.6090203286024933

drug_257.txt	-1.36660009985022	-0.10142402183565793	-0.6744602067307383	-1.0171790447051043	-0.14521757945982108	-0.20173913043478262	-595.2666666666667	-0.7457967610347945

drug_258.txt	-0.065252121817274	-0.21304438231334757	-0.6360503304559697	-0.9130142093111273	-0.15537811228665263	-0.23826086956521736	-483.32	-0.10124704115297423

drug_259.txt	-1.40943584623065	-0.1290299051941705	-0.32019287366578114	-0.23869711493675327	-0.0567220022587481	-0.25652173913043474	-540.5633333333334	-0.8224672374499735

drug_26.txt	-1.24503245132302	2.7858450445606877	0.47265265946845747	0.9942856466449558	0.016979004341078976	-0.1217391304347826	-203.06666666666666	2.2294731951828974

drug_260.txt	-1.59850224663005	-2.5271677138537383	-0.536144507657397	-0.8025313689359824	-0.33927799349148524	-0.2434782608695652	-563.2	-1.3508835008607376

drug_261.txt	-1.62446330504244	-2.516245567725487	-0.5511400888844623	-0.8127443855796201	-0.41293987994284787	-0.36173913043478256	-593.68	-1.1129183723629712

drug_262.txt	0.0319520718921618	0.5171804489231508	0.39190229446338226	0.718391215889933	-0.14520279799908603	-0.12956521739130433	-138.78666666666666	1.6191701212600431

drug_263.txt	-1.68092860708937	-0.005945683095214899	-0.273776732824374	-0.3497335588765973	-0.0063412634122220314	-0.27652173913043476	-612.8266666666667	-1.151217193275201

drug_264.txt	-1.63979031452821	-0.5824838108799234	0.4276050148993523	0.7811446050342465	0.11017144748861048	-0.07827788834753562	-327.1166666666667	0.14124433062077957

drug_265.txt	-1.56040938592112	2.5299128239928805	-0.17500596465814827	-0.08375222386717784	-0.4091227289166423	-0.48521739130434777	-263.3466666666667	2.074079647805989

drug_266.txt	-1.44957563654518	2.641009698646903	0.4433016798739976	0.7247074033563636	-0.09665883653051499	-0.10521739130434782	-339.94	0.7835616921870574

drug_267.txt	-1.6755866200699	-0.2964026355187144	-0.6466691627135293	-1.0131257665686144	-0.4589754353561065	-0.468695652173913	-633.9633333333334	-1.633370236043055

drug_268.txt	-1.51278082875686	-2.633939129387185	-0.5580402779344485	-0.8485318112598533	-0.38512322433840007	-0.17565217391304347	-640.21	-1.3022806278769872

drug_269.txt	-1.55946080878682	2.1871787550166033	-0.11375210625806231	0.1715177877574795	0.1742201814730309	-0.19217391304347822	-498.35	-0.5904096861695425

drug_27.txt	-1.1936595107339	2.568206643414977	0.5304521676944942	0.8590114700203303	0.061174838886848645	0.07391304347826086	-145.22333333333333	1.9693914409105373

drug_270.txt	-1.59440838741887	2.233287788195198	-0.12442952464925222	0.02681293917174904	0.12758817944468903	-0.1678260869565217	-454.84	-0.36161729967881834

drug_271.txt	-1.64518222666001	-0.12025270062184445	-0.5961499170953288	-0.8545066533841159	-0.21187430042054767	-0.1643478260869565	-460.3566666666667	0.3557626201744044

drug_272.txt	-1.5919121318023	2.5134157897016753	0.48156333720674216	0.8451683263340943	-0.11159229663249691	-0.17478260869565218	-313.2	-0.02886878883345876

drug_273.txt	0.10499251123315	0.3004606129290003	0.7396753394367737	1.3270354492581724	0.3779814708047196	0.28521739130434776	-118.47666666666667	3.853289313925779

drug_274.txt	0.091562656015976	0.35251107811731297	0.6055265342279699	1.0494719566628634	0.11081022571142152	0.04869565217391304	-169.10333333333332	1.5698328212592827

drug_275.txt	-1.45946080878682	0.9505096594896056	0.24215642787994823	0.23748803099927313	0.1462124801915603	0.07913043478260869	-425.47	0.32091300212212387

drug_276.txt	0.135097353969046	0.3619571988189127	0.49799653886157635	0.8420629614172482	-0.04425491229899449	-0.03826086956521739	-196.44666666666666	1.2809839063894521

drug_277.txt	0.0811782326510234	0.34508130686579913	0.7089509940718435	1.271939066504085	0.441349403358455	0.33999999999999997	-166.89666666666668	1.1414838225982533

drug_278.txt	0.133300049925112	0.5666002224406306	0.5024395768721286	0.8097368446617698	0.066019500424278	0.08869565217391304	-214.51666666666668	1.1924299920439487

drug_279.txt	0.062656015976036	0.18795128925329663	0.6661977336705529	1.2735735241466843	0.17700504942310658	0.32695652173913037	-131.76666666666668	4.023059815075451

drug_28.txt	-0.0259111333000499	-2.853885574709431	0.01976613571683583	-0.11850072754804047	-0.10588312001427197	0.033913043478260865	-54.67666666666667	2.584725997545722

drug_280.txt	0.119321018472291	0.5233211956245609	0.6062507886592392	0.9785561345833842	0.4589977589793398	0.3208695652173913	-86.17	2.7938583639106853

drug_281.txt	0.0989016475287069	0.2852327237398139	0.6748688236906948	1.3422224144037544	0.5282174879525524	0.437391304347826	-299.0	1.4262753608212162

drug_282.txt	-0.027508736894658	0.6598544098202048	0.27366332122794296	0.288192397844068	0.04425059884600273	0.07130434782608694	-129.46666666666667	2.5195062902657535

drug_283.txt	-0.0737393909136295	0.24248146676224464	0.5791016093198751	0.9827601598680302	0.14931183808100282	0.1434782608695652	-94.72666666666667	2.292041577864461

drug_284.txt	0.10064902646031	0.3671222766660124	0.6681925449159196	1.1811064921276644	0.24513709598992592	0.19652173913043475	-166.00333333333333	2.2979883238170293

drug_285.txt	-1.49131303045432	-0.5986880033170812	-0.4892155501692643	-0.9286735047498167	-0.2734242423760274	-0.29478260869565215	-459.21666666666664	-0.49254144112529114

drug_286.txt	-1.45506739890165	-2.5924208021179687	-0.5257239814816497	-0.9628743926626187	-0.3608192530019289	-0.3278260869565217	-523.61	-0.5010968038011873

drug_287.txt	-1.56455317024463	-0.03832272712893586	-0.7377700630011677	-1.1246815456676056	-0.5087821007234925	-0.45739130434782604	-744.36	-3.123132758795203

drug_288.txt	-1.581927109336	-0.16266706553328905	-0.7385150403732682	-1.0583253489751414	-0.45641685637496854	-0.3852173913043478	-691.68	-0.8866403358580387

drug_289.txt	-1.74023964053919	-0.13045057640063304	-0.6801690570693781	-1.2487460757894573	-0.5784052836437927	-0.5904347826086956	-907.29	-3.437853455775419

drug_29.txt	-1.33085371942087	-2.7690540387847653	0.11794385611677258	0.06715977886815522	-0.13923742808640016	0.03826086956521739	-254.44666666666666	2.0434622399708675

drug_290.txt	1.20644033949076	2.5301328660727704	0.5574912734571337	0.9207712571120323	0.08223779014503751	0.025222875134205923	-107.90666666666667	3.3871221400502756

drug_291.txt	-1.30504243634548	2.5297988430775726	0.5877892150457298	1.0371811344314046	0.0446273482313514	0.03913894417376781	74.58333333333333	2.292425260583292

drug_292.txt	-0.0504243634548178	2.5419039671881825	-0.08061597785318406	0.11923894394885926	-0.042852128415327054	0.0487062416384666	-164.32	1.395447065385993

drug_293.txt	-0.082825761357963	2.554513000629059	0.5536676731214832	0.8746822378960059	-0.030452665148715467	0.006088280204808325	-265.76	1.8365746507738159

drug_294.txt	0.186769845232152	0.31608741802672624	0.22372676971713115	0.1954863927691866	0.028953029790266087	0.20004349244370212	-338.8066666666667	-0.1544177567307412

drug_295.txt	-0.125361957064403	2.4906375447025106	0.6254559475740096	1.0633386152626971	0.05318540553642368	0.06697108225289158	-66.09333333333333	1.71186095819921

drug_296.txt	-1.45696455317024	2.510222795464748	0.023662097275207294	0.285654329081423	0.053453550276418973	0.037399435543822565	-255.55	1.6156351737971522

drug_297.txt	-0.11098352471293	2.4049754692291487	-0.04203227484496014	0.044534804849801046	-0.04950007581432145	-0.09393346601704272	-205.75333333333333	1.2658462346199773

drug_298.txt	0.0717923115327009	2.355050481889699	-0.0882299271023545	0.06503651335348781	0.028804587779791797	-0.04261796143365828	-128.2	2.4290864726560195

drug_299.txt	-0.223364952571143	-2.6182820547701966	0.43305042602876687	0.7867468109561209	0.012623299020007014	0.05131550458338445	-324.1933333333333	0.5321236824232667

drug_3.txt	-1.04013979031453	-2.538151758381102	-0.4279868866796086	-0.7042717142419163	-0.30176113605812477	-0.27478260869565213	-433.57	0.5395126411308637

drug_30.txt	-1.24672990514229	2.1053081482582208	0.5168358035540639	0.7724591405320392	-0.0011733021748621586	-0.07391304347826086	-161.98333333333332	2.9675208978137366

drug_300.txt	0.138342486270594	2.4951221632871103	0.45926109066012893	0.8456841810535575	0.054730930881082884	0.1165470782063308	-223.42333333333335	0.7350470030112589

drug_301.txt	-0.138392411382926	2.5763019915451384	0.5417080510609827	1.0135736205823074	-0.010958589278409944	-0.13916069039561885	-166.99	1.4581382513406724

drug_302.txt	-0.199450823764354	-2.6199181295292315	-0.08514652570786577	0.15399645621741548	0.061992421963899695	-0.010437051779671414	-484.21666666666664	-0.5926192723454815

drug_303.txt	1.52950574138792	2.351474824007994	0.5960327294634895	1.0261542366122338	-0.028583259663207995	0.20004349244370212	-71.97333333333333	3.1439776521356686

drug_304.txt	1.26135796305542	2.470260483975003	0.4725190846099131	0.8401338541806342	0.04815376898435374	0.06958034519780942	-151.87	4.386925924688691

drug_305.txt	-1.28771842236645	2.595992290052371	0.5309485449039772	1.0035535424779432	0.07844883605124939	0.08436616855234394	-160.86	1.6461330860201009

drug_306.txt	-0.210534198701947	2.576982403152205	0.49161680482154146	0.8428645687909534	0.013838935513105988	-0.033920418283932094	-269.00666666666666	1.0031905268881618

drug_307.txt	-1.26934598102846	-2.663715378539581	0.5043174945506004	0.9516927268014741	0.06938207691908369	0.005218525889835707	-257.57	1.1444460088942263

drug_308.txt	-0.157314028956565	2.4205016119944074	0.49000906125745636	0.8573239581963961	-0.058316542911494906	0.02174385787431545	-142.26666666666668	2.0259729263566713

drug_309.txt	-0.130404393409885	2.540750089124062	-0.09225534114618483	0.09794992316234746	0.03356682428408333	-0.037399435543822565	-394.16333333333336	0.1704583345201625

drug_31.txt	-1.27848227658512	2.5768757409042777	0.09803688020303764	0.04044843687797095	-0.09976017853358966	0.08608695652173912	-216.58666666666667	1.2972386812358154

drug_310.txt	-0.121967049425861	2.3224161270541317	0.5561635298904555	0.9187001223959841	0.09939687172639128	0.15220700512020813	-205.28333333333333	1.9342817584420435

drug_311.txt	1.26208187718422	2.323560662347117	-0.20797325614981022	-0.12763518525052459	-0.08868910587137345	-0.0243531208192333	-303.25333333333333	1.6558516123090377

drug_312.txt	-0.103045431852222	0.33735717472992394	0.5575491726916619	0.9782598494280778	-0.0009223269524632986	0.10784953505660462	-524.3133333333334	-0.3141298374769437

drug_313.txt	-0.163754368447329	2.4016616039993632	-0.012988846927654396	0.1583805248498737	0.08299048496654894	0.006088280204808325	-259.8466666666667	1.670376436233493

drug_314.txt	-1.29485771342986	2.482517854082089	0.5357566353208971	0.987608937239817	-0.001157016171100997	0.11219830663146771	-261.65	0.9090725271536059

drug_315.txt	-0.0724413379930104	2.551166791792089	-0.10715141884289445	0.1102204430252367	0.0065764018037793755	-0.19221570360894855	-359.16333333333336	0.173760333077129

drug_316.txt	-1.20599101347978	2.5114616539399934	0.5015107087397368	0.8068753194224346	0.06528057237617685	0.08088715129245347	-233.52	1.3335114423062286

drug_317.txt	-1.2446829755367	-2.6538918738461925	0.08981682611881725	-0.004855923286328723	-0.04833039240595485	-0.006088280204808325	-258.51666666666665	1.0849893082619315

drug_318.txt	-0.15381927109336	2.840528721896675	0.12713531330955274	0.010981130556802055	-0.023698274368635357	0.1269841299860022	-338.2266666666667	0.5981344406161961

drug_319.txt	0.0596605092361457	-3.0434467376521974	-0.575112883357422	-0.8538427463057354	-0.10783941593250711	-0.08175690560742607	-169.93666666666667	1.3269282317073834

drug_32.txt	-1.12251622566151	2.7953911869285237	-0.5534018473467649	-0.8278043459981255	0.06872031150748908	0.013043478260869565	-132.95	1.244229828611736

drug_320.txt	1.47678482276585	2.352540752769717	0.6784391226726199	1.2122911836743375	0.4907384259686137	0.4269565217391304	-79.34	2.7447724071167023

drug_321.txt	0.297254118821767	2.3331042561582698	-0.1306087149304422	0.07207981994048607	-0.21634539719317344	-0.03043478260869565	-201.07666666666665	2.2591803470947984

drug_322.txt	-1.3416874687968	2.3245285231507244	-0.2567136466319556	-0.12241836695062275	-0.3118809270220056	-0.19304347826086957	-321.2	0.6755843517453878

drug_323.txt	1.41872191712431	2.566636343285878	-0.09243611512248542	-0.0334272429305853	-0.1326179369468878	-0.02434782608695652	-172.21666666666667	1.9924816251373063

drug_324.txt	0.314578132800799	2.422392901825658	-0.11071103649487718	0.13922780444336913	0.16651719808306978	0.0634782608695652	-364.87333333333333	0.34376223600824646

drug_325.txt	0.136095856215676	-0.18643119375809125	-0.23714711151954787	-0.03596602803050131	-0.14029706606018721	-0.13565217391304346	-322.2033333333333	0.7989171767734404

drug_326.txt	1.46280579131303	-0.28389603053966017	-0.22434270115375343	-0.11410578268719768	-0.13812859925038926	0.005217391304347826	-216.30333333333334	0.9444986076896397

drug_327.txt	1.50524213679481	2.3691761478556814	-0.08632594832278567	0.183428647729462	0.40859225410872035	0.2278260869565217	-184.63333333333333	1.709754559254157

drug_328.txt	1.56380429355966	2.3556108038119143	0.04667869488240589	0.4372804559876754	0.21723802767633996	0.14263970765550935	-242.72	1.6401360786715333

drug_329.txt	1.37398901647529	0.1291813238785188	0.6182153699630936	1.2253858416428969	0.06709415828343704	0.10521739130434782	-55.17333333333333	2.777127830391744

drug_33.txt	-1.21817274088867	2.6027755650078648	-0.10540487455779218	0.022140656334317776	0.050946234094372114	-0.07217391304347825	-225.27666666666667	1.0167439987158664

drug_330.txt	1.32116824762856	2.724395329071637	0.2079050297931326	0.2230165609835122	-0.18268057586418143	0.08695652173913042	3.3233333333333333	2.965594971104707

drug_331.txt	-1.71837244133799	-0.3091208824691296	0.04947994645269621	-0.17678272888483892	-0.2504611265340631	-0.3417391304347826	-553.82	-1.3632677627450007

drug_332.txt	0.270943584623065	0.1503972935240004	0.5555268355906708	0.9487069047640178	-0.016449421878652972	0.0634782608695652	-283.4633333333333	1.095262552462011

drug_333.txt	1.08312531203195	2.328351540741129	0.14936558979000766	0.12729081293202016	-0.2903230895861956	-0.13130434782608694	-252.69333333333333	1.0834172103728235

drug_334.txt	0.02309036445332	0.8381799445325391	0.25286522963864266	0.2536601028652654	-0.2810021701610014	-0.16869565217391302	-253.64	1.304862110489013

drug_335.txt	1.47503744383425	2.3891344639796674	0.6556614567784794	1.1440509884862633	0.2808349215819179	0.1695652173913043	-112.79666666666667	2.5780832590458442

drug_336.txt	1.48662006989516	0.23697721073986033	0.5660898922384929	0.8723147770638171	-0.03623283468824868	0.05565217391304347	-117.52333333333333	2.7351731279004383

drug_337.txt	0.212131802296555	0.9637599781640368	0.23913835511499365	0.23773754666410202	0.06819031907908799	0.1408695652173913	-288.80333333333334	1.1098263476676438

drug_338.txt	1.32406390414378	2.254494439281467	0.17845119008953841	0.19320741594593388	-0.36660727437678403	-0.4234782608695652	-104.62666666666667	1.0036265978657266

drug_339.txt	0.287668497254119	-2.8117102747887284	0.4634990072013413	0.7119197989291046	0.03461028911611206	0.06	-111.52666666666667	1.8772878667256547

drug_34.txt	-0.04518222666001	2.9252239716033044	-0.22688301360110863	-0.11017522443279171	-0.2523596609816656	-0.2504347826086956	-167.36666666666667	1.8044138472041154

drug_340.txt	1.54318522216675	0.18595270353632543	0.49606567898450404	0.7921321384633537	0.1550672842585315	0.11739130434782606	-275.4033333333333	0.8789179697134569

drug_341.txt	1.36110833749376	2.79890010078213	-0.1297567644852033	-0.016854830208840266	0.10411300375213324	0.15043478260869564	-84.17666666666666	1.0630682273204974

drug_342.txt	1.33567149276086	-0.8449713501268493	-0.19516363851612034	0.03241675066132044	0.18322585741210604	0.014782608695652172	-126.95333333333333	0.9089357113427065

drug_343.txt	1.45761357963055	3.0900134262913523	0.18111158062512	0.16819709123666132	-0.27579338528119324	0.02260869565217391	-181.55333333333334	2.622670214269803

drug_344.txt	1.35966050923615	0.3084928630960663	0.1791453738652493	0.14952864005123412	-0.10787022459656484	0.08173913043478259	-316.53	1.6386887774167627

drug_345.txt	1.48197703444833	2.536475753475564	0.3957728442103469	0.6972215213430972	0.03368934137505425	-0.1060869565217391	-223.45333333333335	0.9752588626081228

drug_346.txt	1.44777833250125	2.566713649408293	0.4545318084203112	0.7153660744782856	-0.21652133848095917	0.05217391304347826	-200.70333333333335	2.2720034939891205

drug_347.txt	0.31627558662007	0.239599151906828	0.5316646878822919	0.9206723523547486	-0.13856524923005478	0.03043478260869565	-237.00666666666666	1.2704766653711943

drug_348.txt	0.380678981527709	0.2559110924421139	0.19887420933779637	0.14100649950881383	-0.09462255124455593	-0.09739130434782609	-322.81333333333333	0.7651653653025925

drug_349.txt	-1.30828756864703	-0.5424354243784774	-0.6399356221576065	-0.9148213438761019	-0.35953081103937706	-0.1226086956521739	-333.92333333333335	0.9611688356703253

drug_35.txt	-1.25916125811283	2.755047828713718	-0.049127894279264894	0.10625359348399505	0.07027356853198491	0.02608695652173913	-177.73333333333332	3.6623719662085374

drug_350.txt	-1.39530703944084	-0.6524159947052482	-0.2587384840274191	-0.13492276079416543	-0.31504508944641524	-0.18699717771911284	-284.2866666666667	-0.1454860346818604

drug_351.txt	-0.271692461308038	-0.4476072855108053	-0.6541085485443048	-1.0119677519629438	-0.3533883214214101	-0.23217391304347823	-200.43	0.9760964435975352

drug_352.txt	-1.33699450823764	-0.12937625723474708	-0.7139039936448898	-1.0526181351352304	-0.3613341410907154	-0.23304347826086955	-482.84	-0.07662405084367321

drug_353.txt	-1.34867698452322	-0.07556704225458488	-0.6788870590035393	-1.0030101958855484	-0.3039003568742851	0.06608695652173913	-291.46666666666664	1.2205561784041308

drug_354.txt	-1.33714428357464	2.4412331760567114	-0.19181892155791022	-0.08807036317227618	-0.14329891319231544	-0.040008698488740425	-292.2966666666667	-0.0715948190381854

drug_355.txt	-0.117998002995507	2.7799177240947786	0.10737653219735555	0.03456380767454603	-0.24343826720455108	-0.02608695652173913	-237.68333333333334	2.1694517290731823

drug_356.txt	-0.244133799301048	2.54138856094349	0.522953145923092	0.8875195063318937	-0.006659128359990446	-0.01217656040961665	-352.87666666666667	-0.1932055235594767

drug_357.txt	-0.223040439340988	0.6842982373847343	0.20460343207732942	0.22253164683830595	-0.08339781605403329	0.12869565217391304	-204.10666666666665	1.0046743114544308

drug_358.txt	0.312730903644533	2.4332923686412	0.4784107143348448	0.749687662205988	-0.1370935387665442	0.06869565217391303	-54.54666666666667	2.1982405955225355

drug_359.txt	0.170494258612082	2.5446865161207093	-0.14255005972733906	-0.011396024771186841	-0.08564099361889367	0.05570063032092873	-279.68666666666667	0.9739771706841285

drug_36.txt	0.214528207688467	-2.825016439168378	-0.5728303600870875	-0.8291509729356721	-0.0917989544329644	0.1469565217391304	-206.63333333333333	1.0772031419643315

drug_360.txt	0.0775336994508237	2.4051208029249675	0.4530587563753655	0.7389641226736637	-0.16850561839661574	0.07914764266250822	-127.97333333333333	1.4527734765377454

drug_361.txt	0.155117324013979	2.2429073505423056	0.050906176086775945	-0.036288104203664906	-0.18588083199359368	0.021739130434782605	-360.41	0.5534574884054254

drug_362.txt	0.167398901647529	0.2586359810997928	0.2199655328318434	0.17304479255291205	-0.08091489167664458	0.13130434782608694	-380.49333333333334	0.034549778176262466

drug_363.txt	0.264603095356965	2.8331466975325577	0.46302166667643724	0.736897053969817	-0.08283207294828672	0.14959774217529026	-330.86333333333334	1.0405135099297176

drug_364.txt	0.0777333999001498	0.19045045442225034	0.11611856102991935	-0.006597636233331594	-0.16348910396703253	0.1408695652173913	-203.15333333333334	1.767849562980397

drug_365.txt	0.182176734897654	2.8345173338049037	0.5439706013920069	0.8888510934944713	-0.0016296461561483642	0.1878260869565217	-452.52	-0.11738786495819242

drug_366.txt	-0.261557663504743	2.5310384091479357	0.5673232234177077	0.9256055452614544	-0.15059535292464266	-0.1026310091667689	-128.89333333333335	1.4226246370731204

drug_367.txt	0.356864702945582	-2.7856805458764873	0.15238594374107312	0.10102823858621113	-0.12937021389825065	0.2417391304347826	-254.51333333333332	1.6502728660217918

drug_368.txt	1.409186220669	-2.493350094839041	0.16796657674547077	0.22150825481898911	-0.08511459054739727	0.1591304347826087	-289.09	1.2354803323342558

drug_369.txt	0.259261108337494	2.5842315687916995	0.5570384397106733	0.9359974514721285	0.020565414384904744	0.29478260869565215	-102.34	1.971930615972481

drug_37.txt	-1.10619071392911	-0.6604287278986062	-0.6385995134082343	-0.9639423824649163	-0.22372716927476707	-0.12956521739130433	-216.39333333333335	2.903444935723502

drug_370.txt	-0.126884672990514	-2.7681307330259766	0.008997223119498299	-0.07913004467376195	-0.30386075662863327	-0.023478260869565212	-214.92	2.1482164295690773

drug_371.txt	0.164952571143285	2.6203742286221434	0.147657691611256	0.11953608319588321	-0.20570110958095245	-0.09565217391304347	-199.48333333333332	0.9521521650160562

drug_372.txt	-0.0990763854218673	-2.826127508883471	0.06401428823470978	-0.016258065133467392	-0.28557036698704735	-0.07043478260869565	-393.8933333333333	0.8247150182929511

drug_373.txt	-1.34493260109835	-0.9255663945326777	-0.21865720705139102	-0.22098498510642978	-0.29765730321849426	-0.2817391304347826	-186.71333333333334	0.12414497703566055

drug_374.txt	-1.29845232151772	-0.27712984157543563	-0.2814831045478142	-0.20982060951576786	-0.0715379616980469	-0.13478260869565215	-633.37	-1.478031042660823

drug_375.txt	-1.28916625062406	-2.59401999229404	-0.5744354755438142	-0.9936171384103294	-0.24698482961886328	-0.08173913043478259	-384.18	0.5544867887132068

drug_376.txt	1.18961557663505	-2.6685931177237046	0.11720334930245527	0.05506346729468353	-0.19267767978482256	-0.04	-403.3566666666667	0.13857880018330604

drug_377.txt	-1.5499251123315	-0.48358871112762813	-0.5944652234747937	-1.0163858854188603	-0.11432600355306952	-0.11045879800152247	-471.53	-0.8745241860758967

drug_378.txt	0.0538192710933599	-0.7786791044758038	-0.34379923135893126	-0.5522186956828081	-0.27100884132568875	-0.2121739130434782	-383.7133333333333	-0.6103654178142589

drug_379.txt	0.112680978532202	2.502291196266107	0.6349760731552758	1.3009793498108793	0.41272830351937856	0.3060869565217391	65.90666666666667	3.3312859971287323

drug_38.txt	-0.0941587618572142	2.7250225196936926	0.024152931635204627	-0.07259243469920218	-0.12223558632945235	0.07565217391304348	-167.19666666666666	1.8724076675275663

drug_380.txt	0.038242636045931	-3.0930841388651737	0.5870802365478276	1.1181066186012674	0.24385320724684834	0.08173913043478259	-98.96666666666667	2.226799712094351

drug_381.txt	-0.188467299051423	2.6989175063549165	0.6580691581157276	1.178673190216434	0.3988521489846671	0.2504347826086956	-180.11333333333334	1.438481746254913

drug_382.txt	-0.0285072391412881	2.456906817208635	0.01619020725863146	0.3577441177468803	0.4322489459175865	0.36442705797352687	-127.71666666666667	3.4379369746967976

drug_383.txt	1.2301048427359	2.767466659845575	-0.05361100644945671	0.06064380088358701	0.26166556038838834	0.32434782608695645	-56.526666666666664	2.4855726477431612

drug_384.txt	-0.174338492261608	-1.2438022864947613	-0.17120251492687455	-0.015223329339106861	-0.09137888874895893	-0.02608695652173913	58.26	2.3817444928477625

drug_385.txt	-0.197603594608088	-2.3146340442302673	0.028165033925039107	-0.13491044587283085	-0.2711861350562891	-0.27043478260869563	-591.7033333333334	-1.3734388922860628

drug_386.txt	-0.0878681977034448	2.6644843042865323	-0.031240591895190573	0.27511019294151334	0.24707082152194862	0.06	-32.446666666666665	2.1698446530906237

drug_387.txt	-0.17209186220669	2.679913539358962	-0.07474143220906126	0.31779731208937917	0.16126903518898095	-0.05391304347826086	-141.37666666666667	2.1521946612419303

drug_388.txt	-0.185471792311533	-0.8713293476966965	-0.19412063141452518	0.030382551350998432	0.15213280068108442	0.08347826086956521	3.4766666666666666	2.984051259286157

drug_389.txt	-0.156964553170245	2.727160957225436	-0.2539084576863947	-0.2066297393131325	0.015484919659678775	0.06956521739130435	-15.79	1.8791917344724307

drug_39.txt	0.0293559660509236	2.6998483104984476	-0.42989977355469666	-0.6559641886206847	-0.07465781631308223	0.21043478260869564	-48.54333333333334	3.007627322579109

drug_390.txt	0.10299550673989	2.504684699153027	0.4748994638360484	0.860484585191627	0.16215464549080388	0.07740813403256298	-112.36666666666666	2.0213490187677396

drug_391.txt	1.15279580629056	2.784003798126635	0.4961173679260197	0.8037101369985482	0.19248304832562543	0.39826086956521733	-137.1	1.2398230289910768

drug_392.txt	0.0337993010484273	2.5846821792368644	-0.16468385529232016	-0.16996045205327437	-0.1090824040376305	-0.23304347826086955	-538.3833333333333	-0.20835494847141647

drug_393.txt	-0.0329505741387918	2.75906684301939	0.620859125209188	0.9956822477296796	0.2762587869998623	-0.015652173913043476	-488.91	0.15040126349513203

drug_394.txt	1.15796305541687	2.5527886572153893	-0.00043745016360424716	0.1619665731894928	0.3900040527970536	0.23304347826086955	-385.95	0.23323673874815343

drug_395.txt	-1.31867199201198	2.4372024937683783	0.5781655583657463	1.2318402540177538	0.16589410555922698	-0.1208695652173913	-328.21666666666664	0.43057411381792404

drug_396.txt	0.0984523215177234	2.647263303029043	0.41469135296657544	0.8381098131762668	0.15476565303059203	0.05826086956521739	-136.82333333333332	1.5325871627669996

drug_397.txt	-1.2253619570644	2.948500826842258	0.4635834690794077	0.7408406714484588	-0.12471914696412201	-0.12347826086956522	-369.39666666666665	0.22144397843185762

drug_398.txt	-1.14113829256116	-2.3564632984005907	-0.05743096436923589	0.5283281438201861	0.2527721644053935	0.09219395738709749	-57.39333333333333	1.6021766376375384

drug_399.txt	1.24148776834748	2.702943632238906	-0.10971793211629333	0.01328866095792619	0.2226859086266673	0.08695652173913042	-254.09	0.8307906750873442

drug_4.txt	0.994208686969546	0.7887617608235944	-0.13201418936005768	0.11711519030738093	0.033158095971031296	-0.007826086956521738	-374.54333333333335	1.5930609922070667

drug_40.txt	-0.0129306040938593	2.43592645404835	0.4905560646745741	0.8440389103563413	0.030833608550640976	0.042608695652173914	-171.63333333333333	1.9301247229868406

drug_400.txt	-0.192810783824264	-2.6917982990231195	-0.254924416337611	-0.19721990555221286	0.10284187559598297	-0.08956521739130434	-481.49333333333334	-0.9579401483810368

drug_401.txt	-1.79216175736395	-0.009634538504251916	-0.6175589506852621	-1.1835519579816256	-0.4217176429722436	-0.46347826086956523	-627.9066666666666	-3.047472474689611

drug_402.txt	0.31827259111333	-0.3113288786962843	-0.20410509457595136	0.023537034006135604	0.09062209931710072	0.025222875134205923	-351.7033333333333	0.12084892555988509

drug_403.txt	-1.30239640539191	2.5790872276439383	-0.14104081944372093	-0.006023416932306291	-0.20654851935392304	-0.19043478260869565	-226.41666666666666	2.295118040613487

drug_404.txt	-0.130454318522217	-0.775314411261693	-0.17224219671245794	0.04878056911585693	0.08427288953907897	-0.009565217391304347	-219.55	1.5177213116363264

drug_405.txt	0.221967049425861	-0.26722022789715427	-0.28682393773873327	-0.13132579290545815	0.13664020382703448	-0.006088280204808325	-563.09	-0.4966335660873249

drug_406.txt	-1.39900149775337	-0.4712726478333114	-0.1344926866638545	0.25530699270436497	0.23390520332361064	0.025217391304347827	-305.48	0.7811650745428793

drug_407.txt	0.183225162256615	2.584536612967567	0.190733793183591	0.1980590150907985	0.004759372647365568	0.19569472086883902	-192.75333333333333	0.9677404237571511

drug_408.txt	1.27066899650524	2.4660617389595405	0.16010593334659626	0.1389421808161847	-0.11315125703094707	0.10437051779671415	-231.85333333333332	1.718474348414989

drug_409.txt	1.19246130803794	2.7084969764451947	0.5458769697655654	0.9262350177271164	0.02224143000805164	0.1269841299860022	-305.01666666666665	1.0687892829175987

drug_41.txt	-1.1071392910634	2.811391569911599	-0.47911841012454087	-0.7222509227333875	-0.1656864221256155	-0.1026086956521739	-280.1166666666667	0.5962951201460834

drug_410.txt	-1.16372940589116	2.6884435336532633	-0.5231472860574782	-0.8081832781324116	-0.10659183478575789	-0.033920418283932094	-385.74333333333334	0.05822650097492772

drug_411.txt	-0.0576385421867199	2.7527341012533535	-0.7238318861676887	-1.020720452366771	-0.13391935077619296	0.12959339293092004	-51.42333333333333	3.15217461578345

drug_412.txt	1.34283574638043	2.814933818293208	-0.20081304789116908	-0.06811623880697304	0.06515180838231002	0.19743422949878425	-321.87666666666667	1.0908304863030582

drug_413.txt	-0.0201447828257615	-2.6137563638079673	0.08671272912732714	0.04143360187454442	-0.09951447227606441	0.12524462135605696	-345.39	1.0369699018495446

drug_414.txt	-0.175986020968547	2.6052550639981513	-0.2452471768449906	-0.2140902058750166	0.0243653307081855	0.035659926913877336	-217.97	3.1602277489705592

drug_415.txt	-1.29213679480779	2.7935581133839427	-0.5435949433918452	-0.7530393938000519	-0.03390275044377771	0.08610567718228918	-519.2633333333333	0.03104527810325709

drug_416.txt	-0.0375686470294557	-3.035884209788994	-0.6465549081435078	-0.979888680602284	-0.06618823013373122	0.14003044471059148	-317.75	1.0853988049290528

drug_417.txt	1.24772840738892	-3.040169363392629	-0.30824597877705817	-0.30709309790382633	-0.15032210737574023	0.05392476752830231	-234.68	0.9281563296994937

drug_418.txt	0.00526709935097358	-2.8739991385296353	-0.5597635383600927	-0.7928035511947953	-0.1657725837436801	-0.08001739697748085	-399.28	0.1762591211505355

drug_419.txt	-0.0414128806789815	-3.048764383285274	-0.6563980445160167	-0.957635697630901	-0.09052036499660844	0.08523592286731656	-162.29666666666665	3.1002733094282227

drug_42.txt	-1.33479780329506	2.6210805401929615	0.47392355354416094	0.9475939225848165	0.08693712595370817	0.054782608695652164	-338.91333333333336	0.7440724809162459

drug_420.txt	-0.157588617074388	2.6249636465355817	-0.4831472354842199	-0.7505290464118073	-0.08449840162240498	0.21048054422337356	-325.93333333333334	0.1748572874883292

drug_421.txt	1.18934098851722	2.76901204705298	-0.6670060861867075	-0.9961140837073774	-0.1772929828932144	-0.18177865182927716	-298.17	-0.003967326492385882

drug_422.txt	-0.0936095856215676	-2.745325082479691	-0.19794954764295758	-0.09433591057214225	-0.05679994675104037	-0.18612742340414024	-445.2033333333333	0.38470369363242174

drug_423.txt	-0.129655516724913	3.049716561892115	-0.25042603160896787	-0.17641392482451068	-0.011922134961298025	-0.14003044471059148	-319.5733333333333	0.7448753555794473

drug_424.txt	-0.0533699450823764	-2.7343065149155623	-0.24907794439109945	-0.17600370134386917	-0.0014402166362866206	-0.060882802048083245	-421.42333333333335	-0.4796058082559281

drug_425.txt	0.0952571143285073	2.602000194891515	-0.38168435822120933	-0.6416192779550927	-0.11580621123895612	0.037399435543822565	-308.62666666666667	0.6118615117484262

drug_426.txt	-1.27393909136296	2.6729520244753657	-0.48999681251491056	-0.7394817233687799	-0.15522975170100167	-0.12002609546622128	-463.8566666666667	-0.39870981810360157

drug_427.txt	-0.154343484772841	-2.7256954886518177	-0.5921586683262621	-0.8807940100811248	-0.16419674267771983	-0.09828223759190581	-528.2	-0.39181797076568103

drug_428.txt	-0.0929605591612581	-2.903807487488467	-0.5266422376550536	-0.7941790127156758	-0.10971702644305123	0.10524027211168678	-395.89	0.3049366529757545

drug_429.txt	0.0907139291063406	-2.89035049102517	-0.7119342941346893	-0.9926809894244182	-0.1759721329357831	-0.02174385787431545	-450.00333333333333	0.2393792793657956

drug_43.txt	0.161507738392411	2.641139241617397	-0.5152550232563078	-0.7662050532380152	-0.10311486018644167	0.23913043478260865	-97.97	2.026161274997529

drug_430.txt	-1.27598602096855	-2.5526454247521078	-0.3698812465411025	-0.5879335510894266	-0.1612248774633088	-0.030441401024041623	-270.97	0.7749427580842648

drug_431.txt	-1.35424363454818	2.755841390396654	0.49550533967850635	0.7765829059633589	0.016848120289468846	0.2191780873730997	-302.6533333333333	0.29149112033566793

drug_432.txt	-0.145107338991513	2.6950836676437326	-0.18485542156157525	-0.11831602829574239	-0.033350811879202844	-0.06523157362294633	-316.24	0.6546400082406405

drug_433.txt	-1.33706939590614	2.4773973404714438	-0.2489363798983291	-0.23580629677053389	-0.010958295454497067	0.15220700512020813	-179.05666666666667	1.3879284303616548

drug_434.txt	0.072291562656016	-2.866073359784459	-0.5791391336119311	-0.8816540870032848	-0.22041335913136115	-0.1739508629945236	-290.02	0.15219076538352286

drug_435.txt	-1.33315027458812	2.55215849924563	-0.25020274380105334	-0.14114237051171574	-0.10186661160555043	-0.02957164670906901	-385.80333333333334	1.2524046714463635

drug_436.txt	0.129755366949576	0.5918755957144557	0.1684867305945475	0.016333527913036716	-0.1869608057014358	-0.01652533198447974	-353.52	0.5005665428374035

drug_437.txt	-0.0398901647528707	0.42766044444656315	0.16127742278158616	0.08234584017688956	-0.1363613823277816	0.1252173913043478	-301.6933333333333	0.9130768992498798

drug_438.txt	-0.129605591612581	2.5658274834875345	0.11997875956785628	0.03592665131863587	-0.23041208400126362	0.02869565217391304	-176.70333333333335	1.973148659665527

drug_439.txt	-0.232251622566151	2.544786480723079	0.14266718302682174	0.09161332958979629	-0.21782455795478606	0.009565217391304347	-443.9	-0.15064011930967244

drug_44.txt	-1.22770843734398	2.8487706355685303	-0.5072469721727487	-0.7875511740650882	-0.11910462828471964	0.023478260869565212	-416.95	0.5160952342071232

drug_440.txt	-0.0763354967548677	0.34248699472521277	0.16995686624609868	0.09646251748619794	-0.1643631622314454	0.1643478260869565	-211.52333333333334	0.8997282954058454

drug_441.txt	0.0382426360459311	0.32356442929249274	0.2611616044492242	0.24476529906022354	-0.13750848736516846	0.09652173913043478	-23.746666666666666	2.168567103664188

drug_442.txt	-0.0954568147778332	2.5711746556353785	0.07354600393928892	0.006195858960808043	-0.13661001358482194	0.07217391304347825	-323.58	0.8353190939350141

drug_443.txt	-1.58791812281578	-0.13649321135086692	0.04658352383797543	-0.1580992484496921	-0.3674434416243005	-0.2069565217391304	-772.9433333333334	-1.809698991359295

drug_444.txt	-1.48844233649526	1.281500472156189	0.08373414980507471	-0.0786446371796038	-0.3329884412858508	-0.09043478260869564	-533.65	0.2340326351763995

drug_445.txt	-1.4335996005991	1.240879430265078	0.04829000485239193	-0.1208456142570779	-0.3637194936574928	-0.20434782608695648	-556.9433333333334	-0.6422153713932184

drug_446.txt	-1.40753869196206	1.0445415138513567	0.07417110884087952	-0.10261741065727681	-0.22937325509226122	-0.19304347826086957	-595.61	-1.1047866876535553

drug_447.txt	-0.074188716924613	3.069467635158306	-0.17551361951983124	-0.014128805240865627	0.07278561241917038	0.03913043478260869	-399.37333333333333	0.5481988405045423

drug_448.txt	-1.54648027958063	-0.30311365311364125	-0.18492329863035287	-0.014556080444777741	-0.030021969528738954	-0.050434782608695654	-420.36	-0.45408034992251256

drug_449.txt	0.0123315027458811	-0.07060249464870466	-0.586348621523485	-0.9898437482739804	-0.182658556120633	-0.20869565217391303	-503.02666666666664	-0.7698294944923758

drug_45.txt	-0.0423364952571144	-2.8079373639519245	-0.4613857922070958	-0.7144670848802551	-0.2724729426858383	-0.23217391304347823	-278.24	1.562760490799413

drug_450.txt	-1.19640539191213	-2.6543345281720105	0.11713554282924893	0.09748611279582275	-0.2134820031018659	-0.0826086956521739	-516.8166666666667	-0.9375221206946197

drug_451.txt	-0.238042935596605	-0.5533604219330718	-0.40843179496416604	-0.6376124416419555	-0.31118486979139626	-0.15652173913043477	-306.76666666666665	0.5866674468827574

drug_452.txt	-1.70526709935097	-0.1015060014816873	-0.7100970135255447	-1.2056602698801058	-0.3768560024875865	-0.2895652173913043	-655.12	-0.9560826001112293

drug_453.txt	-0.272641038442337	2.6367889946031267	0.06332690552630921	-0.029062513044230853	-0.3440877449622648	-0.11043478260869564	-349.01666666666665	1.019677836666857

drug_454.txt	-0.0154268597104343	-2.8683547396621476	0.06579554252806949	-0.018843658969506516	-0.01599600171366212	0.26608695652173914	-388.19	0.6440031227768545

drug_455.txt	-0.0199700449326011	0.3513771681898184	0.0975634277792633	0.007624169644793732	-0.06458590540370074	0.23652173913043475	-373.03333333333336	0.7064495270710804

drug_456.txt	-1.20666500249626	0.9301012671450533	0.15623465588836327	0.0919472998749748	-0.21329451687614126	0.1226086956521739	-400.17	0.7875689842742648

drug_457.txt	0.0290564153769346	0.5427390467993785	0.5351471281960678	0.9251389892091211	0.193653306281103	0.35130434782608694	-411.01	0.6476446210447082

drug_458.txt	-0.0733399900149775	2.7731455385998123	0.41958609045759454	0.6716137066032867	0.20371997203825262	0.3539130434782608	-293.5366666666667	1.6300779528821951

drug_459.txt	0.101347978032951	2.374087117569761	0.08273043886166631	-0.027807546216159884	-0.09350273533930208	0.3182608695652174	-275.18666666666667	1.0572766380633292

drug_46.txt	-0.0743384922616076	-0.6272118222901112	-0.6805168543356597	-1.0278080145709656	-0.16979422147159073	0.08086956521739129	-178.49333333333334	1.5099639574489452

drug_460.txt	0.0601597603594608	0.5780550404800846	0.48993377340829347	0.8304159597918008	0.25501789023508226	0.5173913043478261	-401.7266666666667	1.4272222227748546

drug_461.txt	0.0261607588617074	1.1307537360543465	0.10964892862178555	0.021978827166841797	0.06263656853923591	0.29739130434782607	-390.84	1.1821536140890125

drug_462.txt	-0.0694458312531203	2.6473829175228505	-0.7076935752768335	-1.0614376719610221	-0.24618193765133903	-0.1443478260869565	-125.82	2.604919390526174

drug_463.txt	0.00738891662506247	0.6762231063370049	0.06724636790553706	-0.022145087864807622	-0.11386035702421664	0.30347826086956514	-334.32	1.0353628713451264

drug_464.txt	0.0476285571642536	0.9823503919630954	0.09955215014771596	0.00767338443738852	-0.02213961843416161	0.21391304347826084	-417.91333333333336	0.5066992668853895

drug_465.txt	0.0613579630554169	2.5019795325987557	0.1460310973709534	0.12880506394702496	0.026980678417434668	0.2713043478260869	-367.71666666666664	0.3077948872386878

drug_466.txt	0.0103594608087868	2.6831045776560307	-0.15062972572749966	0.0807046658382019	-0.21807676785605476	-0.36173913043478256	-373.3466666666667	-0.04778970584404226

drug_467.txt	-1.5237643534698	-0.24691056438581674	-0.6304815430494634	-0.9582419092975307	-0.13105609036095067	-0.17391304347826084	-483.42333333333335	-1.5164220754959319

drug_468.txt	-1.1964303544683	-0.29504101588660137	-0.650158500780647	-1.0879014169508143	-0.42913542952473754	-0.41913043478260864	-566.4133333333333	-1.3336731080939597

drug_469.txt	-1.40718921617574	-2.3520680414654427	-0.01637648045796042	-0.21503377321544076	-0.31581992405105747	-0.3947826086956522	-631.22	-1.6860991201887112

drug_47.txt	-0.0277583624563156	-0.8511920482237516	-0.2603572581321353	0.05239998257930423	-0.013795518462313663	-0.09130434782608696	-159.92333333333335	1.6283750945926057

drug_470.txt	-1.72226660009985	-0.19791982822353396	-0.5973647082352462	-1.0318687849476662	-0.18740271817181772	-0.21391304347826084	-496.9766666666667	-0.659217523174935

drug_471.txt	-0.16145781328008	0.47268790037600483	0.13636458950392483	0.024044541263458286	-0.1605202088273587	-0.18173913043478263	-535.3666666666667	-1.5268628170118754

drug_472.txt	-1.36894658012981	-0.20945232268294903	-0.6224389824463519	-0.9909024648393108	-0.23314857753426185	-0.308695652173913	-659.8033333333333	-2.2997782848087303

drug_473.txt	-0.167923115327009	0.23229607818588796	0.19133860547209453	0.203400242957002	-0.20710964967456977	-0.11304347826086956	-161.61	1.5289893723381816

drug_474.txt	-0.117923115327009	-0.5902600741568209	-0.40221294492428206	-0.6535016587379359	-0.3387353015174986	-0.20956521739130432	-101.93666666666667	2.158097646830502

drug_475.txt	-1.48649525711433	-0.5744434228153533	-0.47997360078072204	-0.8107754166395369	-0.2586662837883734	-0.1408695652173913	-20.653333333333332	2.373449565455356

drug_476.txt	-1.52868197703445	-0.6365276568833172	-0.49530307516389854	-0.7917745273423904	-0.4278674926214035	-0.35826086956521735	-214.82	1.0734029655396626

drug_477.txt	-1.43791812281578	2.594340825493307	-0.08809703027583476	0.13332088331558434	-0.2745569435772539	-0.34616221735910196	-165.04666666666665	2.1167234508421915

drug_478.txt	-1.33632051922117	-0.47497663351094876	0.5149549439241543	1.0085013557824116	-0.23962450328219329	-0.30180474729549844	-309.1533333333333	-0.006572301381856979

drug_479.txt	-1.44870194707938	-0.598115266182966	-0.4647627333545006	-0.7363045727508682	-0.4188023252048059	-0.3852173913043478	-198.38	0.912836857821927

drug_48.txt	1.02161757363954	-3.028699116169209	-0.27402420766467356	-0.26881872704286297	-0.003193104956190234	-0.08086956521739129	-98.34	2.4050173656828435

drug_480.txt	0.0124063904143784	2.5403292605333943	0.4570989738877866	0.8110877662231126	-0.12473535312373583	-0.15217391304347824	-132.56	2.22622715847813

drug_481.txt	-0.086245631552671	2.7834740711436696	0.49683976135494146	0.9282053786602864	-0.23230382763267565	-0.36173913043478256	-50.54	2.2621310278813183

drug_482.txt	-0.0157014478282577	2.815297571792742	-0.4105279337443418	-0.6517248778871441	-0.44346652864517405	-0.4252173913043478	-164.72	3.0414723280489966

drug_483.txt	0.0253369945082377	2.5955341979415967	-0.16622433060485112	0.009931902330197917	-0.19886796803657858	-0.3078260869565217	-160.91666666666666	1.6313877629120896

drug_484.txt	-0.107064403394908	-0.6843625848797723	-0.6349178496428618	-0.9477264050435453	-0.3102403845321585	-0.16	-163.96333333333334	1.4056281780808233

drug_485.txt	0.11145781328008	-0.5016518886470457	-0.3210232199009925	-0.3205395342298179	-0.3426477259996027	-0.2582608695652174	-114.05333333333333	1.278882635187889

drug_486.txt	-0.0356215676485272	-0.3770182396793367	-0.6699262787173824	-1.0288818379794098	-0.34244606791879895	-0.14869565217391303	-165.65	1.141864131320584

drug_487.txt	-0.197653519720419	-0.191317725207482	-0.28892914716359697	-0.23296944237608258	-0.1116988805770693	-0.1973913043478261	-415.44666666666666	0.12377601079726157

drug_488.txt	1.28509735396905	2.485722883884891	-0.5737836240506226	-0.8510071248057904	-0.20329627794850408	-0.10869565217391304	-240.41333333333333	1.8385094904943835

drug_489.txt	0.0034697953070395	2.443084305358265	-0.23748498638047075	-0.09121147490419856	-0.12597898733881963	-0.1217391304347826	-156.56666666666666	1.9032022028169289

drug_49.txt	1.12296555167249	-0.2394037647049549	-0.2326821142120704	-0.12479476826386571	0.22060140081142623	0.004347826086956522	-125.64	3.859466865496334

drug_490.txt	0.00192211682476284	2.675210081919724	-0.5976413904302229	-0.9205827896221765	-0.3272709558831718	-0.3043478260869565	-14.163333333333334	3.2915359649158065

drug_491.txt	-0.00202196704942581	-0.31359394775046695	-0.6406324299622127	-0.9280181378455221	-0.3803404056605069	-0.2817391304347826	-290.21666666666664	1.1195897074830499

drug_492.txt	-0.118846729905142	-0.35908766760085625	-0.3206870377382813	-0.3360897085297071	-0.30026168450803775	-0.20173913043478262	-183.8	1.983041928946953

drug_493.txt	-0.0981278082875686	-1.0447052655664841	-0.6015676071965215	-0.8435663388485304	-0.322691451010213	-0.20956521739130432	-179.17666666666668	1.5073795687767084

drug_494.txt	-0.21862206689965	-0.4973688169941054	-0.5592439659235596	-0.9331388762584303	-0.10868882006796145	-0.20091324675867472	-445.06	-0.5953462513872563

drug_495.txt	0.0187968047928108	-0.4229665070323052	-0.3094336473482244	-0.2445928065071708	-0.23437020590194735	-0.23304347826086955	-33.093333333333334	2.6737175548283396

drug_496.txt	1.26088367448827	-0.3040106557710059	-0.27010437740646465	-0.14684824357741355	-0.16603329697630423	-0.1878260869565217	-217.21333333333334	1.868869278454324

drug_5.txt	-1.35636545182227	-2.571560564167827	-0.08984375749924314	0.14329246321223305	-0.0043642958861343055	-0.0965427289619606	-426.47	0.7091705181143954

drug_50.txt	-0.0671992011982027	-2.8215108401425315	-0.2144359216531803	0.09628523212645212	0.17500582078869012	-0.050434782608695654	-255.98333333333332	1.3961824600896386

drug_51.txt	1.12041937094358	-3.014047054547935	-0.18529853860333995	0.14829703931150806	0.22881520095518793	0.014782608695652172	-48.12	3.6971682495788625

drug_52.txt	-1.48117823265102	-0.027855157803871627	-0.699012521907052	-1.0304618446072813	-0.0725442690223542	-0.2669565217391304	-541.6166666666667	-2.9068099216858365

drug_53.txt	-1.68951572641038	-2.3188913005057485	-0.6314085509924767	-1.0287859487188296	-0.060895737664908384	-0.11652173913043477	-638.4666666666667	-0.7758834446062414

drug_54.txt	0.126060908637044	2.640697576018835	-0.09273258933627426	0.2629026971735565	0.2472234248751483	0.08521739130434783	-51.263333333333335	2.8867781244040445

drug_55.txt	1.23035446829755	2.671446678048624	-0.024891491151999123	0.326589845892487	0.328279916932218	0.2773913043478261	-19.4	1.9630664329332852

drug_56.txt	0.157363954068897	-2.582930185125238	-0.5259738924486941	-0.7493926750906701	0.05537399371640078	-0.029565217391304344	-361.8	0.9029539486794481

drug_57.txt	1.14028956565152	2.6688719663957783	-0.2263276257797663	-0.16523899771764883	0.05306524350735335	0.042608695652173914	-279.21666666666664	1.057435979145054

drug_58.txt	1.18881677483774	2.5630898866505634	-0.07469189105261492	0.15154698981727605	0.2991663005076225	0.1782608695652174	-232.91	1.9898878606321706

drug_59.txt	0.225112331502746	2.515854322034992	-0.049699971898317624	0.2315319463683156	0.07660232205998424	-0.019134594929397595	-189.46	2.371891560071519

drug_6.txt	0.95381927109336	0.33078935104119667	0.10248187837786141	0.011819090746187255	-0.13414766142875623	-0.01217391304347826	-475.38666666666666	0.289994128789893

drug_60.txt	-1.290963554668	2.6362818193830426	-0.13698894955495408	0.02448088068407306	0.18907549549506464	-0.049565217391304345	-188.82	2.285977858851509

drug_61.txt	1.3844732900649	2.4748539081730363	-0.16773613310722393	0.29118346665447714	0.10791953713322008	0.01565557766950712	5.046666666666667	2.6879757365542907

drug_62.txt	1.39086370444333	2.0729074436386865	-0.01697587329357697	0.3198264787695688	0.40627950867859103	0.26440531175167586	-51.38	3.484855108810701

drug_63.txt	1.35766350474289	2.479040898515157	0.6130379947058902	1.1783824359102835	0.10956644020371632	0.18	61.156666666666666	5.43199458030569

drug_64.txt	1.21532700948577	2.24607779505141	0.08649403767722974	0.42042128825401337	0.188312735078714	0.33398565694948523	5.05	3.3493105113221344

drug_65.txt	1.44413379930105	-0.7522554872853615	-0.11184837134806158	0.2847375550577289	0.3126627586361848	0.22889477772506653	131.29	5.963302816087869

drug_66.txt	0.383824263604593	-0.6937571761059347	-0.18056273006744084	0.13362615392583488	0.14089384931120325	0.10437051779671415	99.02666666666667	4.176056165268565

drug_67.txt	1.52291562656016	-2.908999418264118	-0.19757845203580066	-0.0048837870839756325	0.3235905680858739	0.23478260869565212	-22.89666666666667	2.4177976294922265

drug_68.txt	-1.27993010484274	-2.914150110313861	0.5885618368168417	0.9809773419674206	0.2959315313173161	0.37913043478260866	-373.3466666666667	0.5081103964839727

drug_69.txt	0.193160259610584	-2.6495698045295772	0.5857031045588939	1.0006883271492808	0.3512233217076436	0.32695652173913037	-300.00333333333333	1.0571556559680488

drug_7.txt	-1.09755366949576	0.7802772562985614	-0.08485500241298588	0.1820788740873981	-0.07022889327367371	-0.2217391304347826	-557.67	-0.5844951779674314

drug_70.txt	-0.111932101847229	-0.47173038995586514	-0.33929873051980297	-0.30205438212795976	-0.18898278480916988	-0.18173913043478263	-126.51333333333334	2.8776074853041798

drug_71.txt	-0.0222666000998503	-0.6213219493758039	-0.2286503875134751	-0.043959910531741864	0.04523719367490622	-0.18869565217391301	-130.98333333333332	1.2958492595129885

drug_72.txt	-1.0836744882676	-0.5396389426599112	-0.16589956006305767	0.22119955083180676	0.28946014207495874	0.05392476752830231	-150.44333333333333	1.8826097224162615

drug_73.txt	-1.16070893659511	-0.7087513516873334	-0.1600679200329077	0.29325142185506303	0.2435183856958881	-0.050445750268411846	-77.04	3.5436126539793644

drug_74.txt	-0.124063904143784	-0.5300662803999925	-0.23091106996556898	-0.06830814443738142	-0.3455069082430561	-0.27043478260869563	-112.0	2.9898485972538995

drug_75.txt	-0.0118322516225662	-0.5290089905991054	-0.15312539422233162	0.3364164713545029	0.2578298886147489	-0.05740378478819278	-135.31333333333333	2.67274216541356

drug_76.txt	-0.0089865202196705	-0.5833296976469593	-0.21242437182582347	0.04814673247245682	0.047288200200623076	-0.19391304347826085	-206.46333333333334	3.2589719640155534

drug_77.txt	0.072391412880679	2.387430899296149	0.046517175940124666	0.32843079418150417	0.25129087877664935	0.22178735031801758	-121.70333333333333	2.354626775577803

drug_78.txt	1.2345481777334	2.3270867205207955	-0.016358058293193534	0.531480652296537	0.29533277631007687	0.23913043478260865	-178.85333333333332	1.9333801378800883

drug_79.txt	0.138841737393909	1.3745779660626711	0.07257974488034119	-0.08801060790857251	0.09742660516455616	0.042608695652173914	-492.63666666666666	-0.47850188494321294

drug_8.txt	0.952521218172741	0.7753271310647365	-0.387635012364302	-0.6263893377477598	-0.10898392517022419	0.011304347826086955	-383.03333333333336	0.6290590787701963

drug_80.txt	0.0619071392910634	2.5970876086987458	-0.03343027948896665	0.5627636658637156	0.04232559854112198	0.1843478260869565	-241.36666666666667	1.2919262294730745

drug_81.txt	1.05751372940589	-2.781802588319343	-0.23431156467805936	-0.19557597616932426	-0.08311796800081192	0.050434782608695654	-251.89666666666668	1.9860751177051919

drug_82.txt	0.102945581627559	2.712036476512101	0.01929075668628044	-0.040788816583246956	-0.36547566712885143	0.02174385787431545	-190.36333333333334	2.0672916610572

drug_83.txt	0.221417873190215	-2.5099075900564145	0.0270904202256666	-0.10165070204366888	-0.250877089192161	0.013916069039561885	-325.27666666666664	0.8363750698610495

drug_84.txt	1.3236145781328	0.297716174833614	0.08150587180748675	0.046903731851255015	-0.34724098791791624	0.1269841299860022	-331.31333333333333	1.7168356028621743

drug_85.txt	0.00953569645531704	2.7155474793632317	0.062312512883352766	0.025643965095737187	-0.3597060194612482	-0.0434877157486309	-305.84	0.8140581016731738

drug_86.txt	0.0312531203195208	2.7233837506640763	-0.028126155497019245	-0.1235588243130113	-0.35483607849508497	-0.005218525889835707	-350.36	0.6105719113287044

drug_87.txt	0.139890164752871	2.7385328294255755	-0.6307654902337122	-0.9673406188849554	-0.36245444267201177	0.02174385787431545	-368.99	0.9502224061628833

drug_88.txt	0.0120319520718921	3.050481401089261	-0.7407921667457036	-1.094391536189184	-0.42349203678442493	-0.11567732389135817	-137.86333333333334	1.2500994750368277

drug_89.txt	0.145082376435347	2.6037370677194644	-0.5933708173277501	-0.9102147657283062	-0.3919479947251977	-0.1739508629945236	-273.0133333333333	0.45732053949390117

drug_9.txt	1.10124812780829	2.5117494777438902	0.5119409755651758	0.9153527051147847	0.011540761713044974	0.0608695652173913	-284.54333333333335	1.7145596789618451

drug_90.txt	1.3427858212681	-3.0420383551219357	-0.03875859432643264	-0.14739173782281711	-0.38983300749137795	-0.03652968122884995	-294.4433333333333	1.9490742596318744

drug_91.txt	0.0512730903644533	2.6157872273449603	-0.5264094117671033	-0.8160133752285091	-0.3390544467895844	-0.11045879800152247	-341.63666666666666	3.0582209189780345

drug_92.txt	0.0872191712431353	2.796818918628803	-0.6112528462751199	-0.9257354088010699	-0.368775890182987	0.00782778883475356	-279.28333333333336	1.2726414767166672

drug_93.txt	0.118771842236645	2.516793313081716	-0.6376202693987787	-0.958203910675411	-0.29723881658848655	0.040878452803713036	-461.16	0.5099381637882698

drug_94.txt	0.0670993509735397	2.7690313371967616	-0.5032384763987545	-0.8017245236963042	-0.34675251900381415	0.035659926913877336	-252.90333333333334	2.590226473800688

drug_95.txt	0.0399400898652023	2.6349010981200074	-0.6441975025163396	-0.9976045293110972	-0.38263302055068005	-0.15307675943518076	-372.5933333333333	0.3472791125094491

drug_96.txt	0.0558662006989515	2.54905077760796	-0.5502148043848414	-0.7862221521137922	-0.3942040262702637	-0.0869754314972618	-272.15	1.746978123364935

drug_97.txt	0.0134298552171742	2.6164276872994283	-0.6016336079678333	-0.8947226877556875	-0.3713718756274811	-0.0582735391031654	-481.74666666666667	0.3455497186445762

drug_98.txt	-1.20666500249626	-0.6024628074813699	-0.7354080779250934	-1.12786499515556	-0.5243481369787125	-0.49575995953439217	-204.87333333333333	2.423041943517885

drug_99.txt	-0.0191213180229656	2.5560099404712746	-0.501039333019905	-0.7555130683488125	-0.3501676351754658	-0.050445750268411846	-337.77	1.292667846830063

