	SScmap	SSfisher	SSlincs	SSlincs_Norm	SSpearson_corr	SSspearman_corr	SSzhang	SSzhang_Norm
drug_1.txt	-1.82366110697899	0.825055470229176	0.023468792903655666	0.06617025477564747	0.03615778651750221	0.0386041122034992	0.7612564116209478	1.6844604569991244

drug_10.txt	-0.0489136363481988	-1.0160083587178188	-0.04326953901554846	-0.09490078736656174	-0.059666966786305516	-0.07798823112104852	-1.4001485981423185	-2.2370063169857404

drug_100.txt	0.0995016319058827	1.239055312544587	-0.008795348731797908	-0.01719831698301738	0.07417930289342956	0.024655683047416235	0.0779362460752488	1.4210460935329141

drug_101.txt	-0.0268276496819396	-1.3888548945219314	-0.007962660089790019	-0.02668891162654502	0.05550644898192151	0.06320064382501084	1.607567861865132	2.542103258733484

drug_102.txt	-1.93097598500209	-1.4478201253662384	-0.03406352985740918	-0.06368545237867684	0.03455962797565976	0.02983289272846947	-0.7003188924321382	-0.5871797922899551

drug_103.txt	-1.73022996118068	-1.3614662243392885	-0.0326598541005165	-0.06451945590222868	0.04027244535736244	0.050718630085135594	1.3404862393207877	2.5935058574958627

drug_104.txt	1.77543874664194	1.3501788763373797	-0.012502008558082256	-0.01641505984265712	0.06068642634940221	0.027619321551594023	-0.2581268446842392	-0.33018102559278273

drug_105.txt	0.0369621078586202	1.3042160553392146	0.01943200105059112	0.036991708998176054	0.0575815110889991	-0.013943572206019779	0.31129878051276594	0.2563851090204878

drug_106.txt	0.0250799311237225	-1.3457877217606264	-0.013991071786246478	-0.02682873375463457	0.04561496468692276	0.007126093707442972	-0.8767392737112284	-0.6966240792987954

drug_107.txt	0.148281862919906	-0.8739540877498193	-0.04419548970810558	-0.08887736300902532	0.023328280455112396	-0.06994547845595679	-1.283298469398198	-1.4094139053214727

drug_108.txt	-1.77186125573544	-0.9253632925340707	-0.05945381118441652	-0.1214577092161418	0.0056000333668611135	-0.07372213955793307	-1.503426353860072	-2.7515366419850964

drug_109.txt	0.0327725418674709	-0.9589571144426815	-0.02024588199320329	-0.03939730261066554	0.03354301665601049	-0.06392097536579341	-1.7402950676060143	-2.3728746849973312

drug_11.txt	-1.89093726756804	-1.1011664971545172	-0.03104256461983959	-0.059379489133849384	-0.028385550427326565	-0.04067289891006655	-1.0419718113826997	-2.0571571253514147

drug_110.txt	0.0426481366385795	-1.1067708229999556	-0.04384089803239288	-0.08502545053611493	-0.022712650162894275	-0.06254971892258053	-0.6894892399389233	-0.6674869977584832

drug_111.txt	0.0430475375372316	-1.1520856010367955	-0.03865777680996155	-0.0738828004440627	-0.019074209341093613	-0.04846106788005275	-0.4600258716324918	-0.6662778937942486

drug_112.txt	-3.78344048553858e-05	-1.0092298309045362	-0.05830738174466221	-0.12188844259771506	-0.04647014805143996	-0.09559514188811268	-2.131847079002632	-2.551606211760223

drug_113.txt	-1.84899725242069	-1.0920421628712402	-0.05564759653229312	-0.11062743282017745	-0.03687364641912613	-0.0710037063438694	-0.620213031606784	-0.5430383646946984

drug_114.txt	-0.0378644278480239	-1.1414951077642503	-0.027296807611162738	-0.06091285624618714	-0.027826571189681775	-0.09034670595078972	-1.6547754039372367	-2.6964654856567982

drug_115.txt	-0.00533566996444124	-1.005161923315302	-0.052256842101232576	-0.1092738871093985	-0.035747891354033806	-0.10059466157047577	-1.2979290413168334	-1.7945612812095921

drug_116.txt	0.0452442424798176	-0.9593195377892054	-0.03219488657872682	-0.05947319794026107	-0.030107522286390985	-0.11399132504874408	-3.573240872267002	-5.641769071658401

drug_117.txt	0.0399426710274723	-1.0832688620748736	-0.05113481245554545	-0.11014191855983899	-0.026420816569328227	-0.04572668605275341	-1.5330006590716505	-2.915077405693806

drug_118.txt	0.103347563688481	-1.1736659329445285	-0.03164150110622513	-0.061005716276141486	0.006126576747550238	-0.031089196552206468	-1.2801914173315376	-1.7165903828831608

drug_119.txt	-1.87904218502179	-1.0565958742047878	-0.0396038539363614	-0.09132318476097634	-0.023987551417742586	-0.013636049651217333	-1.99674762468121	-2.310774466425146

drug_12.txt	-1.879828556485	-0.993712232138953	-0.01677789737859514	-0.03900720354563986	-0.013674464724575574	-0.08930183784521774	-2.5963247544855763	-4.035565408721427

drug_120.txt	0.0448852571482911	-1.0592462735931445	-0.04694430860511993	-0.09457483181230042	-0.008374817584493807	-0.04591474195732285	-0.9443207263706439	-2.9144601693056993

drug_121.txt	0.0668023814618207	-1.2359457656386597	-0.029091323170312766	-0.05756129562525947	-0.006394554607106411	-0.0710014778658763	-2.282189100346729	-2.322437362261433

drug_122.txt	-1.92272713378911	0.8743792651624304	-0.020602475220428865	-0.04226675630582882	0.011607521941975302	0.05649462769458514	1.1319514661274015	2.9023524137129684

drug_123.txt	-1.90470416823744	-1.0392918021299484	-0.0361694933948533	-0.07787912666925254	-0.0008118570661246776	0.03629619748966955	0.21253627964287322	0.6545518098474631

drug_124.txt	0.00572019521737799	0.930754708795556	-0.010203132800432002	-0.019111198608740332	0.029226276146790874	0.031341537797754414	0.7905482575537389	0.9726722000075649

drug_125.txt	0.0254738979965426	-1.0825893957970574	-0.05160486048286432	-0.10691725572430263	-0.02018645698502439	-0.01999858723494785	0.4946496481539853	1.0099715704112273

drug_126.txt	0.0307659599036819	1.0360965798677242	-0.027600895011812607	-0.05879998904248507	-0.00264596074808856	5.0416390115364674e-05	1.0383571513367693	1.8396867061440094

drug_127.txt	0.0400021056850098	0.9575947973829453	-0.030961118931273388	-0.06783996899165168	0.00030189114436542184	0.017604288181141944	1.1431556841859647	2.430806010993315

drug_128.txt	0.0690490115167384	-1.3077627387211281	-0.03924656110268293	-0.065437796695478	-0.009121860251442074	-0.033245168829984705	-0.7650962203673608	-1.449230498786686

drug_129.txt	0.0517345070829131	1.2252656906409074	-0.04070841784890966	-0.0767926118774106	0.0075760379080362945	0.009475479095045132	0.6630977186296222	1.0554618518419974

drug_13.txt	-1.82570803658458	-1.150408110770968	-0.014879025584739691	-0.02031922782178064	-0.0179761418915902	-0.06688956849968801	-2.056946246771163	-3.359528556087449

drug_130.txt	0.0671613667933474	-1.1354788156882032	-0.019940127714473788	-0.03474715378611598	0.02598722647097596	0.041822387286891555	1.6160068445204947	2.7189461514228537

drug_131.txt	-1.92533274917556	1.1977196757772082	-0.019535525368715057	-0.029516684586258446	0.004550735523104492	0.03549272960967138	0.38765079845916417	0.9718764632590782

drug_132.txt	0.0571763443270469	1.1576404371839575	-0.01127460538083841	-0.022853172023133195	0.02358426764439519	0.024313607317021303	1.4749266219917063	2.3551872163350835

drug_133.txt	-1.88978606919553	1.0541266737207478	-0.01796205147758423	-0.03832957857267416	0.021585730563320332	0.03264942881599252	1.0446838298203314	2.9443342346506327

drug_134.txt	0.0682002846071028	1.141447992670256	-0.006039344184301021	-0.00836487242627243	0.026958934783852896	0.024224043439807334	-0.12256071851090743	-0.01629787406839175

drug_135.txt	0.0154555921220211	1.2004200761542272	-0.025860679482766824	-0.053188218649418195	-0.001064478525647242	0.021684060660626767	0.9699815378065604	1.277578190981323

drug_136.txt	-1.90951939437782	-1.3400669250367585	-0.043809345925002935	-0.0790326808155501	-0.009348651997217728	0.003635499700243034	0.1423164935750748	0.575386101882403

drug_137.txt	-1.9320631297951	1.0055398629108803	-0.021364079874098052	-0.04062510462206198	0.01361365563366909	0.002534734443468694	0.3518869507906813	0.991983970670731

drug_138.txt	0.0869222017314164	1.1992643794887459	-0.03947052820452557	-0.08639724882819377	0.003224674272618624	-0.00926093651333048	-0.26722489899010576	-0.2656456303855851

drug_139.txt	0.0498872779266474	-1.1424251811375379	-0.05525375100366178	-0.12162054464053876	-0.025003005439365004	-0.04551378880448835	-0.1235738876630793	0.08098878059290514

drug_14.txt	-1.8437180963249	-1.0910588475905953	-0.019424838741041145	-0.04268689348004273	-0.03331121301921757	-0.040047675972025645	-0.21697580265511723	-0.2155441598274614

drug_140.txt	0.0286857468898692	1.1218545655581758	-0.0033136233352211164	-0.004877837238016436	0.026703062052377064	0.021901106576183552	-0.12129988578820466	-1.157047215390578

drug_141.txt	0.0639661596041312	1.1705897406241603	0.0017347670651204905	0.0030471260238998377	0.025203089271739303	-0.01565686056131239	-0.01724229684423394	0.23425634647275945

drug_142.txt	0.017599451163391	1.0319481390054528	0.013519817881185725	0.0	-0.02905960408981702	0.025458908662916464	0.15806462177065125	-0.06847812399866506

drug_143.txt	0.0509993513131664	1.1079163029980919	-0.004680159674171208	0.0	-0.029172788303885734	0.07138280799752336	0.9231301400424917	1.5467253391339744

drug_144.txt	0.0327766853121678	-1.1572801600594165	0.012669538760476717	0.0	-0.02563811267414474	-0.0025100112931126894	-0.7457088704494378	-0.6649365458290379

drug_145.txt	0.0149534202098214	1.0846979395179133	0.031043416799223678	0.0	-0.014996891092427722	0.04023219763601852	0.26702635877240744	0.16168416573796177

drug_146.txt	0.0236903148678344	1.1971692331392625	0.011808685844266559	0.0	-0.02096552229060613	0.005529897512550851	-0.7458848957970878	-0.8591799151879824

drug_147.txt	-0.0010226157362595	0.9487501797863929	0.03654568918386811	0.0	0.0027442676668049315	0.06067922844133385	1.098795249771781	2.2724115847548116

drug_148.txt	-1.9563895653119	0.9395711500045141	0.04254162576431661	0.0	0.013606193809676401	0.0733475845201688	1.397182775715052	1.927813678530245

drug_149.txt	-0.00881093325997395	-1.2166352070272568	0.014142800873515243	0.0	-0.012645085210461423	0.0066223739423828315	0.49725523266047983	1.3390747901052802

drug_15.txt	-1.8497237137491	1.0348507311372814	0.001135292138599392	0.004564722128050425	0.007012433290169786	-0.030805104544335354	-0.19120855728806344	-0.18553229520194403

drug_150.txt	-1.95224578098838	1.1221739958867134	0.008797682471080787	0.0	-0.023209689012549665	0.03566411982268777	0.18721114445131262	0.9846422303554782

drug_151.txt	0.0502005495158623	-1.2240414185616961	0.009842356787503254	0.0	-0.028088119981768928	0.050143109254499364	1.4997687108804132	3.809349297652877

drug_152.txt	0.0569937610590916	1.021106016098714	0.029807957511700484	0.0	0.02013898361225569	0.03719882035664046	-0.3860931788130979	-1.0696293498029352

drug_153.txt	-0.0301788813378572	1.0542380816532266	0.02728604407016491	0.0	-0.021054344102887076	0.01348156733350963	0.4745663840709341	1.7636339752073837

drug_154.txt	-1.89877598568134	-1.2571025942631953	0.004889524348851121	0.0	-0.032431659096859654	0.0018276150587683932	-0.5262605257017475	-0.9022715246771649

drug_155.txt	0.00302131836259223	1.173854046729068	0.008555830676405696	0.0	-0.027445207536826662	-0.0072465773648969275	0.3348247729068335	1.1626261498232802

drug_156.txt	-0.0404201860474594	0.7464633431240474	0.06782171864553743	0.0	0.061851764137997686	0.16747400082801273	2.6010753920657597	5.446991457203554

drug_157.txt	-1.95159675452807	0.955357035941806	0.026938143548543098	0.0	-0.005301818377684584	0.05694687168641717	0.7463474740362612	1.1226299153774895

drug_158.txt	0.0269853722817135	0.8777344623318161	0.02752267885403785	0.0	-0.005216461835715929	0.050883462825639256	1.4945329801910079	3.8088716852250473

drug_159.txt	0.0103603098753231	1.0158221287701095	0.0011910230922828058	0.0	-0.02219440055505591	0.048921659525600056	1.1857558651236475	2.016854664763444

drug_16.txt	-1.83139949939037	1.049201452242447	-0.02401354711371395	-0.056841238629374735	-0.0237056204218544	-0.05168460464598341	-0.730443788556715	-1.6158896199132122

drug_160.txt	-0.00132216641024863	1.1984939143599929	0.01916755525185959	0.0	-0.013127659301130919	0.0247497162112719	0.4047395848257963	1.0486208233113041

drug_161.txt	0.0104102349876546	1.1871051403586395	0.01879585008009968	0.0	-0.01283530705867562	0.008119579406685638	0.24839018679154914	1.5262248463505668

drug_162.txt	0.0138051426261967	1.0375022280092678	0.027721284194552498	0.0	-0.024034364247737895	0.0016266381958153	-0.29102925705022453	-0.556168773056259

drug_163.txt	0.0103878196310976	0.9776610811035484	-0.007856074434959365	0.0	-0.03056869131509793	0.05207253085596125	1.058489538772653	2.51853528344548

drug_164.txt	0.0397662010385782	1.022985719321949	0.023889452286261617	0.0	0.0017218058791135648	0.037892536316226286	0.8995775391656399	1.6332318768728136

drug_165.txt	-1.89268172571075	1.0586843630256435	0.042424992775467144	0.0	-0.0014571577903221592	0.06552297117630995	1.374407961258049	3.6766656809814404

drug_166.txt	-0.017447977693324	1.0814070228043853	0.008094142327314757	0.0	-0.019437838110643153	0.02735841623182642	0.45779280588497767	0.5531772491922308

drug_167.txt	0.0782601607792394	-1.1941752536654349	0.011411322421640807	0.0	0.005487288104033306	0.020600328382371275	-0.26789011105971355	-0.0934545828939335

drug_168.txt	0.0134057417275447	-1.1834255251741403	0.0009594508982395111	0.0	-0.030712191739681875	-0.05223965816604321	-2.0920018994363097	-4.622693668664613

drug_169.txt	0.00571727442849335	1.163325798455748	0.030531007328880644	0.0	-0.0026889452403844934	-0.0029074292846272298	-0.18583159695926446	-0.3365097396173389

drug_17.txt	0.00938775510204082	0.8550752852714985	-0.0057643759921023885	-0.012807513469437759	0.012323504089508164	0.005537079655519576	0.7592484945739163	1.95279153576951

drug_170.txt	-0.0076127305640179	-1.2986775192938065	0.00788013132087187	0.0	-0.007575561217460624	0.013893114947981925	0.4537585505336024	1.1786112258763033

drug_171.txt	0.023926219514266	-0.9916298041597384	-0.0032554620987155503	-0.0036981123293976514	0.042871972353680336	-0.013524021242547868	-0.7616534920563445	-1.9335593426173319

drug_172.txt	0.060410268950316	1.1576420057004877	0.006841164286942619	0.01096282225251033	0.07292528234630484	0.03185807134319242	0.5805970943536799	0.9102008020649824

drug_173.txt	0.0934107682014393	0.9954430422937848	-0.0049017690677108094	-0.01936637761051646	0.05710638224880045	0.008733332460411913	0.38811951711744164	0.7134023118162127

drug_174.txt	-1.79659965833563	0.9359471286553467	-0.007845229026734069	-0.013500390890498537	0.040581366035110304	0.015997999896208502	0.6257598768641289	1.173194064824123

drug_175.txt	0.11721553723836	1.179638870497064	-0.0055356097636928	-0.011086137656079131	0.05687111991836124	0.02892500753230719	-0.24811591473823394	0.10746969410377068

drug_176.txt	0.0405899993547094	-1.2239410121134293	-0.005323182868103571	-0.008507800251432551	0.04077046693516728	-0.026557597471766715	-1.3698067405427312	-2.04308736718998

drug_177.txt	0.0735405734935012	-1.0882518661784037	-0.017926960047931595	-0.03836550966300789	0.0353000949020958	-0.03405300086670354	-1.9685139776406873	-3.584795610718017

drug_178.txt	0.0702954411919535	1.153859414241817	0.015689139450504208	0.0332232398907944	0.07292060902993612	0.02553477620696244	-0.8840770745405944	-0.6312262171127382

drug_179.txt	0.0777954157199575	1.0198530298676567	-0.003939778865758858	-0.01214230605341654	0.06264949936638528	0.013257473137215666	-0.13668572925664085	0.1429959933634885

drug_18.txt	-0.0701498772249788	1.083374863559986	-0.02103800472148365	-0.04055886787161972	0.007456172437600491	0.03190040110512854	1.3381733481249207	2.6128550418956222

drug_180.txt	0.236101833644092	1.0878825200151718	0.010343474155776439	0.016063862798768702	0.0856742461112902	0.04717141544012196	0.17638149195809777	-0.3277549411100195

drug_181.txt	0.0809294901185637	1.1150618929224292	0.0018826062657265885	0.004053388548244552	0.07501223625915601	0.04563690026817967	-0.28085048898204135	-0.6546835390365884

drug_182.txt	-1.8185412357654	1.0413149148405905	-0.00912877231938819	-0.014388417005083975	0.0627995171017184	0.017599756229584824	0.01634374884867142	-0.4494199338765158

drug_183.txt	0.0670003837780744	0.9265387228854609	-0.00868249860321646	-0.01985988746525541	0.0655687762631761	0.025718418526396166	0.7741901810604913	1.433792604634494

drug_184.txt	0.0811903233584996	1.189639159108856	-0.013097929335036729	-0.026760005206919346	0.05917018265040306	0.018180828325162064	-0.4693900107662015	-0.44982811140315554

drug_185.txt	0.0884715783467654	0.8813349287313379	-0.021899480003075414	-0.05021787836307018	0.06918664069115643	0.04875451684796316	0.9367250279389069	3.801404769939289

drug_186.txt	0.0868206533736809	1.0589517908480746	0.01177799910222449	0.015693639505572066	0.07838232011533194	0.043729413192645	-0.06588669698669167	0.16609198538878808

drug_187.txt	0.166903929819556	1.1145955055843761	-0.004751633144502276	-0.016920952006611922	0.0729637243423396	0.05339284012690472	0.8575934469447322	0.7610930934166074

drug_188.txt	0.0260617916662421	-1.044253671308565	-0.007773552951727186	-0.021449460650212915	0.038748001529606994	-0.035723274919527925	-2.0862073906084335	-5.428772787760402

drug_189.txt	-1.91604837641497	1.3720155586874774	-0.003775446477940231	-0.003270722375966595	0.05775976009537304	0.0625993640570896	1.1089883454845404	2.7049909346963616

drug_19.txt	0.00455615895884065	0.806305812079632	-0.016655839862060776	-0.04221835343319069	-0.020867483975397675	-0.015160668553300286	0.5628799384320644	1.0214984497569806

drug_190.txt	0.167699335350715	-1.0196001587221026	-0.0055997221213326676	-0.018153492256342718	0.046211378530243354	-0.0004914536420472616	-1.4067986720320285	-1.1799110604494485

drug_191.txt	-0.0177139053324775	0.8180207638445822	0.171342770699466	0.7637138285173398	0.06667726701575422	0.06043028812400115	1.1709738295337784	1.7967892774618504

drug_192.txt	0.0573648370980944	-1.203325232618059	0.0018391842879968423	0.00421965447483863	0.07406982777908429	0.019244674318662475	-0.6884699303676474	-0.9551219553918397

drug_193.txt	0.103848512944868	1.167797304431565	0.03330817888083823	0.06287067452195105	0.09244917201833246	0.03126304857466892	-1.314809053433927	-2.7003244367776493

drug_194.txt	0.051972924966292	1.1846718908678997	0.0006313542095662539	0.003694135751359795	0.053551679230134555	-0.0364134396432571	-2.609536889591171	-3.9495389218916124

drug_195.txt	0.088920904357749	0.8566301572340977	0.016538080585999343	0.038208611026726624	0.0999293299195631	0.09555046450951403	1.810617193992214	3.7688531592067704

drug_196.txt	0.0163996182596854	1.2153909073043883	0.001958468768005678	0.006836415366379911	0.051108199007220606	-0.025316291298263204	-2.362769820249465	-4.745787046098218

drug_197.txt	-1.89617818170703	1.1779305900786121	0.008802703900290698	0.01682521294722672	0.06481901853902206	0.010813291269996354	-0.555159384811878	-1.06482917837109

drug_198.txt	0.218578119215734	1.0327287640589415	-0.006414565161117186	-0.01905886933703127	0.06960092218745384	0.043543122904186216	0.5618544884416844	1.0281342209515956

drug_199.txt	0.0683683997812804	0.8794892062422344	0.020131209388959737	0.04049815830997461	0.07640903255027587	0.04136981613103004	0.33223351604491513	1.2824469554522109

drug_2.txt	-1.72730564017919	0.7210848305832551	-0.0025946467291344116	-0.006677095290903656	-0.017749819382512994	-0.031244616702026405	0.35913264533348616	0.3963755300592562

drug_20.txt	-1.81822096786793	0.7409527815486219	0.0026979613779018613	-0.0028760044071117763	0.018831966370181898	0.01660208441316446	0.801654228906637	2.2818417622921316

drug_200.txt	0.0429476873125686	-1.3988753428560528	-0.006800806339520515	-0.00621341187173724	0.040189820497615186	0.001267434423896973	0.7274779661294483	0.7667697810936058

drug_201.txt	-1.93306788117144	-1.0505093690963248	-0.03912430487884455	-0.0780074315126908	-0.034285117988834435	-0.04770138552246339	-0.6729182955834012	-0.6074988134189787

drug_202.txt	-1.93217588583112	1.0883673285815723	-0.02235580222972855	-0.050420233348524246	-0.020739910954394244	-0.016499856135009726	-0.8403777585832825	-1.5387423619360319

drug_203.txt	-1.92443749341973	-1.0065907112953616	-0.05226820636284191	-0.10563337603840217	-0.04097985769143792	-0.06634031501313291	-1.7722477618172365	-2.205331458840777

drug_204.txt	0.0269097034720028	-1.1199628788098879	-0.011645593106252794	-0.02381411054263649	-0.01528213599772003	-0.04749576435297632	-0.9238833647859245	-2.0599372098177455

drug_205.txt	-0.0560999996603734	-1.0948047397158511	-0.048349021594374625	-0.09948471174398699	-0.040069936999724706	-0.04289295277164119	-0.1430942799949239	0.038586032520701065

drug_206.txt	-0.00359454016254535	-1.0956599186246603	-0.03481562311442887	-0.07019762686177228	-0.03711356708990149	-0.050126433103184896	-1.91222475571366	-3.3074836361348825

drug_207.txt	-0.0109610414310506	-1.0491082316787763	-0.04100061495537877	-0.09228531666899159	-0.037662226740396404	-0.07079720562441388	-1.9061129918987405	-3.069673288163527

drug_208.txt	-0.0457089196137767	1.2674857189674766	-0.023124332852703433	-0.04877724807685557	-0.011760907790652479	0.03945017893414378	-0.14503260562544262	-0.4392647405232145

drug_209.txt	-0.0141063235079354	-0.8234674295088269	-0.03574682275860036	-0.09438270236582083	-0.04903144227208646	-0.08866365763343073	-2.1200206318081896	-3.413616624360501

drug_21.txt	-1.90598931534671	0.7382111748075203	0.0008804366960351862	0.006464603774236466	-0.008136047724856047	-0.006795252527661881	0.536109757944679	1.6723187359832155

drug_210.txt	-0.0330279410815749	-1.175309208719208	-0.03894670230576841	-0.07809013838842144	-0.03454900358252444	-0.021544246747572406	-0.35913469213985416	-0.8053507078457952

drug_211.txt	0.00165214762889676	1.0669458531877467	-0.006564739759471305	-0.011062729186709308	0.017348195728532256	-0.001824263765410765	-0.4988128523065461	-0.6095589589457029

drug_212.txt	-0.00817189182213085	-1.0809101913203136	-0.023406091073672863	-0.047679249649256183	-0.006102187098085683	-0.015757527006972073	-0.5722645456294544	-0.6308716923001

drug_213.txt	-1.95299465767335	-1.2664458100303126	-0.03706139840124004	-0.0652362975637184	-0.02841720934557815	-0.007371252377103633	0.30912507214992446	0.4906757765050948

drug_214.txt	0.0292561837515836	-1.2519194736785138	-0.008434733069198008	-0.014774511765318243	-0.002365696052833404	-0.02363382222763493	-0.11130737709951163	0.09230677313142327

drug_215.txt	-1.91184970843055	0.9332930700424167	-0.0005019799850719125	-0.002700175988097353	0.008907621986657125	0.015533907991833802	-1.0443706684460237	-1.4797167245019525

drug_216.txt	-0.045359443827456	-1.1363045419097646	-0.04544819038173409	-0.08657397051549265	-0.03143489078282101	-0.0014802999458020671	0.31581608216699486	0.7645552718608921

drug_217.txt	-0.0240414208619044	1.2811646154788323	-0.010314006456406205	-0.017368493740914204	0.002014920899513025	0.04701425171205042	1.3333203702263359	2.5934142181721263

drug_218.txt	-1.9133474618005	1.3758625208187636	-0.023840439600182894	-0.039951116195606595	-0.01687914238288188	-0.0025749638472860547	-0.5736707016042868	-0.4229319484437378

drug_219.txt	-1.93052170044253	-1.0537304092232014	-0.05083353685451519	-0.09827782833505466	-0.034406188727741885	-0.007852872797019	-2.0357454264111707	-2.738611938210233

drug_22.txt	-0.0770531277913062	0.6608608063175205	-0.013023386621977481	-0.04770940113708838	0.010680697773431025	-0.008289649226941094	0.8166388983269405	1.5528252907345033

drug_220.txt	-1.90166498551493	-1.2297497151482684	-0.023761167510282816	-0.04099136486834243	-0.04512171028379085	-0.039608651737510985	-0.04633355575295866	0.2316961085401155

drug_221.txt	-1.80985936061894	1.3424949150528978	-0.012770784718386663	-0.02721080944361909	-0.02992762689459604	-0.057302441611790586	-2.0880884056606477	-3.535415532307775

drug_222.txt	-1.94460723880166	-1.2468632954587464	-0.027307268198436707	-0.05934963581083291	-0.022632728677518844	0.05242406785494569	0.7083075776865357	1.149491203047691

drug_223.txt	-1.94070642335816	1.3091658181387191	0.002727203806912437	0.005210239886659973	-0.0041056030642667544	0.017602007924200514	0.10148884695210064	0.8241357320462459

drug_224.txt	-1.87329753668817	1.378551344093118	-0.024368893255495322	-0.048583009078934036	-0.012244541831465887	-0.020238473454662485	-0.9342176901380775	-1.6415910031737126

drug_225.txt	-1.9552912128406	1.2503368273021693	-0.008754671505083605	-0.0188156219302944	-0.016700328039313022	0.023521947901295286	-0.563778486427627	-0.9305744359490997

drug_226.txt	-1.89112745847216	0.9153865674740796	-0.012236405127804106	-0.030819334490196637	0.0046924382015840595	0.06408531493092608	2.533053876037219	3.968875169678146

drug_227.txt	-1.88672739190534	1.4501052094356757	-0.01247849892190761	-0.027908322760711757	-0.022102970637882826	0.006590619335925118	-0.23117040481736348	-0.46466607804635446

drug_228.txt	-1.96472705907126	1.371792081653501	-0.03157124525759342	-0.055191206076447286	-0.02784843254711081	-0.004568507650053073	-0.6972916658138307	-0.43799423511250357

drug_229.txt	-1.90405806256601	1.211466888524999	-0.013327801260001992	-0.0362597928423708	-0.01986486353413275	-0.003972660998307183	-1.3848610013795475	-2.379124444968062

drug_23.txt	-0.0931523123478049	0.744459720075099	0.018603610868511145	0.05456258183092316	0.026156193598461153	0.021544985384973646	0.6080120188469931	1.6834844462762124

drug_230.txt	-1.90595854517543	1.2946887700059029	0.0008485693820051154	0.0043455414991428465	-0.011057355744489697	0.011272229856090004	-0.7868312571894074	-1.9287120434026996

drug_231.txt	0.0308804140727683	0.8298417930608504	0.22250101309691608	0.747302202826527	0.06532361765497137	0.09896152259923312	3.227715395668139	5.727734352417126

drug_232.txt	0.0414911646136238	-1.2706069517813814	0.30083579509932634	0.79119326959483	0.06481957265154933	0.0018115899458145018	0.2475407621488192	-0.047603163817870046

drug_233.txt	0.091266501608132	-1.275103843080247	0.26712314741925414	0.7771962291402719	0.06831125774208226	-0.007319680490435511	-1.5661425477826947	-2.9619865731390194

drug_234.txt	-1.89300708800744	1.2859465227205074	0.29378845679980586	0.7794890319649035	0.07003366886119222	0.014493381443294812	-0.20475841544438214	-0.001223975821776989

drug_235.txt	-1.91826919484719	1.1589262395768078	0.276634948012096	0.7635118176249076	0.08241001998965483	0.08395926304641337	1.6867219577293548	3.660213896471236

drug_236.txt	0.0560925958001771	1.188297504155295	0.27371501683585747	0.7596570235479772	0.0629345274597264	0.028258281854976048	0.5489329998403492	1.2568917237689057

drug_237.txt	0.0535231166855159	1.2632218563262108	0.3269690041835833	0.8051588738218164	0.07280317124224368	-0.009255092965721213	-0.27546329462140223	-0.994559046685499

drug_238.txt	0.0787706195808328	0.9242063490335306	0.257118682079001	0.7850823188153435	0.10121512875938435	0.0866644933333681	0.10437075031827839	-0.16183827769631276

drug_239.txt	0.037547080739435	1.121749428420162	0.26096441352735045	0.7611570384758675	0.08955568442895773	0.07084504082734384	1.5342492109561452	4.585984931037954

drug_24.txt	-0.0697399479012772	-0.7417913363586405	-0.03822678952735799	-0.10524170191180499	-0.0627652349030715	-0.08614247405930167	-1.9850869688025774	-2.276411742903479

drug_240.txt	0.0854339579066774	1.069971430158651	0.2683027312068706	0.763921087590038	0.10020776081061347	0.0849515276364446	1.8799056831625613	3.3143844934793076

drug_241.txt	-0.0206273582823044	1.2545539120323257	0.029522667222586757	0.05457983865793048	0.064266906027015	0.00426277303773341	-0.4382498986830848	-1.2136950903816885

drug_242.txt	0.0186607843337036	1.1223962959358738	0.27224026340200547	0.7836744775400464	0.09046263395472538	0.0828879244586443	1.8477135126062805	2.6306099680765644

drug_243.txt	-1.88482106771815	-0.8020305316758671	0.153898980811071	0.7331295924831894	0.06944306633901728	0.0003770389202527252	-1.4159253816270474	-2.243315695068406

drug_244.txt	-0.0978198688362014	-0.9722633645556843	-0.005648970525851768	-0.012768407644781932	0.021739495405552308	-0.0039693724933464935	0.014163900066725887	-0.1296366856974331

drug_245.txt	0.130362958962916	-0.8316278433449895	-0.0031444499468976372	0.0	0.028226643797448686	-0.015940652446132124	-1.2823241895670185	-1.3891039633832092

drug_246.txt	0.0160775843038165	-0.9283028712459838	0.014893511399145618	0.0	0.04129694433901376	-0.012515281559995123	-0.5569196382883786	-0.24566608896958755

drug_247.txt	0.0504510581067174	-0.9806369585058823	0.22586116243334917	0.8051577798344298	0.10008213602847275	0.049305162433172775	0.20925729584129882	0.7854384593285992

drug_248.txt	0.0667266447267872	-0.7478375526428915	-0.16956086399090303	-0.758968788950515	0.0035394794852853864	-0.04466279039899565	-1.869624574775977	-1.7684055638610625

drug_249.txt	0.0495291076989958	-0.8105081544997094	0.009276338930138003	0.0	0.0417650762304853	-0.03873671806562357	-2.306175624173602	-4.182192992320096

drug_25.txt	0.0534594706579585	1.0523441449931994	-0.010761471602252798	-0.0191574351331828	0.024727348903679384	-0.004523453074158703	-0.4946967247004499	-0.04828902802542606

drug_250.txt	0.0482044280517998	-0.7653648803048504	-0.020060000166362155	-0.05617191665157778	0.04160650559173706	-0.031691430539472897	-2.306429428163237	-3.747398587645725

drug_251.txt	0.0522483621506514	-0.8316747685191791	0.004666001721515781	0.009325835216766776	0.07269063922788511	-0.0069829316493384055	-1.7148880601597327	-2.1906170744670153

drug_252.txt	0.0298586134403835	-0.9252620086080212	0.016002059245698794	0.04399684337177248	0.04799524081569889	-0.008529541482228153	-1.3759819553550594	-1.9228038162099286

drug_253.txt	0.0201465149214952	-0.7531879052522032	-0.016080648043094586	-0.043847977493616686	0.03634797085179781	-0.0460317911477777	-2.4033047735618114	-3.8002340152688827

drug_254.txt	0.0497521065340764	-0.7391445687085573	-0.026745812302084157	0.0	0.037392046613557404	-0.018104001698688553	-1.4755529447403217	-1.7184344948640111

drug_255.txt	0.0637078396011425	-0.925131228402501	0.011849939630138029	0.026530698900049277	0.07270067910356137	0.004398139787605726	1.3509269986040782	3.0012790587044718

drug_256.txt	0.0576169758966991	-0.8763141734593487	0.19913700884484514	0.7195780326393764	0.03778477806838475	-0.06417920452777304	-1.6862655199092855	-2.3165409098720335

drug_257.txt	0.0920653034054361	-0.9299077707951053	0.018518924295449893	0.0	0.03876301692729088	-0.058118297771613134	-2.1774806269777267	-3.256183364940776

drug_258.txt	-1.85296884605065	-0.8391730551835015	-0.044331175071208345	-0.10043395515942688	-0.007569704756894975	-0.08600104510433128	-1.7179398484544566	-1.9110107419445361

drug_259.txt	0.0669512737696177	-0.9270752552598152	0.2145594667707047	0.7416460961466746	0.07399366689609413	0.0005519276823800903	-0.03611589836378299	-0.4111876528311199

drug_26.txt	0.0761978121253494	1.0554725745492426	-0.019449218010696573	-0.030262043905599723	0.016001722622042434	-0.033968108528069994	-0.5620079989192862	-1.5039718656940542

drug_260.txt	-1.88251330487262	1.0155189734625663	0.03328872412259437	0.08691502167770226	0.014874683182190023	0.06027189302159584	-0.04915610173446372	0.13592501123432849

drug_261.txt	-1.93482816591439	-1.105255565832478	-0.0058038605465702275	-0.01660105830896591	-0.007550877906968007	-0.007737283480596885	-1.4972838879496322	-2.530483892383976

drug_262.txt	-0.0451293807587938	-0.6696800890814507	-0.14671963637920069	-0.6735006694452886	-0.028985632782922165	-0.0372795056809503	-1.5573392335938236	-2.3265179069676245

drug_263.txt	-0.086467373769278	0.9647751580525947	0.019190737922270218	0.0330572826585821	0.007592429609786403	0.10938410420465379	1.5881886991726808	2.4735174216276676

drug_264.txt	-1.918352878845	0.8709273491359222	0.035103175562521266	0.09792101329310754	0.0253814625241282	0.05880331608537447	0.3356803379686675	0.6865635092064205

drug_265.txt	-0.0879850971841558	1.225939990284271	0.013779836409839152	0.026404377268409995	-0.019380186879991615	0.02315042583653707	1.293628701137615	1.6374219305435587

drug_266.txt	-1.90372482093187	-0.8150957260038345	-0.003000333041464076	-0.010483129194380492	-0.00187777237353467	0.011659533923594801	-0.6340064597208975	-0.5248532552450496

drug_267.txt	-1.88604800282569	1.014232608432104	0.024525539509002187	0.053590747334094746	0.021854965705670304	0.0899781874806896	0.23575525108173717	0.4385392928760019

drug_268.txt	-1.94287276568141	1.061170122815621	0.002370996100220041	0.012647752961402803	-0.021615568643429662	0.06427255543415093	0.36356602792662607	0.6963743059783636

drug_269.txt	-1.94237351455809	-1.1294483204962997	0.00990820983248214	0.029761501098251097	-0.008210262223572844	0.0782427439212685	1.1859277968585615	2.3486276464837976

drug_27.txt	0.0449222764492715	1.1295819344481524	0.002508001095736123	0.011948026842716286	0.03391624976242538	0.002888563794663405	-0.8142339008445123	-1.2435442176385458

drug_270.txt	-1.88436053402889	1.2220190247489655	0.013479955305389507	0.03054322406863008	-0.008841364465034186	0.09310472868611394	1.5153776562429642	2.945367632043199

drug_271.txt	-0.0652957977998987	0.89122088231787	0.018043169022708805	0.044645035229352814	-0.006007534890654716	0.04141891500811286	-0.1985647793747416	-0.16350828947744606

drug_272.txt	-1.95390621550667	1.0589644008223893	0.030772660649427963	0.0665446031815844	0.0037639536163177104	0.08282101869576548	0.46289754096682945	0.6829910781429053

drug_273.txt	-1.92964261091356	0.8532284461292049	0.022741144436614832	0.05902341997055249	0.004863285779044661	0.025836541964073433	-0.03230065129378631	0.1716677230439836

drug_274.txt	-1.93158969029449	0.8975472725350184	0.015068847932507526	0.03578359481386606	-0.003934709553488556	0.040384053131695345	0.25601454051243844	0.6257390510638101

drug_275.txt	-1.95350681460802	0.7513630076649312	0.0440202340044598	0.11931554988464099	0.034990689544527	0.1091112408973567	1.8413622724463021	4.490899398854166

drug_276.txt	-1.93822973023458	0.8341624301259047	0.013195377722003188	0.039062704428776185	0.012375474390179744	0.03713077030352658	0.31610058825215015	0.7738255425233018

drug_277.txt	-1.94086910450651	0.8488825070801782	0.019632652434035766	0.06247228235000013	0.0016276483238591493	0.05411920261883638	0.47339151721568834	1.3968717250204639

drug_278.txt	-0.0512202444632371	0.8437865331703974	0.02761467914525023	0.07350686077204627	0.03616056711207804	0.0610791956300388	0.7784475383059811	1.0068266633268477

drug_279.txt	-1.95615284556159	0.8498954409163744	0.0038019434680368197	0.004900948104108349	-0.0013281471802816282	0.05575615220961329	1.873789825734906	6.217776589446144

drug_28.txt	0.052777160789428	1.0653007625121735	0.003546331737720343	0.003514572704181984	0.03052801670235218	-0.014370138856150301	-0.7103093543144632	-0.9725374086774603

drug_280.txt	-0.0428827507038761	0.8037593712953351	0.0224592444364108	0.06131394228541598	0.024107229852741302	0.07182576244251099	1.0990244920849999	1.6055420446227653

drug_281.txt	-1.96553876667991	0.8097846592756736	0.047981709563899855	0.11999707385052899	0.06359485922471483	0.11197058624933674	2.391791487741677	4.464594571357239

drug_282.txt	-1.91351679963049	0.8189556764710084	0.03170508882478068	0.06836285027592581	0.020720716036063333	0.0877002704104323	2.108237167547476	4.206898086364472

drug_283.txt	-1.94187426343478	0.9052930131280303	0.009254135042982947	0.02606344304407865	-0.001652806763050717	0.06775768300388471	1.9114346884556028	5.594591874881812

drug_284.txt	-1.90771550157757	0.8960957279449925	0.010140654192544604	0.03287254576517851	0.008632097427474904	0.04322082090932997	0.6077172787299976	1.0296601043785678

drug_285.txt	-0.0500220417672811	-0.6993528450275245	-0.14049400401960524	-0.7191832261009572	0.022469865428113585	0.02659323704353394	-1.027423111718785	-1.1467646865893326

drug_286.txt	-1.92874395889159	-0.7890658518594591	-0.00915510900768969	-0.03740958129731414	0.02653082618998452	0.0332529704457007	-0.6935726186431311	-1.0106281308073608

drug_287.txt	-1.91490804609412	0.9480756480098385	0.013864139257214303	0.03448055164900232	0.02340423660633425	0.09911626243092878	1.5625360749622363	1.35442020376958

drug_288.txt	-1.93572348959554	0.9579789471673088	0.030821694978046016	0.06918145551511945	0.041938849307791064	0.11076535332648056	1.1359898150915126	2.160855503435719

drug_289.txt	-0.00375898736928615	0.8301783262306146	0.033147848495600346	0.09814124824030601	0.07789669657522928	0.10015266588228715	1.067198699868595	1.5357793913377258

drug_29.txt	0.0808184322156221	1.4116947121129204	0.004675792938234502	0.008163263396909926	0.03493846386896525	-0.028991642183642093	-1.5223347510878775	-3.2666188382503134

drug_290.txt	0.0200924463644669	-1.2449811771038193	-0.01714994165516942	-0.03388400901111022	-0.008833104000436326	0.05235529792265153	1.1674082928406806	1.8657866784232031

drug_291.txt	0.060661592645046	-1.2285265819585691	-0.027744158324437274	-0.05321923750062335	-0.002142087124663558	0.016227890926397176	0.8068551638877859	1.942300591004332

drug_292.txt	0.0312427956704399	-1.218731729669524	-0.008399697094851943	-0.02338330568253516	-0.011562980598823968	0.028399774219198936	1.136618184646496	2.5625304340282407

drug_293.txt	0.0517749226500385	-1.1832457873773996	-0.03063363308445234	-0.06584592867543768	-0.00027833822967280935	0.04027734068637439	1.464551360512193	3.8992660261467673

drug_294.txt	0.0641064253959197	0.9577738676160761	0.006185703605819021	0.01610870830775729	0.04420456437279942	0.07327156904038702	1.2247536668536083	1.903520303322742

drug_295.txt	0.0431249724053375	-1.2229184169983192	-0.02081407085176834	-0.03925245939764088	-0.01493686511085171	0.034528129544771864	1.2793849756225362	2.0589782019064677

drug_296.txt	0.0907182084016832	1.2528456465917623	-0.005881798440336206	-0.013059933132681945	0.015559703394341642	0.05679035574535791	1.9752970939443186	2.966100530382109

drug_297.txt	0.0424389266440475	1.196949688955249	0.003874690286068627	0.01326542399635633	0.014919909468536545	0.07809505985824741	1.019547000814629	2.355076255876095

drug_298.txt	0.0586645881517859	-1.239690282107901	-0.0038434493215180887	-0.008513493557662954	0.010723027935843158	0.07607173657763618	1.3955084881060082	3.03974920081792

drug_299.txt	0.0719446680319655	-1.02874033733339	-0.17828742025254635	-0.7688814930809853	0.0040236706700919	0.004269138315079607	0.10430934612723768	1.1782395615148453

drug_3.txt	-1.84407049290011	-0.7724040914691661	-0.009435975958002343	-0.0324970225527568	-0.014535429187254784	-0.03142480227009689	0.31794271398337176	0.8790699668449728

drug_30.txt	0.0925508336135251	-1.1683449706061566	-0.02028411812256936	-0.03451872197315392	0.015430612051439996	-0.05010316636242082	-1.1554508500386846	-1.3497746373893547

drug_300.txt	-1.86062980359393	-0.7880574830964495	-0.15330051876607226	-0.7279865128713612	-0.009591634831544316	-0.023099177359013987	-0.9105852638128727	-2.0185708772355935

drug_301.txt	0.0537203038978947	1.1959849393120159	-0.019260513644014293	-0.03815941098828868	0.005557845808637984	0.059493439900753224	1.9265114641624672	1.9240998161677672

drug_302.txt	0.0572021559497489	0.9248788096672421	-0.0006331471077475337	5.3969986342938814e-05	0.010144255779911873	0.04464017046983974	1.2853943991190546	3.6445460568233687

drug_303.txt	-0.0337800781820466	-1.190444147906062	-0.028667498065255148	-0.056828980386804895	-0.0313124791625834	-0.03678621614867308	-0.3129321319944491	-1.374333016430253

drug_304.txt	0.0658038792151907	-1.1364040722915534	-0.006624628176354244	-0.011288790060506315	0.016407676611374777	0.03590650993398516	1.5937662465255462	2.409272069255228

drug_305.txt	0.0480288410921033	-0.988608913442555	-0.024280782340196427	-0.05997741908817858	0.007961972408226527	-0.0026329788147274997	-0.15326690764400305	0.3102222526364795

drug_306.txt	0.0458708535835701	-1.1522900877344164	-0.02711378619068458	-0.05992617999491162	-0.006530043115104724	0.023827422589245258	1.157790349717336	2.1693142027785535

drug_307.txt	-1.92065269442775	0.9953635324172165	-0.02731597379132615	-0.07383641694090376	0.01246131758683213	0.026116225595948984	-0.09516421527490657	0.47143588185380586

drug_308.txt	-1.88888741717356	1.1604332788814156	-0.02077483638934352	-0.04124343513457007	0.010069463584070208	0.08499408520543633	1.8718637809425953	3.793371795719259

drug_309.txt	-1.9005715915922	-1.1930909224738533	-0.043170102937809096	-0.08733500260505123	-0.038479793768796164	-0.018086229700206204	-0.1148913350499216	-0.0459808699572779

drug_31.txt	-0.0600286644862638	-1.0597460031023096	-0.015219851902193632	-0.0335733774890819	0.011696231196334499	-0.027075955191531838	-0.5211557906198958	-0.0483653879172693

drug_310.txt	0.0589125155803709	1.1429008424911857	-0.012266556661756328	-0.0322708852082344	0.0012183261241985911	0.0660647807615971	1.6404293381037567	2.5604928212657754

drug_311.txt	-1.86521462703903	-1.2496812274449662	-0.015547484734283079	-0.020928388772689877	-0.006019317389598903	0.04840650590131515	1.005368773103327	1.7694428453510054

drug_312.txt	0.0970940188356919	0.966783624217713	-0.011477831463265448	-0.02033798197735004	0.034360355824091915	0.09549475793209736	2.084791000601761	3.744184749192366

drug_313.txt	-1.86423731749315	1.2329938027465652	-0.018973544423984856	-0.03742423160222591	-0.015127229150150068	0.04456343960453693	1.0530000040936127	2.5227175309944503

drug_314.txt	0.080119480642981	-1.0766321500739826	-0.03560860428474294	-0.07378089642243879	-0.0017381723456195842	0.02118280385541524	0.03903259743821715	0.1941377512147896

drug_315.txt	0.0645058262945717	-1.209061951026813	0.017000050647326514	0.027894975959293133	0.020537754646885842	0.07381729566057216	1.2964246386363358	1.8771749057354572

drug_316.txt	0.0471689065041891	-0.986927426331008	-0.04678261061576297	-0.11175600262632152	-0.009333867399528671	0.003070273889013935	0.5745897176635296	1.761548741568647

drug_317.txt	0.00416300718989537	-1.0192941636222024	-0.0380692572037019	-0.09369368760984972	0.005346074132266263	0.019763489123023285	0.5411981185755865	1.7190339304887676

drug_318.txt	0.0781853070734034	-1.1493078524389757	-0.026296252065692943	-0.05836768636755851	0.008037505509247199	0.037426074604626464	1.2455778748418842	2.12732400644648

drug_319.txt	0.0608595949612996	1.2112989086812074	0.010451948355276103	0.01671474192635336	0.025227161096672904	0.0850065961162601	1.675544348153576	5.049064639761653

drug_32.txt	-1.82927975383863	-1.1011683120296913	-0.017355370583586938	-0.04013469466849007	0.006295912726018493	-0.025440289272387093	-0.6950770213236287	-0.6280741946870112

drug_320.txt	-0.0298085524774063	1.1832147863265337	-0.025011746636742077	-0.047810391427838606	-0.00018918273996715914	-0.014131535412395427	-0.145405124384423	-0.03153117432093442

drug_321.txt	-0.00958888198314778	0.995532727974538	-0.028046639439165175	-0.05964511627094066	-0.008288502614608327	-0.013940737885706553	0.04680636802397219	0.5540805400012565

drug_322.txt	0.0518489612519994	1.03577964294824	-0.016889030108048653	-0.04387532718764575	0.035731333094169655	0.04317265941194691	1.2965924767585137	2.2478629726684303

drug_323.txt	-0.0469827911194433	-1.160472611210421	-0.03839046527302989	-0.08542833961886542	-0.02673511723246296	-0.015709719835083024	0.20766488048697618	0.43954882750127094

drug_324.txt	0.0560925958001772	1.2936868261383445	-0.026242603782744817	-0.050372606441456746	0.014098109738975295	-0.02218281286902211	0.0170253353692234	0.23364749633552778

drug_325.txt	0.0496023311970818	1.1365885736981565	-0.03060383446965706	-0.06315418950823165	0.0003334212139724866	-0.03662415748058051	-0.7093330276769158	-0.6578205981765766

drug_326.txt	-0.00923940619682717	1.1629949664116253	-0.017641150675207135	-0.033671621735803514	0.000633596278756029	0.00036667587401085377	-0.04051039163593046	0.7377322703294207

drug_327.txt	0.0394675333937867	-1.2593638534199973	-0.02935860764392298	-0.056466914766226006	-0.00998331297019687	-0.0018467381578828718	0.9366329216523458	2.1069333278257107

drug_328.txt	0.0602363801236919	-1.2791683846495974	-0.03455956603151855	-0.07767622714348255	0.007418022424298387	0.022440100453582818	0.5130402033706807	2.1446040128832107

drug_329.txt	0.0618580972079297	1.0563816382549338	-0.010350673297103263	-0.025581546137040057	0.028737940606916222	0.021200601600719106	0.6874465271836354	2.2356434747920684

drug_33.txt	-0.0622236712957774	0.8057336426142094	-0.007804952824918582	-0.01856886886562903	0.019955589222555078	-0.022406154198743172	-0.09998649107797104	-0.05366091092321194

drug_330.txt	0.0580396751811059	1.2724164625395824	-0.010170109913019476	-0.017888661881578782	0.025215185721724917	0.0360428729943792	0.12318090084041869	0.4629990292960654

drug_331.txt	0.0540611531682069	-0.6221511084255003	-0.056378816955095085	-0.156231390797825	0.007875030206223115	-0.05208359646307871	-2.5379539304822685	-4.522716316286115

drug_332.txt	0.0232917969983799	1.0448334774969326	-0.014596859077536772	-0.034546433830929646	0.012624106032020084	0.011750883827922253	0.5956411211586562	0.6851160415224741

drug_333.txt	0.054295291756243	1.1225873278011074	-0.03040648412507327	-0.06637817345959196	0.0032258543108121193	-0.00825543194282377	0.22788323379031697	0.9387040383652062

drug_334.txt	0.0405159607527483	1.1048422575030137	-0.028289114414479843	-0.06152270356299899	-0.004670731242764304	0.004736825949060184	0.060683715199174725	0.5818282353418887

drug_335.txt	0.0565677334338628	-1.2727755586601317	-0.01883987333969625	-0.03885631728372674	0.019453873835835203	0.005110093546258659	0.8231804914791451	1.4271228821485626

drug_336.txt	-1.81319429019736	1.2159000605194803	-0.008267300233086305	-0.015301731768728621	0.014109984076704803	0.06422341544659897	1.6543414809872157	2.217440193067222

drug_337.txt	0.0413646876623839	1.0683646237953477	-0.01874877629322952	-0.042631686398069524	0.009759792445595893	0.0011354181987307296	0.2595186730144955	0.5552327988837

drug_338.txt	0.025188951266977	1.3074346517614392	-0.027552883454000643	-0.06137236610245733	0.013736604877277785	0.07724677340137362	2.4388025364024513	3.93380497165037

drug_339.txt	0.0404660356404168	1.153575070458718	-0.020119845148384857	-0.04433614086545312	0.004663350497933577	0.00012392411401454423	0.5430586655641203	1.6295417804560113

drug_34.txt	-1.84351173919393	0.8930803494984918	-0.015226121689223965	-0.035110397772526836	0.027837258517338374	0.002516764301800093	0.4197344882779399	0.6976851790794385

drug_340.txt	0.0643560509575772	-1.264428301755017	-0.02092278249347207	-0.05147764214605216	0.021680731339372185	0.03356436665095908	0.8765857632336266	1.2144172921365914

drug_341.txt	0.0365219517662281	1.1625423707798657	-0.009169739327032994	-0.028648562212337136	0.041506088430951056	0.07099185722962353	-0.0971230089691055	-0.20936280033213486

drug_342.txt	0.0378458163095492	0.8758590591580298	0.007057010828006263	0.007575186965724845	0.05047358619595832	0.07523854824980362	2.4828620902805354	2.831746528591328

drug_343.txt	0.0623091213519855	1.3731149167762289	-0.013950561830943092	-0.01791160735258751	0.025228032689045898	0.013848877221176467	0.5007777864198492	0.8538356381133531

drug_344.txt	0.112768805974711	1.192056128471485	-0.008613054728030506	-0.010302332882160259	0.047233409412393255	0.0789533656423882	2.1347126079178658	4.773026690494811

drug_345.txt	-0.000705540328962528	-1.0959051799666075	-0.01329370886061565	-0.03220077309062147	0.013667304341315547	-0.00590666655639156	-1.6407220314143842	-2.131975022537098

drug_346.txt	-0.00609412411994259	-1.265785444039185	-0.02530648997913626	-0.046802939295972235	0.012051976649044675	0.04258613125918603	0.7524101144983483	1.2059893668374

drug_347.txt	0.0716451173579765	1.2642346465554015	-0.017742717439804573	-0.036124728669148176	0.011846861732000906	-0.016183558618552276	-0.4270641018818338	0.002119420766138722

drug_348.txt	0.0205958409324787	1.1432291443809852	-0.002567947885812605	-0.009845129086226312	0.060784987817692974	0.10961278684863701	2.728405169414163	3.499318470844754

drug_349.txt	-1.96478988999494	0.9455593873363564	0.06363050589087706	0.0	0.07707065282089366	0.06984247325583483	-0.5279368601171592	-0.843489487576706

drug_35.txt	-0.0617643602623277	1.0947827790358293	-0.014315702550564857	-0.0200619317535648	0.01756874481738856	0.0012249666302656126	0.2399778126189706	0.6688942743199293

drug_350.txt	-0.115317432015242	-0.9158059682857345	-0.002840131617153352	0.0	0.0344358920867703	-0.0030270413016184093	-2.2262846780168903	-3.5017780180985003

drug_351.txt	-0.11142992993503	-1.0756485577447674	0.04795206394652422	0.0	0.026919728097487258	0.0009595490485538048	-2.573670701604287	-3.463656100403155

drug_352.txt	-0.00670368596764725	0.8659723080896253	0.07182725796983135	0.0	0.07488862735446263	0.03525597072335392	0.3553481003590098	0.4760433553212594

drug_353.txt	-0.00111207338651886	0.9526672269064045	0.061130733535804435	0.0	0.05647646947849937	0.012665009149553003	-0.25408440210739186	-0.34133270158026713

drug_354.txt	0.0389278667033464	-0.9024430697450845	0.014350108732188449	0.0	0.04346957847734906	-0.019217656200683372	-2.894959943999378	-4.178158226223705

drug_355.txt	-0.0839178646995492	1.1948270747407959	0.03954898447417235	0.0	0.03511686948163842	-0.00889293073129908	-0.5303172959231711	0.29404024823895336

drug_356.txt	-0.0457451238108822	0.8000401293157164	0.05510414534195324	0.0	0.09309519719196638	0.1322987172876459	3.478129873957664	7.422606778788804

drug_357.txt	0.00587744233989151	1.273574489249637	0.0484617743573669	0.0	0.04416046496921758	0.003987184681302074	-0.35378434029383954	-0.2157543807669405

drug_358.txt	-0.102193784153702	1.2092550525129826	0.04444983653268124	0.0	0.05837793835646088	0.04994293319260987	0.14628934473540933	0.2058931899577894

drug_359.txt	-0.0891100763820255	0.9560363123975771	0.06251783326224626	0.0	0.07340038750795759	0.03973516190040651	0.975671659509667	2.3491733982189493

drug_36.txt	-1.85499118668935	1.0344101642217194	-0.001007535679171112	-0.000961468039190394	0.03149691035396321	-0.007922007342995684	0.6103863142339009	1.1965365383389368

drug_360.txt	-0.0006627473755354	-1.2140666975177126	0.015626814748728804	0.0	0.05809809853573681	0.005993700604742713	-1.0497885649021832	-1.48740860538211

drug_361.txt	-1.81899395804253	1.270128424972449	0.06605487489019604	0.0	0.06614500026767288	0.022814472943565565	0.3379277313607578	1.4676059196551154

drug_362.txt	-0.0233786734863691	1.2305877003575354	0.05615503436054174	0.0	0.07736726574294998	0.025141079811651514	-1.7435351620865962	-3.513496299098625

drug_363.txt	-1.9295427606889	1.0853692433700164	0.03858437120378816	0.0	0.0432845055059184	0.0047084232626083385	0.4741488355718572	2.0447472843957257

drug_364.txt	-1.97612289049419	0.9142520304155026	0.05550043375030797	0.0	0.07073852124175138	0.07809557369308706	0.9028810846436306	2.0420245055756614

drug_365.txt	-1.97417581111326	1.2272271443331773	0.047526623514992844	0.0	0.07223202923242841	0.07271047235700832	1.425815549997339	2.9295292411931597

drug_366.txt	-0.0176206438641359	1.1368052060891727	0.06959097501003059	0.0	0.07017290356840014	0.04376188539155178	-0.3554156449691546	-0.2638967308890182

drug_367.txt	-1.83358669478775	1.0685563423791535	0.051693240699062726	0.0	0.056853851752591826	0.06401295744166827	1.225154840901741	1.963018094133319

drug_368.txt	-0.0184693707737713	1.2020801800963103	0.056612017381642066	0.0	0.06425790448212951	0.02954179861103312	-0.0635328696634641	-0.07578656946259088

drug_369.txt	-0.0699421615875507	1.122476902938304	0.07221202793780349	0.0	0.05627072212653621	0.05420895122755913	0.23888481801844583	1.4142044171403743

drug_37.txt	0.024968873220781	0.9032344502353307	-0.005856777563808813	-0.01673080765156182	0.031111833845359926	0.0016109215857445778	0.37660213768457074	0.9962561570790449

drug_370.txt	-0.0825232898950894	1.0956232423716075	0.053804516548435044	0.0	0.04386778771203558	0.035518734024831744	0.15976551786247917	0.7891948935442339

drug_371.txt	0.000984781331404228	1.3269459685508513	0.04217029176522044	0.0	0.06135764530717282	0.014112576598447264	-1.4571009853325856	-2.515065419518742

drug_372.txt	0.000335754871094607	1.2644836836432616	0.08422862512619106	0.0	0.07701262087999591	0.059085222161233485	1.2164559138376392	2.724252694782091

drug_373.txt	-0.0924018054550826	-0.7704115721110286	-0.01538049925119074	0.0	0.01231648410069435	-0.00900038436438071	-2.521346143612122	-3.433309426031033

drug_374.txt	-0.0251759775303032	0.8273302785487269	0.03388854765068898	0.0	0.058074783705459	0.05599894118736205	0.09593381446928358	0.2668710237016949

drug_375.txt	-0.100589523877449	0.8300484863288042	0.1778438491883118	0.6844963611198478	0.06394510541390423	0.07928903667113048	0.27043224456879933	0.4836757693449384

drug_376.txt	-1.9122686718222	1.1999459143970763	-0.00900569428645119	-0.017836617414764472	0.02183236112518731	-0.010358211649795841	-2.8463237310823923	-5.359314481455488

drug_377.txt	-1.88261315509729	0.7878254281537601	0.0314509007015491	0.0	0.04535298427640924	0.06415734240131578	0.6384664507968217	1.8634863096437866

drug_378.txt	-1.90193417356958	-0.6820163777277888	-0.006000974657301858	0.06897886014354504	0.041756038683106775	0.00797747216721712	-2.3199833799322915	-4.253628308573358

drug_379.txt	0.020876304590733	-0.85982615092899	-0.00397733929548047	-0.008626223688845636	0.018382503798123017	-0.047025624446550875	-1.7023288562855377	-2.2857149275676627

drug_38.txt	0.0922512829395362	0.813912661664644	-0.007122005974965706	-0.017356359489791306	0.03798351976654595	0.011887703056814159	0.18914537646909527	0.6448262240500141

drug_380.txt	0.117528333350315	1.2533449422546512	0.017539927891769502	0.04001095315246789	0.05162397413321076	0.051544395851454684	-0.02525554377504779	0.17637516417580443

drug_381.txt	0.0351086295726479	1.3523102990991926	0.01381801133726926	0.02566925424621702	0.05509404577281363	0.011887457023432718	-1.1182255826234326	-2.418922663624859

drug_382.txt	0.00313074605778407	-0.8619852106949544	-0.011560576769564374	-0.017418867442161867	-0.004588448956009024	-0.11777371667657437	-3.1729367168407134	-6.345971114494297

drug_383.txt	0.0148098940025337	-1.2409680207997207	0.012745410529132944	0.03131826307185487	0.04978441383061224	0.013265146319258597	0.18474474277784372	0.8278031556393067

drug_384.txt	0.0323291253595797	-1.0327149952083774	0.010465132719629178	0.020877581207403517	0.05241204462738232	-0.012641231873549756	-1.4825714437762758	-2.5322124380946947

drug_385.txt	-0.0559951229618157	0.9385424456191155	0.05147577229468758	0.1185315757415577	0.09204978569216092	0.07308722741783386	0.20050105819889227	0.24802933693795304

drug_386.txt	0.0230217938398525	-1.1092849224834747	0.0011457210200101348	0.005280835982079235	0.0380368917137934	0.01748895254300876	-0.7005276666816765	-0.6195885494558089

drug_387.txt	-0.0724483343012693	-0.8974557486795773	-0.011487969714291488	-0.03335053685977926	0.02331821090369403	-0.023464224437971925	-1.2429374946271332	-2.3763216972736534

drug_388.txt	-1.77339555292911	-1.0270705610699025	-0.022494320829570244	-0.05134437906524597	0.0105898859324648	-0.032493055784688585	-1.617586979036609	-2.426253810569265

drug_389.txt	0.0654339579066775	1.116798369853102	0.031686463144545984	0.06968939696467341	0.067978208159495	0.04811844562386547	-0.7899935730280044	-1.0909597984741422

drug_39.txt	0.134293321921879	0.7654223722736595	0.0046933879979377535	0.00994058546344001	0.05857366440921772	0.04633146624728488	0.3622069484982582	0.9934085717650304

drug_390.txt	-1.83530948475246	-0.7485218055030525	-0.14396358171282975	-0.7468031300096862	0.03480514075644313	-0.005040721744934126	-1.2984612109725195	-1.6886009856230688

drug_391.txt	-1.78282698401378	-1.25057028906536	-0.006840993692606379	-0.012846430432772449	0.03694701722998735	-0.003626400375853578	0.029054416394100287	-0.19962115447045262

drug_392.txt	0.0279564326978921	1.1233056210432295	0.046374074641834157	0.09949949032892891	0.09432913891449085	0.041821344165711746	0.19278050457870585	0.4756783682207441

drug_393.txt	0.0665511256924137	1.2824042515583691	0.019812664570878796	0.03744054229925725	0.047149722570781885	0.016862374704793206	-1.111941887073599	-1.0391595576748285

drug_394.txt	-0.00517923794580233	1.2675890399428285	0.021631258885504406	0.04613170593802357	0.05024272368709386	0.020325623674834547	0.41830786423942723	1.3289091052357358

drug_395.txt	-0.015715134780822	-1.1681066946645509	-0.006717737223667891	-0.011854820525510734	0.027309396906543822	0.04324011378748514	0.1680673644911844	0.4154393817590057

drug_396.txt	0.0874863215381011	-0.7912951498757426	-0.14055385419236072	-0.7528431916513108	0.04755529194962525	-0.001547013964741525	-1.1590041058935743	-2.249200243491593

drug_397.txt	0.0210796730074957	1.197833114618073	0.015538545970665674	0.028491779119603267	0.04735312196251987	0.008781979907249849	-1.42810387951679	-2.420142377560255

drug_398.txt	0.0239417064878872	-0.9959025200537006	-0.008922244216702069	-0.023674686327174205	0.027440452672010923	-0.02018217837798333	-1.0275500137136027	-1.7915550747888418

drug_399.txt	-1.73330568772691	-1.2026882266298964	0.010958445986788357	0.018664101644561115	0.035365809338425515	-0.02707920077585836	-1.8363578308764834	-2.7747844389864476

drug_4.txt	0.0325013160531311	-0.7503817015097676	-0.010629140211176002	-0.031310749971783736	-0.029338124703032712	-0.04472014921498032	0.041071216580769024	0.46366509742321854

drug_40.txt	0.11197170231048	0.7663656967306163	-0.007523949402824526	-0.018151429209943948	0.04749245577412553	0.04822160242079142	0.8653938260132715	2.606877946335407

drug_400.txt	0.00735196524940473	1.1506838263342407	0.006620258783997884	0.012809717067842008	0.027047166719217655	0.024398706127682048	-1.6248633756749344	-2.3787534592896122

drug_401.txt	1.90966421116624	0.8199524351749042	0.1677994854709195	0.8171205009423674	0.14642599717261598	0.0993501264011591	-0.3723304527945047	-0.24231313723705522

drug_402.txt	-0.0257700524043866	1.036232877883429	0.02273818022402893	0.043799800533845135	0.05114904067726666	0.019056895218144257	-1.1947925152384735	-1.2989084500077992

drug_403.txt	-1.68037386097724	-1.072083728688245	-0.004842117151737713	-0.006849871697311327	0.03282124519963566	-0.032359999749043765	-1.9517444930674668	-2.9399251410059772

drug_404.txt	1.65351163730595	-1.1205244865011745	-0.010959486983365213	-0.02102463531133114	0.01781786431755556	-0.08368481481635633	-3.4394370463765385	-4.976263137321315

drug_405.txt	0.0202890901742624	0.828737864911326	0.1878828158995578	0.7618354790767243	0.05503284056708244	0.036101423852202955	0.8963006021704335	1.8192925762635688

drug_406.txt	-1.79271996766755	-1.0348626677070631	-0.022327296000352492	-0.05065814972882082	0.021398143061334415	-0.0537011637950398	-2.6814698525890055	-3.5911502686103276

drug_407.txt	-0.144197037776668	-0.8753168107311273	-0.027039061623905958	0.0	-0.06252750386403787	-0.030215400648790167	-1.3184216666734894	-2.1682088864039484

drug_408.txt	-0.0721018472291564	-0.8696566230828439	-0.06827824284824235	0.0	-0.10132580765821685	-0.08532938196872114	-0.16668986380550427	-0.21781805686842043

drug_409.txt	-1.88566809649471	-1.124910529933115	-0.28191314599483064	-0.7452630257029735	-0.07035923327455702	-0.05247818648568643	-1.567872099163675	-2.2310129932895792

drug_41.txt	0.0712328106479736	0.8270732094669042	-0.007836817071917551	-0.017257971299359742	0.028655663508627707	0.0011659437171418095	0.31686609383379116	0.76258075539058

drug_410.txt	-0.0558728573805958	-1.171824270780382	-0.05250157029959532	0.0	-0.07951388187229419	0.006028905899396687	0.46703208983023786	1.3096669671173042

drug_411.txt	-1.90294558162756	-1.1522438031395672	-0.3068975744168303	-0.7498571756266886	-0.07981970100591619	-0.0662653243878394	-0.09953414687063775	-0.23546443017459043

drug_412.txt	-0.0240738891662506	-1.2189038488399349	-0.03490068724641743	0.0	-0.055781528027207324	0.002201285491050826	0.005479300647200174	0.8017229257548092

drug_413.txt	-1.91468919070374	-0.8817616630358511	-0.048195196746292954	0.0	-0.06726477256245614	-0.03534174324564603	0.49236336544090253	1.4517725208117744

drug_414.txt	-0.0717989682143451	-1.1816287240516858	-0.29192747020235804	-0.7567314720104141	-0.06438471164361767	-0.0064926091722083655	0.7846227531183095	2.874760155648614

drug_415.txt	-0.080635713097021	1.254582759771097	-0.02151649536679473	0.0	-0.056364147959661666	0.014095872410079868	0.2870052357306894	1.2351603314984732

drug_416.txt	-1.91367948077883	-1.1608087992943086	-0.058476493477633756	0.0	-0.08721500833880623	-0.008140035875028017	0.6345897995357843	0.8621964402270375

drug_417.txt	-0.089372607755034	-1.194854149053116	-0.30881898279326586	-0.7525281494485331	-0.07704634835499406	0.015501587720261677	0.7133283937072985	1.80150862183347

drug_418.txt	-0.07893825927775	-1.234386819694699	-0.05055382156736432	0.0	-0.08050447112239904	-0.04676586990616817	-1.1858193161210564	-2.1038458295945897

drug_419.txt	-1.94348477284074	1.1444565776532434	-0.01205930703942723	0.0	-0.031192517017198922	0.012598893413186228	0.8253194041337302	1.983209014230608

drug_42.txt	-1.84056615756637	-1.1926942131471487	-0.016663266298914736	-0.032058981960562616	0.015210446210980671	-0.023626283110393297	0.5628123938219196	1.2637027352230483

drug_420.txt	-0.0886720938999663	-0.5807898410833807	-0.301611666662	-0.8092907689953517	-0.1245179366629865	-0.15889190446749243	-3.3433579086551255	-7.376050801293115

drug_421.txt	-1.84747538556111	-1.0864357646055591	-0.05028462604105979	0.0	-0.060230793598992347	-0.028199345389713266	0.4436309526246198	1.0252660871602963

drug_422.txt	-1.94648027958063	-1.1673135404789465	-0.019493843336118283	0.0	-0.06899379778467984	-0.04419504944238498	-1.762644146338468	-4.388051423167952

drug_423.txt	-1.9080878681977	-1.0903302779542194	-0.06363929359973908	0.0	-0.08244895128486493	-0.00017333321461729677	1.5780570076509621	2.750543732599154

drug_424.txt	-0.123424862705941	-1.1545301349587243	-0.037608515887435745	0.0	-0.06267315298582002	0.060260644708866426	1.834370381893132	2.5063330652053635

drug_425.txt	-0.0144882675986021	-0.7022363563672247	-0.05076461679589507	0.0	-0.06377677291627828	-0.057666380673932746	-2.1742937494627133	-3.4411620810204466

drug_426.txt	-0.0351572641038442	-1.1245762665917747	-0.0369303188971252	0.0	-0.08443369868762737	-0.06368518786179107	-2.1103515185256443	-2.3226416664755494

drug_427.txt	-0.144493260109835	-1.193564843092823	-0.025938159091127816	0.0	-0.061251090363111715	0.044539173792050836	1.6735384779129125	2.7820494369527315

drug_428.txt	-0.0617673489765352	-1.168693155367926	-0.032886498059982436	0.0	-0.0703917513126949	-0.021060833881846732	-0.26901994817486274	-0.19401171971320555

drug_429.txt	-1.92850723914129	-1.0370489442817912	-0.31147865851437473	-0.7525293793383985	-0.08957340654355796	-0.0851934346861509	-1.2565958335209573	-1.3592936659529418

drug_43.txt	-0.0775406957590825	-1.2907136782286917	-0.019053248414227675	-0.03659382862838495	0.0050235496697629885	-0.030572027616833485	-0.7817510837839718	-1.3952415994933018

drug_430.txt	-0.0352071892161758	-0.7313822624457191	-0.0493633252608644	0.0	-0.059234093513264	-0.04677707523022332	-1.4607913772141328	-2.063131247169716

drug_431.txt	-0.0688034614744549	-1.0701534941252124	-0.02983349212574926	0.0	-0.07030873577585599	-0.08699185152182223	-2.2570727394047068	-5.046187919744347

drug_432.txt	-0.00222577698078719	-1.1001465254975868	-0.04793921193497294	0.0	-0.0653147452958652	-0.06216791320763753	-0.5978107359087615	-0.9482377614779716

drug_433.txt	-0.0656082542852389	-1.142806284731209	-0.32997706706750507	-0.8176002742329211	-0.10205064098086279	-0.14267502743698118	-3.1449548269834575	-8.580671458002216

drug_434.txt	-1.74642695820215	-0.6610265732542616	-0.24334751264271273	-0.8697594099614151	-0.07527602987981993	-0.12494697306865224	-3.6866073365727456	-5.232235237592946

drug_435.txt	-0.0536262273256781	-1.1061071976814616	-0.2583914898176496	-0.760315540188415	-0.03325659907074507	-0.03597460300082618	-0.6727177085593349	-0.9149819057398751

drug_436.txt	-1.78780978192575	-0.7553217793246059	-0.17897562748062967	-0.7259200640289705	-0.029627624277754724	-0.04584743318512631	-1.945094419177757	-2.4541118184994217

drug_437.txt	-1.88732024412361	-0.8880768740062793	-0.03914842935150241	-0.08995051617224231	-0.011827920930697329	-0.03043883206806396	0.16543107788916953	0.3198638003264174

drug_438.txt	-1.91981687332946	-0.8208559207749171	-0.020861424216854912	-0.05232103688287676	-0.004100823197702097	-0.03679159819863747	-1.390790599427713	-1.4785517935920267

drug_439.txt	-1.8901546999229	-1.0408666020813722	-0.02393251681649819	-0.05037806791489241	-0.0009833010970727559	-0.021910987037315904	-1.0537839309325658	-0.9797745327173211

drug_44.txt	0.13663980220146	0.7713961265938822	-0.005985173747659889	-0.0027244822310354966	0.04314633874317777	0.024250240542381837	0.2948772530221096	0.4280931578377823

drug_440.txt	0.0236579144888108	-0.8609219120067912	-0.027653446834739415	-0.06478800925442207	-0.019260204960314626	-0.04239081585184525	-0.7885567149576516	-1.4556543258576735

drug_441.txt	0.00580883776376251	-0.7779022777350568	-0.02399682798151076	-0.0653142662337528	-0.009643181662533945	-0.043439737123944853	-1.6626351403904487	-1.913905674846343

drug_442.txt	-1.85827381376914	-0.9447321615335762	-0.018713523994871306	-0.04594146845076924	0.013247664031486016	-0.03795514074525765	0.20938829144885235	-0.0762636109459389

drug_443.txt	-0.0615289310931562	0.8870743316961964	0.012094176881949026	0.036957839824862115	0.05013583285904916	0.046398546669676445	0.5477929286933597	1.5693578477439385

drug_444.txt	-0.0413525290295848	0.9573951580176229	-0.015106353733118305	-0.03805741233841753	0.023824444752714263	0.01801958001431825	0.5699884969482117	1.4792924010986732

drug_445.txt	-1.8972586698184	-0.9776067396824513	0.007827692206304526	0.01729712379228643	0.03969222388394309	0.011902633347749401	0.04497447632459074	0.24307790442913021

drug_446.txt	-0.00701070842715512	0.8259001104383159	0.021606797738878775	0.05364197158687806	0.05819465869841785	0.07373552876822431	0.3131920764031881	0.8434491036045494

drug_447.txt	-1.92725571506686	-0.9171233526601603	-0.024894360353114584	-0.05741721260942467	0.007262418229744057	-0.018648497668196692	-0.6146293438348145	-0.5859012275787261

drug_448.txt	-1.92046589978977	-0.8103072674006291	-0.03457346913076445	-0.09038780465732038	-0.022651673190488095	-0.059120844894558204	-2.6338263407605114	-5.482994911839523

drug_449.txt	0.0135730417978475	-0.636476343304614	-0.07118494099222304	-0.22718080701189747	-0.01805020527703495	-0.06456052420846359	-2.706440890278898	-7.300977772281843

drug_45.txt	-0.0599271161285283	0.7158541794691545	-0.013788435635071788	-0.029997976521682845	0.030716169994885505	0.022462155171704794	0.22115333445225416	0.5537781220052108

drug_450.txt	-0.00918615274367363	-1.05761755812917	-0.030289880039872596	-0.06087619728931676	-0.005801467319772854	-0.05404558801439457	-2.766997703483255	-4.147886525934629

drug_451.txt	-1.86699610448273	-0.7383891906214339	-0.047295966177727605	-0.10025345362790045	-0.0078865970015521	-0.09109086360632906	-3.0513502781609856	-7.376970290992417

drug_452.txt	-0.0331768333893717	-0.7107886600720277	-0.029601162897121613	-0.0913091826437849	-0.022510610709614142	-0.0862401283724015	-1.757940585304749	-3.35298043222069

drug_453.txt	-1.83958721781274	-0.7074220677024572	-0.05062895959575084	-0.11445296082770773	-0.04979083307090415	-0.11926646436692721	-3.085063225848708	-6.375520055842447

drug_454.txt	-1.89011143149222	1.1554675760265076	-0.007500242499363069	-0.01471466259675619	0.013007125303653423	-0.01991145375558685	-1.1396351772329634	-1.5568546717229672

drug_455.txt	-1.84387079245078	-1.1000518545101878	-0.018858438184400056	-0.0425483228746133	-0.0030868490748857356	-0.03829549073408634	-0.9449961724720918	-1.7812151239188587

drug_456.txt	-1.88693082824742	-1.106856541279771	-0.042369649404361026	-0.0860774937828821	-0.006908439426063744	-0.027320419162079307	-0.5558123160432776	-1.3805614831262059

drug_457.txt	-0.0388483261502306	-1.1280216447459372	-0.036232743272751416	-0.07459502098169973	0.0018706394908978457	-0.019609907078202822	-0.40952297130786836	-0.38160030426802916

drug_458.txt	-1.89180222862984	-1.2300260545376303	-0.030277738284574418	-0.060058958029712894	-0.01033110252357107	-0.026931346016848903	-0.7974971651731803	-1.1304220349192629

drug_459.txt	-1.85625222030899	-0.9766628402395112	-0.03457991599981794	-0.06897701573878667	-0.010959469464461604	-0.03553519924801705	-0.5023742953869078	-0.20805279243004976

drug_46.txt	-1.78998869043374	0.7631027490712617	-0.015936726115563238	-0.036313655212959844	0.018729554012582333	0.002887926636850568	0.6276327046908708	1.2282475135339799

drug_460.txt	-1.91983602827052	-1.0683460873049575	-0.036827316939791604	-0.07748067597375952	-0.0034882628447444946	-0.023920610022133547	-0.27155184765210844	-0.39679873768623813

drug_461.txt	-1.85355959258391	-0.9030306979203337	-0.018161363954858095	-0.043606165863968815	0.0005083716205548409	-0.04170143510159639	-1.5232558139534884	-2.0052593879201157

drug_462.txt	-0.0323048080939815	1.2316108431835653	-0.01905571773836101	-0.04147343106065121	-0.003408921978046878	-0.041233346675074715	-1.7731217481363828	-1.920737485431318

drug_463.txt	-1.88070139688427	-0.9602904910576292	-0.03741655264058835	-0.07869202612242665	-0.005574070803361855	-0.029325906695243237	-0.7852490758669248	-1.4964583179456146

drug_464.txt	-1.92097975485751	-1.0320894859987604	-0.01669512516053101	-0.03308374961757837	0.009584216272014851	-0.012317053724077763	-0.8317811718375818	-0.9229886847690476

drug_465.txt	-1.91973162704922	1.0551488729927188	-0.023330527793852945	-0.05112513445598521	0.013941216828120983	-0.0020125782997930173	-0.5808918344706754	-0.5312330825796157

drug_466.txt	0.00618989882523158	0.9878324340723275	-0.008544015233830346	-0.018252663315692974	0.008716820927346075	0.04848402279448216	2.2770311482993084	2.793635186453373

drug_467.txt	-0.0953045262038915	0.8193290870151989	0.028859258387256212	0.07685479723465238	0.043386722716583094	0.06310624939068056	1.0961917120716547	1.7218118382101801

drug_468.txt	-0.0111341151538	0.7659864062136236	0.18233846838845558	0.7844426555160293	0.10215463057362553	0.11145382165235339	2.357908655125408	3.522683367852868

drug_469.txt	-1.9563895653119	0.7619925006394928	0.05366545371414222	0.1269847138626814	0.08332566367876706	0.13184519706330278	2.6227674459540777	3.626437188129734

drug_47.txt	0.00729538345542902	0.7276939807780034	-0.016577967570627516	-0.027094099461853094	0.03405806326010329	0.023358150607671626	0.530650925361159	1.824957416556097

drug_470.txt	-1.8545822762455	1.0208103745493728	0.03437752108402645	0.0861523208469328	0.05195673543125257	0.03953504154490434	-0.5162516425621103	-0.8168818164049401

drug_471.txt	-1.94735311997989	0.6065669976759829	0.06409929816984927	0.1609913765399789	0.09267818243195688	0.13880092439245786	2.544057507071716	3.1729428910935145

drug_472.txt	-0.022400548836609	0.8569400799122606	0.20139205086947376	0.8046216746928696	0.05914433501564639	0.08282904107718976	2.296076681553772	2.9421926174939075

drug_473.txt	-0.0188225824528514	-1.140716393480997	-0.002775349977611752	0.0030313528103922405	-0.004348756388853335	-0.01860677697667921	0.30599550521321583	0.39101242477833503

drug_474.txt	-0.061535180222863	-0.7495521616594663	-0.03715258906286652	-0.10198776149291078	-0.04301173903280017	-0.08634129982088518	-1.584860592018274	-1.9371853173496532

drug_475.txt	-0.0190722080145089	-0.8132057686760884	-0.01848748919445596	-0.054422172274292635	-0.028544101120582047	-0.05635881348164552	-1.7381704825960054	-2.5332536861820474

drug_476.txt	0.0353960895391606	-0.6666669252424724	-0.04091247783204892	-0.11362235915894936	-0.03434499768842286	-0.07518197500469294	-2.799187827233168	-4.805764715643945

drug_477.txt	0.0253611419605285	-0.753082313412363	-0.018540200838464443	-0.057464020662335	0.0033761584215248955	-0.06535466337849093	-2.521266318163769	-2.4903938414028928

drug_478.txt	-0.0189224326775144	-0.7155473756719344	-0.029729059100384578	-0.0816830723832862	-0.04208617572283181	-0.0918909122815623	-2.637447141225546	-3.7698435277046203

drug_479.txt	0.0226651858946274	-0.763289802414402	-0.1723516783523753	-0.7632525187472965	-0.027714862443403748	-0.07647225974113986	-2.284149940847296	-2.5508756033436715

drug_48.txt	-1.87421405307005	1.0998918692231738	-0.036958683252558605	-0.07284102004761889	-0.021162880468074283	-0.017950091210196514	0.12272650982671737	1.0771846659490791

drug_480.txt	0.0378424200434042	-0.9066358482366333	0.21250459523020698	0.7475753747669517	0.023678035474032706	0.023109216664426446	1.1947229238219605	2.6503149411090856

drug_481.txt	-5.07402162063242e-05	-0.8843412716031445	-0.007134506629149273	-0.014768557323027953	0.0065364445435448625	-0.021152373858730523	-0.41857599587363836	-0.13015767186836316

drug_482.txt	-0.0277591775601904	-0.9481047995449791	-0.0012759324168303832	-0.003414693506794214	0.003062413536450867	0.005648479436507793	0.7307016861590859	1.2119317215272376

drug_483.txt	0.0149267934832444	0.9703876315182154	0.20020172821667132	0.7393956424081105	0.020531431445654495	0.03602422758073721	1.806681185346504	2.2636678018849636

drug_484.txt	-0.00264684605744447	-0.892808097231903	-0.0008582516472963042	0.0007973920229795428	0.020021185748067792	0.052225640775106184	2.0038848384865093	3.0957487091337135

drug_485.txt	0.00264521584969479	0.9178857870566202	0.002058172306049405	0.005483066693733801	0.01737052427609312	0.03985124612439134	1.2531694796608852	2.2412093807878612

drug_486.txt	0.005740572814248	-1.0122058843504607	0.211255490795469	0.7593222700548106	0.029666450009380445	0.03161838813299662	1.4892215176659858	4.188727789227382

drug_487.txt	0.0274080715661201	0.8406084872467618	0.019019402031943092	0.037314676324838425	0.03260789577971629	0.09329044068639716	2.0271099503444776	5.717027703881152

drug_488.txt	0.00768765219517664	0.95206300004703	0.014613542929113932	0.03319785298985706	0.04083735381396879	0.0836871502498414	1.7822627853759778	4.131959586412079

drug_489.txt	-0.017151755360157	0.9602614543531538	0.4321479587921424	0.9737532920093546	0.030503617467474178	0.07967614990039615	1.5631480700662757	2.216607483940988

drug_49.txt	-1.7924383492788	-1.0818353209046416	-0.06020845524801294	-0.12236447927381883	-0.05653489705920241	-0.06288466695064171	-0.5357986433767393	-0.6283948232411395

drug_490.txt	0.00219588983871133	1.0698444552285222	0.002604080545830695	0.0010002523564404675	0.012229674658955426	0.023518968843614145	0.10715440697879099	0.3066632610746922

drug_491.txt	0.0099342822500943	0.9361982204267031	0.012339918350678922	0.03154928458144132	0.025615628617045545	0.02915029852553269	1.078136833099315	1.9112664960171917

drug_492.txt	-0.0405899314293865	0.994393957518224	0.002758753580243717	0.004172110417880681	0.013069559755930691	0.031874356938737206	1.6003160269032228	4.155766239202589

drug_493.txt	0.0332268943523489	0.9095785471852933	-0.0037841587040635116	-0.012134707511408244	0.014344228361449189	0.03699773597819092	2.4188195658314333	5.657673915689665

drug_494.txt	-0.0326896729735329	0.6205638079139031	0.2029091147456008	0.8821010953335142	0.12380666775749144	0.1467272071595764	3.6802192538981426	6.7173751299534254

drug_495.txt	0.0471689065041891	1.0575711673473795	-0.0061296860226828925	-0.014749910388578424	0.010353178599752655	0.021089534146371366	1.3412087619687003	2.269466242392568

drug_496.txt	-0.0546912284634273	0.8727305226393871	-0.00977176222466071	-0.023948801504315304	-0.006017238512691078	0.01836228932572519	1.4050936823274645	2.302439404071358

drug_5.txt	-1.8396870680374	0.881453242758518	0.003086887210846087	0.009358743473698972	0.0084847595442362	0.013263832867846928	0.251796072587941	0.20807350764388677

drug_50.txt	0.024451282260283	0.7756041779561741	-0.016532927973931216	-0.03764770570910203	0.001141120643018939	-0.015326743766535932	-0.16716676968925387	0.06340561900959533

drug_51.txt	0.102800085585907	1.0837942508134495	-0.007584583256893457	-0.018287107392725988	0.011766150059381458	0.000500734477380799	0.16146027353520304	0.2580818480829446

drug_52.txt	-1.82641493542	-1.2291999681848131	-0.02500629784395092	-0.05871635911427664	0.0007963864089473255	-0.013965875062419126	0.47964860428273765	0.9672556065002607

drug_53.txt	0.0682855308873425	1.1511144097037964	-0.017897883055790653	-0.04442183598937971	0.020279905494255058	0.01896466388590485	0.21492899628709325	-0.10316268917081607

drug_54.txt	0.0689844824599835	0.8349953068091716	-0.02404696954594837	-0.04739222299471213	0.0056626560876751175	-0.009980078570610989	0.3377271443366915	1.8561736871665602

drug_55.txt	0.0110954656450698	0.9251466433301035	-0.017615770368879485	-0.034866244933109025	-0.006915925522689808	-0.011795409528889375	0.6109450923723714	1.6039764026611685

drug_56.txt	0.0270715015911507	0.7075442092421043	-0.000902343469992406	0.004432732991678789	0.028935485064232408	0.06984365776273357	1.5151381798979053	4.449587840711747

drug_57.txt	0.101043197109098	0.81567206106981	-0.00822568219781522	-0.019855865082800794	0.010427654311990504	-0.0002283770405463107	0.3237863461640802	0.11517283184833296

drug_58.txt	0.0320640128243009	0.9747623212976879	4.76531820581827e-05	-0.006158692473631766	0.015630001259214328	0.009535594153332697	0.9333396102061953	1.2838736362093488

drug_59.txt	0.0322025804830169	1.0280352043267253	-0.01460815097532342	-0.030770897865370572	-0.013061317376177006	0.002042616020304334	0.7579016959837566	1.6057853560375497

drug_6.txt	-1.83148936459257	-0.8511196199505192	-0.01485271471969779	-0.039400979936588754	-0.01897275461520181	-0.041925693174582945	-0.4134917288554668	0.03619106245107727

drug_60.txt	-0.00330708019603254	0.7561205728103748	-0.005934986630314443	-0.016759891428410112	0.029221106940487192	0.04641374246886374	1.0373398885718614	1.6190822558574738

drug_61.txt	0.0659020313067814	1.0331924932423004	0.0008589935420116324	-0.004025175422876837	0.016583300356414768	0.010288813734921232	0.44500231289119585	0.5892168330031387

drug_62.txt	0.13963530894135	0.9184404062493898	-0.003680725346291297	-0.018583509203087156	0.026161434870468223	0.021127401147142153	0.1934927931947782	1.0614138614782684

drug_63.txt	0.0812161349812016	1.2587936332796483	0.00025966196250329365	0.007704114511912885	0.00950972958789005	0.010244447962153139	0.37467813969862823	0.17582217977758946

drug_64.txt	0.0611204282012355	1.1360834457189486	-0.006378702297854394	-0.015547204872032205	0.014720773866933953	0.033378357581902336	0.13089531404150104	0.1375876806644887

drug_65.txt	-1.87077085052693	-1.0785312986295095	-0.014675077357113542	-0.031448532197353274	-0.018789803043408087	-0.09586888889697909	-2.831101632123398	-4.11179687673432

drug_66.txt	0.0787361814421225	-0.9882526449999736	-0.026429269474204736	-0.056094893971035065	-0.018923352508017695	-0.08357015684855108	-2.388232091467683	-5.273220372451316

drug_67.txt	0.0456565491898206	-1.0635672131409522	-0.006270138892709359	-0.009314972547431466	-0.0008744341035854509	-0.06169004743087636	-1.5479443923645935	-2.1050143776555386

drug_68.txt	-0.0204072802361085	1.218013445397378	-0.014600687742972879	-0.03633403189209122	-0.00632182422130947	-0.03142152103546089	-0.6245543079133627	-1.0299663455008636

drug_69.txt	0.015588725754905	-1.190673411034072	-0.014164703757303387	-0.021963994293136613	-0.019316507347134883	-0.03999890242683365	-1.0176966878579352	-0.9388884823495526

drug_7.txt	-1.85087029319966	-0.7801264204874134	0.0011794163080488251	0.0015735781148662753	-0.01088923428004351	-0.02417751103336948	0.24067782039683483	0.29356911429526555

drug_70.txt	-0.0127711833610128	0.8217918170616678	-0.013845626352039314	-0.03271844029444465	-0.00042607991929718243	-0.013423756179289242	0.3069697850443952	1.3698998365081472

drug_71.txt	0.0359469639078797	0.7811683164760153	-0.014741162471025332	-0.03795811286008066	0.014971080274471823	-0.010843501084937665	0.09726833222123521	-0.20423151345974708

drug_72.txt	0.0346859302882412	0.7400427562591695	-0.017218393191682918	-0.04263683917821309	0.006598250533429355	0.006461003364962479	0.5780856629401145	2.0672512466307276

drug_73.txt	0.058799759544357	0.7830308797687809	-0.016510893614360575	-0.04060584299526823	0.015581974631385472	0.015230120773229995	1.2193971745884895	2.6816657672473188

drug_74.txt	0.0293310374574193	-0.7508351963823526	-0.026335232559807756	-0.06127864790140064	-0.019242733589869502	-0.056085839104358666	0.2310025666951855	0.5650992235226316

drug_75.txt	0.0728287161095093	-0.8236446978972682	-0.021902230398448158	-0.04846900056580278	0.002547785327638211	-0.03410627333773302	0.23181310201692298	0.3470227364142358

drug_76.txt	0.0606469887006226	-0.7462953282299238	-0.0336172262355449	-0.07983097605410466	-0.018007385041334215	-0.047407111666007994	0.20737218717634875	0.18815254997624933

drug_77.txt	0.0114449414313903	0.9822469238650187	-0.020241582200965585	-0.05403935866765602	-0.0007736383019633702	0.011242448783334486	0.7730603439453421	1.191002286760179

drug_78.txt	0.0328903243773794	0.9089812902574556	-0.0010090811312344627	0.00033392967694012565	0.014404109444486385	0.010140665698226501	0.5431364442061052	0.42093826296683284

drug_79.txt	-0.129254010141251	0.5925408610390617	0.055643147907776996	0.1319960136107189	0.1144107199843418	0.1801290246236023	3.8267746834613954	7.448282216751892

drug_8.txt	-1.80163414741833	-0.7430222157557188	-0.018518466924669186	-0.048432714121338594	-0.03287043529849982	-0.0442946869673324	-0.2480708849981374	-0.19630019365442053

drug_80.txt	0.0466808630591528	0.8713911992589951	-0.0026048952257757274	0.0014474270294784763	0.018548134269683703	0.007430454490266887	0.48193079338308437	0.8994901213098456

drug_81.txt	0.00549264538566308	0.991966219414804	-0.001744469305501234	0.00020174137142170423	0.0015760770073895702	-0.013179254335721069	0.5281169790775453	1.299766074796642

drug_82.txt	-1.83307283972001	1.3431409714163984	-0.00014923220049087305	-0.0028798483733272207	0.04397228289795974	-0.017584830871667966	-0.4715903276118273	0.21256228393242038

drug_83.txt	-1.77002523425746	0.9548668497304084	-0.006168465497949055	-0.014781267082392469	0.06204797669362672	0.06490438790706553	1.3279331758656967	2.4415864801363205

drug_84.txt	-1.85872769077676	1.3675512716843325	-0.009581611885871671	-0.019126959272916133	0.03950355159929252	-0.04240768265817196	-0.36909649873302686	-1.1806314327481855

drug_85.txt	0.156470532296793	1.3198190131930838	0.012991219241804908	0.02040114144279559	0.07251751766411066	0.007969307572976769	-0.44833042004560286	-0.7735998188122258

drug_86.txt	-0.110499013384685	1.1891191041722289	-0.0037205763885959364	-0.004824639944814302	0.06101177629923276	0.03867829607475494	0.1673079993286475	0.6788823342679238

drug_87.txt	-1.71634908181945	-1.3145573924798664	-0.008947228911960314	-0.018833377254681594	0.05135929935407124	-0.030153658890671644	-0.22428085458259478	-0.1113775629859267

drug_88.txt	0.118975821981314	1.3360550646645302	-0.005616245032904865	-0.00696949563879895	0.06947257274284888	-0.010212592957415246	0.16348661183954674	1.4399155085848545

drug_89.txt	-1.88064148674947	-1.3545388608425353	-0.030000080536637885	-0.05966592569505108	0.029015334945634172	-0.03969584159570277	-0.5021614275246333	-0.6038415506162991

drug_9.txt	-0.0213179550402288	-0.9415035625425403	-0.047757338592163315	-0.10914918776699065	-0.06303624638303298	-0.0866860498861267	-0.8518992316288895	-1.0351298878659108

drug_90.txt	-1.69632911177451	1.3411443045476013	0.01940723063251973	0.042033685476754734	0.06527430537945446	0.009746799354885859	0.31762750580269605	0.8420103369829833

drug_91.txt	0.122178840582663	-1.3174599645193117	-0.03664362779104152	-0.06273242064411988	0.05555611309636694	0.033368180988813494	1.1814637121699012	2.139573628833747

drug_92.txt	-1.79721995238435	-1.3458654195120427	-0.013094839317337625	-0.02308876556867323	0.03818572927470233	-0.0586415516266108	-0.6422632766095062	-0.67258199884221

drug_93.txt	-1.92303789214138	-1.308608770205622	-0.029280326534215778	-0.06058423307164729	0.02479795637038619	-0.06740350043024189	-0.5323252129702026	-0.281334748805651

drug_94.txt	-1.85223409783284	1.2762174158922592	-0.008947363938854452	-0.021314648061438624	0.05774025902281115	-0.00785703996180007	-0.16870392127163986	0.13255329446312994

drug_95.txt	0.121330113673028	1.2166106303505355	-0.019361048251661517	-0.03912485291091694	0.06532195156434607	0.03775155191008058	-0.5627980661773435	-1.0316272509872249

drug_96.txt	-1.85858457212141	-1.2030500387718748	-0.02075091465494519	-0.04000349393704855	0.05240925874181717	-0.009740464658288752	-0.06204484143391067	-0.1898785669783339

drug_97.txt	-1.844095081867	1.154482043490788	-0.011370727633956773	-0.02184732532193112	0.07453718937135126	0.031084432683094087	0.09362501688615253	1.1602177573814434

drug_98.txt	-1.85651644981507	-0.9094596722411481	-0.03754444399529311	-0.07906919200647958	0.017756862315671276	-0.0695006640460341	-1.1479574919253488	-1.8177229416026617

drug_99.txt	0.151963415421086	-1.3687025714940457	-0.023331865284132308	-0.04674276259509197	0.05827677393198663	-0.007048632164724996	0.21725212151480044	0.20168654264272956

