	SScmap	SSfisher	SSlincs	SSlincs_Norm	SSpearson_corr	SSspearman_corr	SSzhang	SSzhang_Norm
drug_1.txt	-1.85307295467056	0.7065663626202227	0.010270899692620267	0.03966568744272586	0.007299510112317541	-0.03007612116574163	10.027267361794216	-1.4281352046122455

drug_10.txt	-0.044873715068423	-0.7081546589569251	-0.04803356302723902	-0.09220369882765844	-0.0637433235455542	-0.08494373883166173	8.170817758541544	-1.9363500241161395

drug_100.txt	-0.20199700449326	0.7849675481017945	0.009892134707815081	0.025559100471066465	0.11626552134597236	0.06959360798511961	11.364076332874287	-0.4154137060426488

drug_101.txt	-1.79238322004173	0.849377217620445	0.042107388737084195	0.08044000078454111	0.124188929481269	0.05823294126386082	11.165256738146764	-0.6067176627344508

drug_102.txt	-0.0761153142081749	0.9089322896904402	0.012975654585759971	0.028071358794580004	0.12129029568985149	0.13819584208174757	14.075847596563708	1.201806358713407

drug_103.txt	-0.0327508736894657	-1.0117096912959036	-0.020698474010001078	-0.0451274705081145	0.08572233588288009	0.04768825181628302	10.94783920257066	-0.12798894644456482

drug_104.txt	-0.124592598282064	0.8072192340379766	0.004221876387893619	0.0180186251118144	0.11552270712947563	0.1219053796289698	13.011830283953046	0.5063052181336474

drug_105.txt	0.058432863525225	0.8891617058504888	0.0272738808289823	0.05142174468310046	0.0971431857383487	-0.020861203564633883	6.008826808315299	-2.3522015807928986

drug_106.txt	-0.0536195706440339	0.8701035587823284	0.00404757935574368	0.00025254895428517	0.11835528304951444	0.10790156631314893	11.60967932323431	0.14540717161733477

drug_107.txt	-0.0444039069600728	-0.4477934963073647	-0.05505167556204668	-0.11084725751129898	0.04195762234488915	-0.051482244104716586	8.061394189782936	-1.7431968679768355

drug_108.txt	-1.71911491736754	-0.5744801314985539	-0.024723249450926466	-0.04556640966120229	0.06746348360526833	-0.022310893461167536	6.3271821103023145	-2.6471491878238003

drug_109.txt	-1.75830613054777	-0.6140659447577559	-0.008170846058934644	-0.004957779193064782	0.09348901989358481	0.02350259847641668	9.26959144861958	-1.0795804527743598

drug_11.txt	0.0199188396891842	-0.8027456959651349	-0.028449954316077386	-0.05934191059432126	-0.012467841608593273	-0.012348435572082123	9.814440291166633	-0.7583637984187386

drug_110.txt	-1.85446957768476	-0.6868866985624937	-0.062462938070776186	-0.12834863455195394	-0.06070926617706939	-0.08289133659190762	7.5592104400288544	-1.343745445730101

drug_111.txt	-1.78841865407018	-0.6789764732227774	-0.06906698875727832	-0.12866521189768432	-0.05903930272108384	-0.0880276046448975	6.417679847858876	-1.7925246716171652

drug_112.txt	-0.0212284137895722	-0.549934484917975	-0.0775814181380294	-0.15422964614020424	-0.059110204609891005	-0.09535472406272663	2.8514263230375763	-3.266773996467179

drug_113.txt	-0.00524341692589325	-0.5499208171331293	-0.0679918593160527	-0.1413161376799204	-0.06782662238466641	-0.1017155496861938	8.533398911404026	-1.1079661517486241

drug_114.txt	-1.82263783811462	-0.6415904284068039	-0.07325953456359927	-0.14090157945127657	-0.07229864986532429	-0.10957962140271282	5.219896386648305	-1.991797382082671

drug_115.txt	-1.80896987851556	-0.48611541523830487	-0.07397294705640345	-0.14575670280238084	-0.05505775537995286	-0.124411624635388	3.8936192537215555	-3.8029373994508737

drug_116.txt	-0.0263707003597169	-0.49001891130308467	-0.057322577715387235	-0.10800349851243507	-0.04750227625187886	-0.09033872273256266	4.868883205456095	-2.429929434187189

drug_117.txt	0.00294558162755865	-0.7615803502651621	-0.06029501475200588	-0.13444624721627635	-0.014345307156877816	0.005629137354479201	9.442822480162633	-0.6913462688020043

drug_118.txt	-0.0185426987723544	-0.7282060584313044	-0.0477387230450797	-0.08659294668990142	7.625245845755552e-05	0.01777643854963879	8.084346514525542	-1.740529178357282

drug_119.txt	-1.8622988594032	-0.6508724799159283	-0.074244683138182	-0.16312990903973318	-0.0478889377231366	-0.013061182879695547	3.3918945504623252	-2.466092285870311

drug_12.txt	0.0548971414672863	-0.6689355152892413	0.015626989524842788	0.012706271509287492	0.04311312934303424	0.013094898664424925	4.690143615974818	-1.2655280705061203

drug_120.txt	-1.8374463945108	-0.6120414648292938	-0.06914576445763712	-0.13611098547895623	-0.014764796801424868	-0.011553860272397742	10.287599186831923	0.048175159608651714

drug_121.txt	-1.78028214089123	-0.7292132431153877	-0.04084205567320848	-0.06478089032318562	-0.015079374521604754	-0.018482191981129718	6.459400616433864	-1.714956841558472

drug_122.txt	-1.87009613784452	0.6432237042610578	-0.04617469923784917	-0.09736602518587978	-0.0343163054577847	-0.029189237249467	5.362489343563512	-1.9396246844079388

drug_123.txt	-1.87219299256244	-0.5883140606009878	-0.05400639137139776	-0.10217802242398139	-0.021663590445743664	-0.0033170639237983294	7.6645419371762085	-1.635102345142636

drug_124.txt	-1.83644661213308	-0.577662366918692	-0.0536591086588562	-0.11115055817327724	-0.01395766031823278	-0.024316477262522774	5.213102498524494	-3.2425679694540896

drug_125.txt	-1.80977764123046	-0.5899577442563029	-0.05924170698698153	-0.11290912905807893	-0.04308587454012585	-0.06681233893441813	4.9392484753098564	-3.5483539420816688

drug_126.txt	-1.80987749145513	-0.6589271446422676	-0.053913244791914366	-0.10888275908333267	-0.04660208035074637	-0.04089631153146783	6.553714997704768	-2.6316865340046416

drug_127.txt	-1.74022299883508	0.7118140217256694	-0.04474168961141595	-0.095551230230556	-0.022886897084355363	-0.03411965966434499	7.381729949504885	-1.8358667091234038

drug_128.txt	-1.78351831227518	-0.8438008253832128	-0.0721596156166456	-0.1224347499438877	-0.044334373310662145	-0.03984944662854818	8.826047609679323	-1.6956267271369045

drug_129.txt	-1.81566880448558	0.7789344699969519	-0.05242060579647634	-0.10447726429482318	-0.017619058534220078	-0.027268559996935067	5.018479900321332	-3.3329798091301144

drug_13.txt	-0.0143694714338748	0.6568937177615929	-0.006899325434618242	-0.0014581344338719382	0.010689884350912037	0.010111425204789795	7.583959603908453	-0.4905181500142187

drug_130.txt	-1.72299883508071	-0.6724072743987031	-0.050956273387636836	-0.08558690884344011	-0.02064974779594857	-0.029357445205969886	7.475113122171946	-1.4118397383636805

drug_131.txt	-1.82518529897462	-0.8054875008810942	-0.022265368140713143	-0.027946768794021137	0.002733638827251868	0.03247793950299384	8.263545150501672	-0.5600258106432957

drug_132.txt	-1.82745113099581	0.7895703966404946	-0.037436911595966044	-0.06599024634609801	-0.015839721368291034	-0.022839543799092834	7.137687717227359	-0.7985574976242322

drug_133.txt	-1.81829435334178	0.7246224545383533	-0.03156521395144374	-0.0638855750186203	0.0018494263841749357	0.008197073549647368	8.018296281723392	-1.5415123559217003

drug_134.txt	-1.81210491954376	0.7063287012775645	-0.029559920802590484	-0.05446296897880104	-0.003973043326768023	0.02804906041292696	9.317896255492164	-0.46762883302538594

drug_135.txt	0.111262593289553	0.7415853351148135	-0.03705098507791538	-0.07741817990234723	-0.023646658636194025	-0.0206211807573569	10.245314446848974	-0.6692289809527631

drug_136.txt	-1.77581960392744	-0.8449120195771649	-0.0784709996621688	-0.14968162130963863	-0.04155607408626231	-0.02383852000819101	6.672240802675585	-2.730994664195768

drug_137.txt	-1.74346813113663	0.6114408934073847	-0.04547607938356135	-0.09495175156115943	-0.02107792871245673	-0.010966964728546778	7.591291232211948	-1.0086866666259509

drug_138.txt	-1.79615832661265	0.8054205884555264	-0.05093157337725976	-0.10988847663866957	-0.01581919613315246	-0.011469786523451193	5.789271427634599	-2.4429604663184157

drug_139.txt	-1.8304466377357	-0.6582887218592773	-0.07069083975532156	-0.14792616790126345	-0.06205291316727869	-0.0727543198680342	3.7821365335431834	-2.5305868283512836

drug_14.txt	-0.0180242456827578	-0.7503532672971875	-0.023591115746760455	-0.03551546980920406	-0.03611760606168616	-0.050912853248619196	9.526919798019541	-1.3935241510864889

drug_140.txt	0.0188921745586748	0.7238324991937712	-0.013126365978024412	-0.02891757970776626	0.02407639806697827	0.06163849775966688	10.037628696963734	-1.0652360770174294

drug_141.txt	0.00464303544682976	-0.7943696174421129	-0.021494554738530264	-0.05410037744241558	0.004410434720011484	-0.022809613666455047	8.498196603055938	-3.270125102362469

drug_142.txt	0.0130598973334869	0.565519695027881	0.02333497484061972	0.0	-0.006312582038214668	0.0018524027163030836	2.6115023935995803	-3.138513651489395

drug_143.txt	0.0263899023259981	0.560540479223057	0.0011143625507276933	0.0	-0.005093555973927793	0.09162590747424737	8.931116794543904	-0.5863240127024782

drug_144.txt	-0.0102551301253249	0.6799572769904381	0.017031202705650283	0.0	0.004300189370124478	0.025868914529715122	3.655531510262968	-2.443961241165823

drug_145.txt	0.0363749247922988	0.6199906749437772	0.025561418855178264	0.0	-0.0004163242106960715	0.019091942334609775	3.238100859072726	-2.3238042624437383

drug_146.txt	0.0179525583419743	0.6647246222757669	0.0228804496046347	0.0	0.011859270725029158	0.037206494608945255	6.510603974031084	-1.4088958399755338

drug_147.txt	0.0344278454113702	0.6400365945182847	0.02868827062028445	0.0	-0.01339563717996942	0.026106221706768483	7.231097121122697	-1.4732077818090488

drug_148.txt	-0.000569658333013257	0.6403594917335321	0.02386911652934212	0.0	0.024365272473419276	0.044923780379065484	7.554423240868253	-0.9796979930392903

drug_149.txt	0.0338786691757236	0.7752817043140635	0.010503504576530265	0.0	0.01249516279514895	0.039413250457342966	9.177769034035018	-0.9452376682269067

drug_15.txt	1.75806674603479	0.738566019091794	0.008790520040609179	0.026836615850134526	0.031552098464815284	-0.010595226422779838	10.773112991015804	-1.131651118413077

drug_150.txt	0.0181522587913002	0.6247921991740683	0.006651028321643965	0.0	-0.006220315240520241	0.015102301913415368	3.9571119417666734	-2.4015901865249747

drug_151.txt	0.0262900521013353	-0.7613101763377145	0.0023575973623533586	0.0	-0.017372641931019964	-0.0008909052032557702	7.66528952718211	-1.3252029441966184

drug_152.txt	0.0480663619954683	0.7453605865450831	0.0589530024331367	0.3468158215401457	0.06513574621847108	0.07008098848395707	6.500111482720178	-0.9640297349071343

drug_153.txt	-0.0178936723120448	0.6547382604612287	0.02195427540584291	0.0	-0.018410387230316246	-0.020185441680035523	4.936979474063873	-1.3103976780923885

drug_154.txt	-0.034119333819783	-0.8474137982014807	0.008399549647627458	0.0	-0.010603606326103517	0.03962767009775882	7.6498524493409406	-0.27135856332850355

drug_155.txt	-0.00880730186771128	0.6660529678128763	0.008678646968265591	0.0	-0.025833964363638284	-0.025767023477564894	2.8491835530198704	-2.5240656817895926

drug_156.txt	-0.110992485630529	0.5501231519740698	0.05972861688555367	0.2723703811393058	0.03503462797318238	0.07578166070372933	8.6088268083153	-0.5243988104521065

drug_157.txt	-0.00136846013031733	0.552897076544859	0.012576266540568454	0.14668234059933627	-9.90261740012772e-05	0.022211210059908292	3.8461407305397075	-3.006361761285263

drug_158.txt	0.0494553042231525	0.5311512362172821	0.02055503358373617	0.08644501132375648	-0.023486402939211372	-0.00987125050603032	8.870207882484097	-0.7609306771071143

drug_159.txt	0.0348272463100221	0.6027697139999498	0.004551048714175832	0.0	-0.01733064916344995	-0.013259307854491363	4.926408289068136	-1.8999752791093953

drug_16.txt	0.0479869938681722	0.6490337687019605	-0.0016226462979108125	0.007640008084876304	0.0034461280483554847	-0.04937612365321351	7.620302970686603	-1.3211359297004481

drug_160.txt	0.02079828974487	0.7099453940887954	-0.012902685674420322	0.0	-0.01847211321852653	-0.006306522651263893	2.821470260344941	-2.5492021412873425

drug_161.txt	0.0193504614872564	0.6647374189174184	0.02406749224548685	0.0	0.016272996974701637	0.003227407951538684	5.319194701291888	-3.2376734829433564

drug_162.txt	0.0270888538986392	0.6409499345721361	0.006119632428601696	0.0	-0.023218152594705953	-0.03908409572142573	1.7873958948127746	-4.297110213150874

drug_163.txt	0.0306232958254925	0.691904234007135	-0.029395092267373024	0.0	-0.042003756817161765	0.004772261818212161	7.258797298183487	-1.092055036789089

drug_164.txt	0.0277878054712802	0.6620686163529476	0.02489587258515434	0.0	0.00680849779144687	0.01297207095409932	4.966358449734408	-1.9047850986495638

drug_165.txt	-1.77605898844042	0.7416810036835345	-0.23916686233901896	-0.783602214266762	-0.007662413372800341	0.004666620694952426	6.957597219489803	-1.1814144130387285

drug_166.txt	0.0512526082670866	0.671343636281852	0.023532465913946116	0.0	0.011184984037683613	0.005514784972435661	3.7001639451767327	-5.243052369573789

drug_167.txt	0.0970428971926726	-0.7002445565437998	-0.2827701472556271	-0.7863708298785503	0.03933607033433529	0.013368073588109479	2.7204538002491967	-2.8471478881527243

drug_168.txt	-0.00481329288119103	-0.7906961097272501	0.009449848708284414	0.0	0.014787171728584639	0.024275318456420773	5.107416879795396	-1.9268117432997773

drug_169.txt	0.0232945453614449	0.7091254321947584	0.020124051499969348	0.0	0.013564884221151983	-0.03106365644682929	1.2081185651518132	-3.90235833312407

drug_17.txt	-1.64221872319726	0.7345081152366655	-0.0008465105377145066	0.01633626034718877	0.030164452976593124	-0.011049384829815264	12.482615253459244	-0.6115381564832113

drug_170.txt	0.0405187091158136	-0.8085032870885804	-0.058207621269187104	-0.1125680512644876	-0.01590231168562394	-0.031657807002772834	4.030179028132992	-2.1304402478201903

drug_171.txt	-1.84333627763483	-0.6811500104497381	0.013489499385714976	0.051696010140024506	0.07490361275925737	-0.033347603119461965	5.832461144993115	-4.416395054692701

drug_172.txt	-0.154116261505178	0.782906184172149	0.030864573379399823	0.07160727523103039	0.10000845121047207	0.0038057230360906314	7.5992917568365135	-0.9210895872973993

drug_173.txt	1.63178693498214	0.730663146454827	0.006052666658743711	0.008454874897682874	0.07354702040769129	-0.01669062141769738	6.468961899140927	-2.1299555128747376

drug_174.txt	-1.86026089071521	0.8087239535172603	-0.012617660094894262	-0.03294854056176827	0.039116012452335064	-0.04421888948861488	7.137687717227359	-1.106319184631379

drug_175.txt	-1.7450158096189	0.699435930531107	0.0051786606093139065	0.006976934295115089	0.08689053092883871	0.02453297845755216	12.367132270968588	1.051897630990745

drug_176.txt	-1.66751283331413	-0.7512422050218848	0.0009367243451278984	0.005275483024333838	0.06257882173185314	-0.00015701431249009765	6.3322578529739655	-1.5192935603218332

drug_177.txt	-0.153567085269532	-0.7531731017663368	-0.019994515740772212	-0.032261903259249824	0.07264684744193634	0.037152979167604835	6.793756967670011	-1.0166374411052737

drug_178.txt	0.0901122674961916	0.5047841692960116	0.054333597195020705	0.11405610181438663	0.12413993796814116	0.059580239448095394	5.07391960128533	-1.2203998958782882

drug_179.txt	-1.80948705147407	-0.7596841295075228	0.004096688527747527	0.01740407255790699	0.0713412431352496	-0.03590929237036316	5.69482589022231	-1.009846006296147

drug_18.txt	0.0707733271887042	0.773240783294469	-0.0038570442819173822	0.002625453397137656	0.03214327923285792	0.021202275665767156	11.156023345793166	0.6160640618940258

drug_180.txt	1.61717679890421	0.6204776629640206	0.03334663845461491	0.06020156449515163	0.11647705747812935	0.026844474760060577	7.022427700177061	-1.9672623892485164

drug_181.txt	-1.70408745855576	0.6544480515512097	0.01317661108446297	0.020319171876748143	0.08567883092167453	0.021929935776600826	8.019883271034166	-2.4989194755836266

drug_182.txt	-1.61225725514293	0.5397046031369889	0.01118971109168626	0.02641760918183894	0.09695971688587539	0.019239520856972114	8.104570791527314	-1.7701961577662575

drug_183.txt	-1.7055852119257	0.659960086575886	0.010277640998524268	0.02225980058223065	0.09322917445898586	0.01567341499908114	9.022414584562922	-0.42704563857041916

drug_184.txt	-1.79026588322644	0.5780393169925151	0.006767259976525969	0.007247344015514745	0.10184863969003934	0.04283042444577509	10.274706538133648	-0.4121956897152646

drug_185.txt	-1.72385780303903	0.6686482445298187	-0.013915915442511195	-0.031870264720715136	0.06864961924448999	0.011544374999551235	8.477683782543117	-0.884268774713103

drug_186.txt	-1.56968905615935	0.4281091119492184	0.04776109579859458	0.09486987221714438	0.12266529724806834	0.06409459041704073	10.203672371958817	0.32736631748132144

drug_187.txt	-0.109533136193146	0.6304688548443186	0.010874712984217133	0.01903048845039379	0.09877210871471362	0.010262154586310818	10.4385336743393	-0.5416863175654295

drug_188.txt	-0.134196141684908	-0.7820111577733124	0.012071789268619876	0.036979760425513375	0.09491006772599563	0.0396405517216279	6.281631582398846	-0.8558251856669736

drug_189.txt	-1.7949588437856	0.926686369761073	-0.0011306615273159737	0.0010555016970559272	0.07869883536705988	0.03276030307406675	10.38322512951669	-0.8986250059192074

drug_19.txt	0.0271080558649206	-0.6640270702450018	-0.04228066899428881	-0.09423043051582464	-0.05058243209825485	-0.06521502962308162	10.214322250639386	-1.1674732466684428

drug_190.txt	-1.6696672939309	0.8054432698480448	0.01478278211350656	0.03185293750833129	0.0974232725366071	0.09105485096697516	9.113450062299167	-0.4488800007106889

drug_191.txt	-1.76345609790443	0.5786341440603107	0.2529828665113508	0.9106498160930968	0.07249758494378816	0.05414015189662379	4.885343301200079	-1.202668033553088

drug_192.txt	-0.172761370764366	0.735464079473043	0.03078031336350512	0.06358770687834076	0.11942089911717255	0.07123993609246475	7.888032002098498	-0.37760217362158466

drug_193.txt	1.6731364491724	0.6448919027944944	0.050259835356678884	0.10281099616763789	0.11726300973463262	0.04991352041148338	8.056502065709227	-1.3518057818364106

drug_194.txt	-1.78257741592739	0.8433095068325388	0.016932398758855244	0.02693268604544563	0.0900948791794768	0.030680495361008638	6.260515443635648	-2.0169290371678024

drug_195.txt	-1.77438201671851	0.5351900347489491	0.030962403067323646	0.08130122203843243	0.13098850122002667	0.09614974847170395	15.045183290707588	0.506721607692469

drug_196.txt	0.173137729303481	0.6333934272446632	0.029338846865319707	0.0638663635539925	0.10606188026961999	0.04278457676153559	7.1678536297462125	-1.522909517660749

drug_197.txt	-1.66044266932934	0.7534882619064068	0.02748938573095297	0.057359142043540645	0.09907255682107088	0.015655101616802353	8.894327496885042	-2.857748379326699

drug_198.txt	-0.189043358039863	0.708907071193289	-0.011914557805760617	-0.02391092982685933	0.06675627155852629	-0.002252386383083701	7.555406911928651	-2.1402301176863965

drug_199.txt	-1.78508391259265	0.3596932640870808	0.039275546433108044	0.09348526977158483	0.11769795578568291	0.09291357396446284	12.44938028723195	-0.06521098719088014

drug_2.txt	-1.82341743794565	-0.6239612903061159	-0.012598163797794007	-0.03443532698449864	-0.028196992301055022	-0.06952495843373614	8.053551052528034	-1.6980184983355513

drug_20.txt	-1.71426066029161	-0.7476858602932552	-0.01076169338006469	-0.03735918074152883	0.009942910614019116	-0.010581050581315081	11.34218637287691	-0.6164465415416649

drug_200.txt	-1.85756493464931	-0.9495259300209025	0.003669697766002844	0.006309023259200519	0.05797576283433773	-0.020591430251395017	9.360338382844777	-1.291130180998136

drug_201.txt	-0.0205691462805792	-0.5772334309340811	-0.06499795303548839	-0.10900355348219365	-0.06348552717350643	-0.043980925846994666	7.406151223031018	-0.8735641372430827

drug_202.txt	-0.0230654018971543	-0.6376852755501994	-0.03477119566553438	-0.06597785883804402	-0.026184931494520444	-0.01118438747228787	9.6047871991606	-0.40251363072163354

drug_203.txt	-1.88566253184326	-0.5939957822068134	-0.0523686244777154	-0.09552299320217172	-0.03263436262529705	-0.017240357540303296	8.49807856252869	-1.8873717224399589

drug_204.txt	0.0308626803384667	-0.6154663494359037	-0.006694739843430553	-0.01794806634798496	-0.004060932079751131	-0.016017914687368816	10.748678601875532	0.19853093154161733

drug_205.txt	-0.0484273589615576	-0.6699010960487626	-0.04748638533595523	-0.0975954483006996	-0.04527061265117559	-0.058611300152794574	6.473303167420815	-0.9144277069789041

drug_206.txt	0.0118911376524956	0.6479025588904253	-0.03069574351097426	-0.05349165621025942	-0.02676784800823517	-0.019976371940700417	7.373585153124795	-1.7511582643607964

drug_207.txt	-0.0345481777333998	-0.6733228056951115	-0.03709732149620498	-0.08308593836777611	-0.019063813969920806	-0.04175172633866292	6.673421207948063	-1.3171177754954655

drug_208.txt	-0.0367948077883176	0.6410687807327461	-0.025812029800205888	-0.04971886912208784	-0.014652781652543679	0.03613956544879513	11.811108925175422	0.2968271021896094

drug_209.txt	-0.0222166749875188	-0.643808863499087	-0.045123363317886675	-0.10259828436508162	-0.032774001680096025	-0.03468137013978021	8.18945504623254	-1.136724327033258

drug_21.txt	-1.76562463996313	-0.7307011739994975	-0.01656266816165866	-0.04171225163398429	-0.023843168664195072	-0.04775994285099361	10.297999868843858	-1.494839993699485

drug_210.txt	-0.0345981028457314	0.7238204801196753	-0.046232397288706206	-0.07977437431541995	-0.04317346038959981	-0.0216014170380016	7.248934356351236	-1.3371493132445469

drug_211.txt	-0.0018177861413009	0.5966722456050297	-0.0015918499985817514	0.0039266037982045865	0.027696376231482064	0.014477365276640173	9.391461735195751	-1.1561028372716409

drug_212.txt	-0.0247628557164253	-0.7574120096897676	-0.028650142187109845	-0.043274058000844384	-0.00490428376572895	0.018872805667397474	8.986884385861368	-0.9964790490351587

drug_213.txt	-0.0384922616075886	-0.8242879744904268	-0.030179143009780612	-0.04889230914712084	-0.0335192009203129	-0.008923744452945715	9.240619056987343	-1.6452852725211977

drug_214.txt	0.0276674731492506	0.6940905320063742	0.0014543614529228255	0.006845234285596691	0.015864136340531836	-0.00217087141650695	7.757689028788773	-1.7386272719835592

drug_215.txt	-1.86993612145884	0.5862921038134054	-0.015934926791337206	-0.034641853015291324	0.007177721950963744	0.03678451888251999	10.944114368155288	-0.6995636402748463

drug_216.txt	-0.0499251123315028	-0.6600938724737083	-0.04257215989924035	-0.08101624009753411	-0.041476628846930715	-0.02436888199634044	7.501488622204735	-1.4171203701617827

drug_217.txt	-1.91876288131905	0.7967925153270377	-0.019090158707147226	-0.0309618782351076	-0.022873212662256427	-0.04269967858771845	9.210977769034034	-0.47665976864492554

drug_218.txt	-1.79977341679788	0.9607181532359241	-0.026860208966282828	-0.050315267153507204	-0.016408690103691254	0.04428569690804988	11.506026624696702	-0.23717614217547422

drug_219.txt	-1.84307641102449	-0.7040449830012135	-0.04214825378387296	-0.06479435183692939	-0.026463287080717518	0.0111172156767943	1.834756377467375	-3.3882840624760684

drug_22.txt	-1.77486974666206	-0.6463672012911077	-0.0578101317709227	-0.18037011807491604	-0.07531667293733342	-0.11732301163920944	10.156534854744573	-1.4293346568162173

drug_220.txt	-1.79305144846832	-0.7204475382709392	-0.02705036375996675	-0.05151192156226647	-0.05617308533947508	-0.04317973132922733	5.197967079808512	-3.8095548384709033

drug_221.txt	-1.92405494322619	-0.95742789238433	-0.017772628178816002	-0.04264641246949685	-0.04531377369169936	-0.07977210602006597	2.539759984261263	-3.5049504882347784

drug_222.txt	-1.89761511578786	-0.7180261476056051	-0.035589824097165296	-0.060486069824045474	-0.036918089314811164	0.023931521974824694	12.584405534789166	1.0978141315411305

drug_223.txt	-1.90922718486373	0.7322567513749072	0.016868432396877325	0.0321129249585847	0.003703232063498443	0.05915060383204478	11.122565414125516	-0.10516209917012602

drug_224.txt	-1.80533302610187	-0.9522424940489047	-0.03440547947246503	-0.06027083270745032	-0.01822055887257721	-0.006157722646128683	10.205888910748246	-1.1244305039273377

drug_225.txt	-1.7873100605502	0.8023731323926047	-0.0052258958308371295	-0.010492287901785746	-0.020453181143626407	-0.0008255061148434218	9.403974031084006	-0.9163620812141917

drug_226.txt	-1.87522818336598	0.5976624150544911	-0.24322398582513494	-0.8430235520064328	-0.02533659127851668	0.010752989612501509	9.055177388681225	-0.27511766347141164

drug_227.txt	-1.84923768193863	-0.9410919729326879	-0.024113414327876587	-0.041870857629492386	-0.03538626612752778	0.0357983848424782	12.035372811331891	0.2735120438339953

drug_228.txt	-1.86164855281181	-0.8402106612133122	-0.03738811776984058	-0.051751705350429444	-0.04162055991714503	-0.03628935413625078	8.038979605220014	-1.1772631625874994

drug_229.txt	-1.88673144129959	-0.7824300413196896	-0.03071482950270102	-0.06457504848683082	-0.03683265120624738	0.038502154131056586	11.892084726867335	0.45714870749598946

drug_23.txt	-1.67751577761563	-0.7563439981900262	-0.013139985750641375	-0.025309187868145233	-0.02366967961524033	-0.04904091852328281	9.7188930421667	-1.3222172083859711

drug_230.txt	-1.82585224727012	0.8549530143906947	-0.011984490578093532	-0.01582148723979876	-0.039492502525997585	-0.02251209025082845	8.649144206177453	-2.315604075776717

drug_231.txt	-0.00929759207342817	0.5290520785389918	0.25492680899273695	0.7902075654360612	0.036648806845920645	0.010727980682999738	11.765899403239557	-0.0895779981477947

drug_232.txt	0.0823649141672107	-0.7301890036781065	0.32685524146847095	0.8396297350011316	0.07552603322628174	-0.013935798506640616	1.5941242048658928	-4.051137926849436

drug_233.txt	0.0791697069779945	-0.8343641232365064	0.0188504072479051	0.049208566190071634	0.080368005759423	0.04323870641167677	9.264791133844842	-1.0472987433435623

drug_234.txt	0.0652905257498367	-0.7951350353572	0.3198342230405521	0.8457884915186984	0.07754489073705835	-0.0028252164149686477	8.913030362646731	-0.4667865812630293

drug_235.txt	0.0999385537078996	-0.6493663551646068	0.012833863187306477	0.029291305927163558	0.0743088112714549	0.009136743984084249	10.218060200668896	0.40807449111043953

drug_236.txt	1.90004096419473	-0.6676557462149291	0.0027900184255268967	-0.00016335136550038598	0.0659959027840416	0.008160034897877946	9.685448226113188	-0.41460620585267743

drug_237.txt	0.0828641652905258	-0.753699160593493	0.34790466824369803	0.8533808019652286	0.0651338603744649	-0.05137602184503282	5.414584562922159	-1.6735421174157106

drug_238.txt	0.0936787127001805	0.4464868547114234	0.30192602927097817	0.7716269029912506	0.11479094985624821	0.07352565099843769	10.778792051937833	0.22560697750949946

drug_239.txt	0.0663389531087984	-0.6504623092160747	0.02013783343360434	0.042245593990755115	0.09179660750489045	-0.01835624234044904	7.624644238966489	-1.5696098951877615

drug_24.txt	-1.83124543953301	-0.6877174277804825	-0.07111423088593803	-0.19489609845690198	-0.10016739152871595	-0.1215201467049297	6.446652239491114	-1.3946396894743065

drug_240.txt	1.91182329070497	0.5674324748369641	0.014512844788135248	0.04022795685629399	0.10329397513478365	0.018475246408110636	7.739261590923995	-1.374252580517829

drug_241.txt	-0.0281078382426361	-0.812213214086807	0.0012342742243770244	0.00019393572854065066	0.0702902224283665	-0.005971790128924237	8.173231031543052	-0.9717184498097629

drug_242.txt	0.0305925726794423	-0.6362972563811304	0.3146766962225551	0.8660309915342181	0.09021822817913533	-0.02313435296527654	8.259597350645944	-0.5996590596532358

drug_243.txt	1.81322119385025	0.6853280761007832	0.018151503965287058	0.07259819562476982	0.1306498401994306	0.07965933376767863	9.73575972194898	-1.1926463711162663

drug_244.txt	-1.82885927518978	-0.601331783538369	-0.005930081481215377	-0.008978567452055164	0.026500429538366267	-0.020061599492291818	8.409666207620171	-0.6122654442580101

drug_245.txt	1.80163856778934	0.6109555176111028	0.05367087373813688	0.0	0.10593773180234455	0.05960679817975052	8.662377860843334	-1.1263994859970863

drug_246.txt	0.0896040554552787	0.5780405960193287	0.2564959092661206	0.8240715716657658	0.09392942316359783	0.04734631307346287	8.888176273854024	-1.908279495978663

drug_247.txt	0.00509236145781333	0.6645093418672772	0.03211542708991058	0.0982308355037631	0.10987887818649796	0.07221079016327493	8.987618860253132	-0.5373485136087472

drug_248.txt	-1.78158019381185	-0.7171103734891066	0.003854160560088693	-0.013412262766018201	0.05370124112443993	0.03637541337274348	6.65694799658994	-1.150339654503729

drug_249.txt	0.097791773877645	-0.6373254087449849	0.24730473919627532	0.8319138523024847	0.09011421868744184	0.04298945392445237	5.878287100793495	-1.9810060624176276

drug_25.txt	0.0645237272296684	0.6759063936414796	0.0007243040066165496	0.007956360313256972	0.01873177259112476	-0.01360377901674142	5.615109187487704	-2.495969098670219

drug_250.txt	1.91596707502848	0.6978819857023222	0.010726370558432369	0.03711964069422724	0.10403709039083685	0.07004568727580543	9.4230179028133	-1.282938275346943

drug_251.txt	1.90098954132903	0.7116930236689627	0.017248488702158393	0.064421257563818	0.12369550528699406	0.08658295691130366	9.220106236474523	-0.540591852713793

drug_252.txt	0.0738776450708553	-0.6729106209435075	0.02669385038770873	0.08358277162632655	0.08648221545722283	0.05463157508382531	8.354187159813758	-0.33543047036180573

drug_253.txt	0.111183225162257	-0.6725057579416521	-0.010282849730808286	-0.007467910332998762	0.06267213142144329	0.024030305978828922	6.502839530461014	-1.5263525275982406

drug_254.txt	1.87987121881281	0.6849263469830751	-0.18741149311979244	-0.8161641898744767	0.073520012387527	0.05916028274345742	8.116479769165192	-1.5596409910644606

drug_255.txt	0.0683858827143901	-0.5999866629932203	0.02219102950073351	0.062049551091380994	0.08139723929802503	0.016245451310519007	9.237943471703062	-0.4997489053010696

drug_256.txt	0.0497638158147395	-0.5248583689982236	-0.0007415506893182766	-0.00694250429154164	0.060855537287545294	0.0016772514533410952	3.336363040199357	-3.744417557291041

drug_257.txt	0.0681362571527323	-0.5733427510113296	-0.002140202839034766	0.011582292815293493	0.07412468125103258	-0.008308254784987085	5.4893173322840845	-2.497304903953366

drug_258.txt	-0.0892161757363954	-0.4541495460314889	-0.041964811189546786	-0.09244691816627804	0.03440620954590655	-0.009217679344037468	8.028434651452555	-1.0163770444793707

drug_259.txt	0.156803256653481	-0.5819914208486657	0.02642015316612334	0.05912504559058768	0.11511465092678722	0.036349400344869595	5.833772706406977	-4.669427950256943

drug_26.txt	-0.0218671992011982	-0.7174777145425328	-0.03426053745456237	-0.05540235351765327	-0.005570524784481089	-0.05849015864198828	4.685513804183881	-2.9537315907316284

drug_260.txt	-0.08962325742156	0.5581978938933921	0.035069262071069834	0.1052492395801709	0.01955016200129544	0.062049260540952444	14.668634008787462	0.9287139347114244

drug_261.txt	-0.120638273359192	-0.7664746022373731	0.015357609387282645	0.03209538465709855	-0.012526318817279496	-0.03121543582217308	6.395947275231163	-1.5356373054480625

drug_262.txt	-0.125968739198894	0.7339098028000063	0.011076602148134773	0.007736789149784595	0.00017489222318466243	0.021579183204303194	7.635963013968129	-1.7191653432623573

drug_263.txt	-0.121137524482507	0.6967715930227387	0.012483729519597447	0.03409477918853504	-0.023624904909025902	0.04266965570889042	12.605154436356482	1.269944836520346

drug_264.txt	-1.80874969596887	0.6072170240382531	0.01111259381843635	0.040971246162015806	-0.012210608985283429	0.0034233280088692315	13.699665551839464	1.9368957782111875

drug_265.txt	-1.82517505792593	-0.7468537777289832	0.005679472550610687	0.0114908546725212	-0.05106257894721731	-0.005645545294145296	12.43404813430389	0.541690142698059

drug_266.txt	-0.142044625369638	0.6954078785523957	0.014612908287316595	0.04586296135905282	0.0043570656476547565	0.05225517110847887	13.956639779657683	0.6250556739026373

drug_267.txt	-0.120488498022198	0.6888977641022912	0.010556842033984631	0.04279297764771056	-0.0156393538424398	0.0385649840535806	11.022230965964981	0.6055528525568146

drug_268.txt	-0.152490495026691	0.682548442392877	-0.012350605670191084	-0.022262378385809467	-0.04905320310962253	0.02366651934061582	11.748285133451374	0.9814022710975454

drug_269.txt	-1.68947860260891	-0.6163650797444119	0.01115316373186398	0.03201333061785183	-0.029497303574311257	0.008567079266860457	10.950291822414584	0.9479502936214322

drug_27.txt	-0.04970492978481	0.7261723509741294	0.010070900974945868	0.03530258733677244	0.021151604562054973	-0.0014145743279521512	6.170621024329464	-2.212586489542895

drug_270.txt	-0.115784016283267	-0.7988348632945538	0.004540396386846307	0.020997522817228775	-0.03211940480176711	0.03347656787000402	11.108662863138566	0.05683758212196709

drug_271.txt	-0.0880371750067208	0.6060687288666429	-0.001252243481337928	-0.0062032068959742	-0.04044783844746321	-0.01716850995118378	10.914158305462653	0.3320608113074848

drug_272.txt	-1.79711714479563	0.6401775235368743	0.025682282591721728	0.06382338112138064	-0.029049373281267464	0.04726500211505556	14.223804839661618	2.0993687767608393

drug_273.txt	-1.81723696506522	0.6808799026544741	-0.011402010766736762	-0.023407882092201793	-0.022717392563111952	-0.010334779691528807	11.381847990032133	-0.3566968628791005

drug_274.txt	-1.79556946631335	0.6651709278730862	-0.02605652582826362	-0.06526059384362803	-0.039663858352123445	-0.002445279136747856	11.33882877565742	0.5194637861504042

drug_275.txt	-1.79067680530486	0.477844237036922	0.0331669452599235	0.08856434443531425	-0.0041416019788345845	0.03615413557014277	15.87477211620434	1.8086388321091307

drug_276.txt	-0.110142478589808	0.5919744976313268	0.0024001421829710212	0.016646248991754764	-0.0009696475595758127	0.011583588577114065	11.017312610662994	-0.5353048835579441

drug_277.txt	-1.81454100899932	0.6126457377722148	0.005326987201011574	0.03193761212622698	-0.02332687166042136	0.01508270065217219	10.352678864187816	-0.2680610635349025

drug_278.txt	-0.115983716732593	0.682163065314451	-0.0003073741806000341	0.0022920332424141154	0.00980012034630633	0.013849054851808	11.455151157452947	0.3280987141142222

drug_279.txt	-0.0870271515803219	0.6311708570198706	0.2660301563512745	0.7834013307550793	-0.02301256513972582	-0.0056759272414195466	11.584746540756772	-0.43458713290803963

drug_28.txt	-1.7987441914052	0.721157729100834	-0.002445191719814027	-0.009570907590664701	0.03216708111665949	-0.025620105068081996	4.5384484228474	-3.290694517814636

drug_280.txt	-0.115684166058604	0.5718415782113933	0.005100145429588837	0.02031361108631652	0.005321601186163187	0.04165859086838051	13.06176142697882	1.0709009981561068

drug_281.txt	-1.70572218595184	0.6025998601227821	0.0480954522506529	0.11093199692344091	0.05008399140414429	0.07495593768165607	15.843071676831268	1.3605688404015412

drug_282.txt	-1.82627341039722	0.5688941035748121	-0.0018209066639959248	-0.013922850422689315	-0.026888733566924065	0.015676333021627784	12.686418781559446	0.6463815654813397

drug_283.txt	-1.79821549726692	0.6735892294982575	-0.008559706100896264	-0.007648467983425666	-0.04016434399366077	-0.013926155875461815	9.704583907141451	-0.27259291244359346

drug_284.txt	-0.145639233457506	0.692599231861972	-0.010906338178461497	-0.01831780378576009	-0.024089044638242504	-0.006045667153553523	10.659190766607646	-0.09621817169243527

drug_285.txt	-1.76446612133082	0.5740997838959809	0.019218382345015855	0.038133579834422615	0.06538900395355861	0.07991690580717586	12.034730146239097	1.489094030361614

drug_286.txt	-0.0895733323092286	0.6608733053607878	-0.002096941110678499	0.013198296121915143	0.034509439622696036	0.0432648842591631	10.527562463112336	0.04196235164845952

drug_287.txt	-0.11624486347402	0.6243729875156204	0.01754446364619691	0.05661286685512862	-0.007164468017874371	0.02702436606741268	11.551852580497082	0.22703642392635437

drug_288.txt	-0.124720611390606	0.5092973023874143	0.042224357427903064	0.09291007843081911	0.03712029497299628	0.08753410803585347	13.73624499967211	0.5663371292561251

drug_289.txt	-0.0320224791018601	0.7023597484723699	0.015688147134112207	0.05270533887781015	0.009544225215021768	-0.0010561722599373535	7.716624040920716	0.83746160814152

drug_29.txt	-1.72926891713711	0.9172122720452527	0.005130849669424398	0.00475294114727326	0.022350171906613363	-0.01617574268694412	5.939051741097777	-2.3305250591269533

drug_290.txt	-0.0065901148277584	0.8082965196197768	-0.025852874967106504	-0.049055269488447184	-0.008209750548326598	0.016960134624847117	7.152941176470589	-1.2581493230697964

drug_291.txt	-1.79810540599357	-0.711295125128627	-0.033100220147509074	-0.06245711897602663	-0.009049398772401136	0.006220634018517655	7.364364876385337	-0.9406272238027206

drug_292.txt	-1.7636161142901	-0.6733865169605918	-0.05340677196596186	-0.1021218951486676	-0.05068241606983739	-0.04626666274957833	5.978896976850941	-2.213518071069758

drug_293.txt	-1.79148584815085	-0.8230089092609013	-0.04000100034683857	-0.08326758554715119	-0.020385569687194034	0.017659698588771214	7.214715719063546	-3.6548909637821647

drug_294.txt	-1.69037597449979	0.6620156532741475	-0.0073603962580074955	-0.014456778689376504	0.026838103755132004	0.041888088507092566	11.122289986228605	0.6795893718802865

drug_295.txt	-1.86209915895388	-0.8223417757456513	-0.03962475498242937	-0.07104244931842019	-0.03130280346484649	0.0021570697672411423	7.588379565873172	-1.9129260573595612

drug_296.txt	-1.81421073517928	0.7556419189300896	-0.001874522811809387	0.00010964103569610639	0.015299346514455515	0.004907862835986197	10.957925109843268	0.2470433778449299

drug_297.txt	-1.74999807980337	0.7352954795340524	-0.009370157666826001	-0.011501166209981595	-0.0011079481304288024	0.034519110188880965	6.9941242048658925	-1.2070394242636857

drug_298.txt	0.0188217673489766	-0.691715301024239	-0.0253389175647927	-0.03639769458570302	-0.009093065683581873	0.04466453915821537	9.075388550068856	-0.17991660449066332

drug_299.txt	0.0244633050424363	-0.7284269621611001	-0.04230746060063868	-0.09700190344632836	-0.008971439551338509	0.013054127013880475	7.64755721686668	-1.1684539991103446

drug_3.txt	-1.71315334690272	-0.6166002930568086	-0.0031700650052811224	-0.00825654091828032	-0.016071148773325356	-0.07349902778770454	8.060620368548758	-2.4848041515790786

drug_30.txt	-0.0214780393512296	-0.7369923628946206	0.0034329788628248703	0.013246350889096425	0.034294851139660465	0.010831112967905667	8.310053118237262	-2.2026910567820734

drug_300.txt	0.0450324513230156	0.6779029987175375	-0.21835211421249445	-0.8850752808748064	0.011137449851449162	0.036757629099343866	6.476109908846482	-1.2848072733737697

drug_301.txt	-1.73407324910071	0.8327744073317003	-0.02901000523246519	-0.06104621831856971	-0.01286839077077715	-0.008268980810357715	8.631779133057906	-0.988927034385331

drug_302.txt	-1.86706094704098	0.6264804416666478	-0.007884288130520417	-0.015488110141759603	-0.01908703720131843	-0.03566663164539361	8.22905108531707	-0.9859147366910981

drug_303.txt	-1.78812038352727	-0.7244549032469074	-0.019138324973395376	-0.040665461210727505	-0.027672520844356535	-0.046418265942360815	4.228513345137386	-2.638677998894417

drug_304.txt	-1.81961288835977	-0.8119802299294162	-0.023143238179360065	-0.05037384419869906	-0.017443882967174206	0.010548341804166094	7.833038232015214	-2.735176207440926

drug_305.txt	-1.64563411293316	-0.793262632558791	-0.03243447273102201	-0.07199279051038121	0.0058687899252893375	0.023040980567607623	6.999895075086891	-0.9817636948968754

drug_306.txt	-1.78354775529014	-0.7664657006074944	-0.04331591121373013	-0.10091023935303944	-0.03213139089165744	0.0003191849907598982	8.863099219620958	-0.8430361004261766

drug_307.txt	-0.0171537565446702	0.7015675930566827	-0.040153774688202026	-0.11799903960771962	0.009570444181506543	0.030323870531866397	8.04093383172667	-2.094811624493206

drug_308.txt	-1.81607844643291	-0.8178207698532978	-0.04921975335882678	-0.09804650367436835	-0.03645087768703776	-0.011763060563658407	9.40939077972326	-1.0375709197810987

drug_309.txt	-1.79966332552453	-0.7875981571277111	-0.04342061745043643	-0.0762807755181526	-0.02255162991031674	0.013283239840716651	6.035674470457079	-3.098864111073288

drug_31.txt	-1.80297758490469	-0.5980749895695756	-0.017289295822497025	-0.03235845338453841	0.012744468068924918	-0.05615138713763591	5.014741950291822	-4.2091994673031286

drug_310.txt	0.0663389531087982	-0.7590454512890641	-0.023332395466113237	-0.07132433329066545	-0.0237342917156135	-0.037987193037684795	7.635176077119811	-3.8799226422667674

drug_311.txt	-1.81088495461935	-0.8245078098616051	-0.03536028214129586	-0.05974860990944775	-0.00669179288314607	0.014403416035068128	6.41946357138173	-2.1632026777207405

drug_312.txt	0.063255117324014	0.6334343821099548	-0.015096083174718333	-0.016663996050260976	0.022310109683597715	0.048816547044248065	9.843006098760574	-0.814273303036186

drug_313.txt	-1.79352125657667	0.7759923298361235	-0.020481050124763617	-0.043525438770395775	-0.018057475913797177	-0.028531917970030657	7.329556036461407	-1.8348554300047262

drug_314.txt	-1.74237873958293	-0.7632729456950432	-0.04526520150454544	-0.09543903410418636	-0.02523747098447699	0.012307698936603516	10.363394320939078	0.20448887807100735

drug_315.txt	0.0734103972246758	-0.7766007985634921	0.001121174173334849	-0.001953999860918876	-0.001542393312886405	-0.021208992016096	7.0715719063545155	-1.3702037532016191

drug_316.txt	-1.77196640936032	-0.72582461749898	-0.06995435041238149	-0.14140892917258857	-0.034118827232056684	0.0009241241773367998	8.952259164535379	-0.4287536935111377

drug_317.txt	0.0557369074593238	0.8062340585541078	-0.032853493837578435	-0.06009694029641666	0.026194782465131124	0.06132201957783192	10.354619975080332	0.10427838326791519

drug_318.txt	-0.00194707938092864	-0.7401879185223448	-0.027578628834266622	-0.05270827520181692	-0.0032224077745436307	0.030877198549345137	12.495061971276805	0.14745367053235056

drug_319.txt	-1.82200929375168	-0.9419752858398281	-0.01817183025047983	-0.05623645019390511	-0.0034109162564241995	-0.027234041558389672	10.728546134172733	-0.28892912222787637

drug_32.txt	0.100369957883687	-0.7190668409266461	-0.016729936449525	-0.03162684735886062	0.007317944999700411	-0.053385544511170856	4.919378319889828	-2.2314874514212333

drug_320.txt	-1.8408707451643	-0.6572700688196065	0.0010365154810381416	0.00958118988154305	0.0037193954453559447	0.005154602456687698	6.143379893763526	-2.455063990847309

drug_321.txt	-1.81433106750131	0.5509560618982563	-0.015883813559323418	-0.026988370099331083	-0.01829710192901383	-0.034929197506726004	4.304518329070759	-3.390902212195117

drug_322.txt	0.0223165252121817	0.6624085797186916	-0.0017701114622306335	0.008792117830140056	0.027710989919714827	0.03017825216015322	10.2005770870221	-0.6978505022282738

drug_323.txt	-1.80272795934304	-0.7713462683715345	-0.02711833387513976	-0.05249975090232478	-0.03012924018367265	-0.04908135812661712	3.3918420880057707	-2.855267063163983

drug_324.txt	-1.88765057541892	-0.7670383237179457	-0.012703264455211666	-0.032332171887024086	0.0013043072708467881	-0.020327581988175712	5.797455570857105	-3.666379519527387

drug_325.txt	-1.8045662275817	-0.7560418955678264	-0.03152682908670232	-0.05042223586230815	-0.013155564514390039	-0.05861867792389034	2.4427306708636634	-3.38306927012473

drug_326.txt	-1.8137524482507	0.787043341998959	-0.027163186876954265	-0.04493334946938726	-0.02126355193562879	-0.05128615292079499	3.4807790674798347	-2.821728368202569

drug_327.txt	-0.0166045803090237	0.7304052728177698	-0.042263091692800125	-0.08288638289450206	-0.03495563292548383	-0.01693116921654391	7.309476031215161	-2.1424623332002315

drug_328.txt	-1.8792132314349	-0.7894877627618053	-0.03540004666231089	-0.06274469403278732	-0.008041707320424684	0.00422084861840316	5.434402255885632	-3.6556368632737097

drug_329.txt	-1.78071098480484	0.6871601799372583	0.0075672863144238545	0.015272825483133301	0.0005464075108412387	-0.03316647166617347	5.722630992196209	-5.028013739754614

drug_33.txt	0.0485771342985523	-0.5960002591507619	-0.016654603955664843	-0.02857236652614442	0.0072005678025246645	-0.05016587070538405	5.925621352219817	-2.4806342001305657

drug_330.txt	-1.7056735409706	0.7982623037469481	0.009195523704223052	0.02609409176995675	0.028449517488364797	0.04501205270820964	7.015909239950161	-2.1028560452931973

drug_331.txt	-0.0922411254912503	0.6791613572303586	0.009431761228487628	0.03725946076239639	0.06753113960611501	0.0410246004246594	9.55943340546921	0.3681919650060069

drug_332.txt	0.0806085743180101	0.745359858616282	-0.011567617796709867	-0.0333063525525647	-0.03227962059362354	-0.08681994762390968	4.4814741950291825	-3.5801101565203703

drug_333.txt	-1.88165956193914	0.7119204783648089	-0.03449535106987617	-0.07616196668499858	-0.0300014128787394	-0.05226812777921123	7.603987146698144	-1.5400852023720568

drug_334.txt	-0.00209685471792309	0.6798262072122396	-0.002063408799845845	-0.013330844374658146	-0.0227846854295193	-0.05151006269532356	4.291546986687652	-3.346416349740521

drug_335.txt	0.0484273589615577	0.7995294509372942	-0.006312733620541411	-0.008597405785361445	-0.00248160584684284	-0.052818891204658776	6.61169912781166	-2.6300851588512097

drug_336.txt	-1.87956270722122	0.7909627629446019	-0.0018337777515398113	-0.005658660552216921	0.009551345082880946	0.0008254900854721329	5.128349399960653	-2.4802872042053927

drug_337.txt	-1.79069600727114	0.7037921979060041	-0.01557684648496846	-0.03617006176291554	-0.030732119538520977	-0.05566035433314202	5.641930618401207	-3.3538728095338266

drug_338.txt	-1.81625766478487	-0.8755247811308179	-0.02898969342823532	-0.07035081152370992	-0.02763180320450495	0.004341261860408022	9.2301134500623	-0.38394451461026263

drug_339.txt	-1.84331707566855	-0.7252136030180221	-0.020474461628484236	-0.03086543181405399	-0.03699315013160821	-0.08688414917672052	4.265079677355892	-3.2974589908475043

drug_34.txt	-1.80613310803026	-0.6773175661465165	-0.026989466948469654	-0.06415885754385453	0.007505623781339799	-0.04743808549968785	6.724480293789757	-3.0999854465797982

drug_340.txt	-1.82511489176492	0.6958403166106599	-0.0018246074750315477	-0.01356389378220818	0.004958121604911419	0.010221488446084	5.646363695980064	-3.0127441421632115

drug_341.txt	-0.0166250624063904	0.6848846245163625	0.017934465979038278	0.02869615182188473	0.02482527063445572	0.08260519429622974	8.668476621417797	-0.05886160217422998

drug_342.txt	-1.83944339900406	0.5655733893348838	0.007401841602884776	-0.008556357210834142	0.03583436574703977	0.04807441838324641	5.450862351629615	0.38390576842638996

drug_343.txt	0.00681029737445116	0.8387149836595353	-0.007412071541540111	-0.0034924741716234053	0.00039583818934187933	-0.013185447782967612	3.432684110433471	-3.100501106452089

drug_344.txt	-1.75305247257319	0.5863571529811837	0.01352536944497898	0.03613466787366609	0.03602457022102461	0.047859487897125075	11.339261590923995	-0.044496072398681155

drug_345.txt	-1.85489970172946	-0.7042316181516111	-0.016652449217488985	-0.02938490565045082	0.0070202560938652635	0.004916642849954783	6.837143419240606	-0.45307580722563584

drug_346.txt	-1.88280783952277	0.7764416945016386	0.0029825339952378738	0.012591309775036252	0.003988449804730464	-0.027515006679380626	3.0300609876057445	-3.471241924861254

drug_347.txt	0.0286864574932472	0.8296977910662711	-0.019283731615520244	-0.036024440735025365	0.006188160656791405	-0.026300818190892687	5.4590071480097055	-3.619924397501451

drug_348.txt	-1.78145986148982	0.7271323773052257	0.003941181072999567	0.028719241364203008	0.03217092847642626	0.050374775301146084	9.827582136533543	0.4915770077190858

drug_349.txt	-1.81088495461935	0.5907640360807124	0.2828426544989172	0.7927233226293585	0.08339243400846055	0.1027101169613996	8.899731129910158	0.6237397181600335

drug_35.txt	-0.000848726909635555	0.7046734165167183	-0.017922419812987894	-0.02476498675932376	0.026105793497776194	-0.01673420327287139	7.369047150632828	-2.9663622926107673

drug_350.txt	-0.110392104151465	0.816767682979548	0.058703595071629935	0.06103751711453914	0.09900183106752797	0.09851313381075558	4.689789494393075	-2.117945118812997

drug_351.txt	-0.101655209493452	0.6359584056197802	0.30312422019003793	0.7661411053338836	0.0695151410561579	0.06755496127116362	6.100924650796774	-0.5517138153468684

drug_352.txt	-1.77858340694087	0.6086344079066255	0.3124344477654243	0.8913870802143073	0.09656901187362502	0.03887781303128322	10.620499704898682	-0.4805757796212761

drug_353.txt	-0.146737585928799	0.5926707657692207	0.31144537853175125	0.7427394403799793	0.08261869902716427	0.04080360789071887	8.74132074234376	-2.250891973461973

drug_354.txt	-0.0948653942163677	-0.807924577437563	0.05646273720836101	0.08372457611624085	0.07806356060765211	0.06404343537354272	4.8712309003869105	-3.131541052324685

drug_355.txt	-0.181086063212873	0.7627582871052895	0.3213881809154836	0.84237465721301	0.05003279335607174	-0.01401620747668484	7.201075480359368	-1.6611538727823383

drug_356.txt	-1.85926238846858	0.4412698841586111	0.06506617555769828	0.0	0.09578702840991299	0.11647791544810958	13.615174765558397	2.789581178289768

drug_357.txt	-1.89680607294187	0.8483365353863701	0.2915316596114209	0.7829984943217784	0.06808851704573683	0.05087683203828962	10.066273198242508	-0.17968519614086512

drug_358.txt	-0.137342703892879	0.7147391353649849	0.3181449058288175	0.780837051134945	0.10047907575804509	0.08144139431597709	8.137556561085972	-0.19960025526680947

drug_359.txt	-1.89505869401027	0.5983342683185691	0.09421464972292948	0.0	0.0956650090274162	0.00859753672666123	7.843622532625091	-1.3941506905602314

drug_36.txt	0.0349680607294186	-0.627781507856447	-0.00484630003353978	-0.0018242257145084095	0.02145544385392161	-0.015154445615081715	9.252488687782806	-1.2219443402382195

drug_360.txt	-1.83095484977662	0.8234865379481935	0.04718072904855557	0.10986314651002915	0.08030226362574956	0.07157297622387707	7.468634008787461	-1.6683543951438

drug_361.txt	0.0584738277199586	0.7460760590087763	0.3379570576401308	0.7972773981953923	0.10341836501386145	0.06425481066828312	9.56894222571972	-0.8892345453994267

drug_362.txt	-1.81607716630183	0.7079052572565869	0.31006988700012367	0.9475983359830458	0.11636005199418417	0.0976536382548613	7.3403764181257785	-0.854405534247579

drug_363.txt	-1.85766478487397	0.6167243841033153	0.3249134418364824	0.7808835880785299	0.06199272750348642	-0.02978494563692554	6.0638992720834155	-4.987596883078252

drug_364.txt	-0.12716694189485	0.5685533531614623	0.29476142142114503	0.7749740188697027	0.09303576600125887	0.0788332825246381	12.877591973244147	0.6339672383972947

drug_365.txt	-1.84927736600228	0.7092646320453795	0.35391749427654734	0.9290941305049538	0.07921514609317536	0.03841212907506797	7.272214571447308	-2.6237231295094907

drug_366.txt	-0.170152463612274	0.7122105114231708	0.35187815952388035	0.7984745672599382	0.09073735727876091	0.11163922059817097	9.525778739589482	0.28701833964469603

drug_367.txt	-1.73744511437971	0.637338263460475	0.31273938736075496	0.7958195162610304	0.06791022920299439	0.02265352005300836	7.631280739720637	-1.726486788315664

drug_368.txt	-0.12317293290833	0.782003916869327	0.32985101763597613	0.7762404489206792	0.07407076723534244	0.013344816130042885	7.900793494655387	-2.3232204039453124

drug_369.txt	-0.143142977840931	0.5483420122487587	0.35306339865701736	0.7526490673137539	0.09165040773508615	0.09191076667395633	8.742606072529346	-0.890867387385739

drug_37.txt	-1.75580859480011	0.7074861312232934	-0.007873350621090652	-0.027802670600571122	0.020049246533430848	-0.014845383531742222	7.248619581611909	-2.2417668085200355

drug_370.txt	-1.9279094179244	0.6875639173652527	0.313100735985233	0.787760664362295	0.04969666860617468	-0.0031130741158722866	6.524860646599777	-2.850563339908664

drug_371.txt	-0.0999078305618496	0.8736079029052306	0.073125810752429	0.0	0.08278096697231581	0.08177993839406573	8.231936520427569	-0.38543308175457813

drug_372.txt	-0.110623807877927	0.7648615818519258	0.34417293527872894	0.9293282468149904	0.0785097491303308	0.03839361634612898	8.788340219030756	-1.498359613552737

drug_373.txt	-1.85496882880807	0.7593200368368384	0.04532074263311758	0.11978438965258897	0.07031831545853683	0.05384223509663781	2.547353924847531	-1.8214618497293977

drug_374.txt	-0.0974115749452744	0.6469005310962495	0.22193375051807324	0.7539194143600314	0.043868728367127546	0.027653141378473627	11.6349006492229	-0.12559771369031905

drug_375.txt	-0.116864446919365	0.6027214518246646	0.21864297256857684	0.7167013228725246	0.05867837718636516	0.05764543118640541	12.738802544429143	0.7496713405525552

drug_376.txt	-0.175294750182419	0.6751807529528606	0.288424289958786	0.8188933145512692	0.05762527596189012	0.04367369133507092	7.0502065709226835	-1.0594515127920043

drug_377.txt	1.86986571424914	0.6181276432753859	0.03002321804308243	-0.011477003758993964	0.021290808386707664	0.007526212601743219	8.25656764377992	-1.6958831646754529

drug_378.txt	-0.0983601520795729	-0.7682224947153733	0.055768973583388864	0.20720644396665944	0.09621399617847287	0.08168023161674878	2.905292150304938	-1.2997209923838764

drug_379.txt	0.0189920247833377	-0.7006129288214341	0.26146196298025126	0.8191354940761131	0.11532544296344632	0.10515396095077643	9.633379237982819	-0.7839281913130632

drug_38.txt	-1.74344764903926	0.7292419836840893	-0.005434410803645845	-0.005990866197236877	0.02903024634212355	-0.030191106859997888	5.590307561151551	-1.9712968145411172

drug_380.txt	1.77075540535351	0.7313934259764399	0.3398589393614729	0.8837050390109917	0.10574442553495686	0.08688751977796472	10.301606662731983	0.37982091325402106

drug_381.txt	-0.0425157136090736	0.8102799455807894	0.3460759950261106	0.890274366455477	0.14340653912494475	0.12807459046224123	10.08888451701751	-0.8945648421148631

drug_382.txt	0.0222384372159709	0.6522469098244565	0.2836048738362947	0.8253090994107917	0.0983137115182274	0.032991204711682036	4.476214833759591	-1.7665510806906721

drug_383.txt	0.105741387918123	0.7517653568997154	0.06314100833076	0.12635894651336482	0.11980700808997877	0.07468096799532827	9.183133320217719	-1.2121404160408713

drug_384.txt	-0.162036432530691	0.7321136243232222	0.28671859132869865	0.8579159007312203	0.15226429241092476	0.11648196435823575	9.279047806413535	-0.8627983770015191

drug_385.txt	-1.79847408374618	0.5456635769622101	0.35321451144848276	0.9802262529872604	0.1626087597841397	0.11463603982290566	13.632933307102105	0.9657181937035919

drug_386.txt	-1.78331733169477	0.7107146595057585	0.02460412562023362	0.06259150711235412	0.09038876609803972	0.09288645205781233	12.082877565742017	0.742862202351764

drug_387.txt	-1.82966831803577	0.7460035860425854	0.21949830882970575	0.8248305877424632	0.09983525803727951	0.08086275153176221	9.275467243753688	-0.7432530200727122

drug_388.txt	-0.0538691962056915	-0.7981657278029755	0.014961747467663239	0.04073217869519341	0.08028625386654174	0.04092576749826873	7.942815922355564	-1.0495967371307544

drug_389.txt	-0.0252416247423736	0.6327100608921401	0.3212972624774164	0.9071388470524875	0.15045566934995927	0.10945457374580261	7.197626073840907	-1.2021834201041657

drug_39.txt	0.0438547307244261	0.7754427842784176	-0.023414799910052964	-0.048374620824004066	0.010600832075141774	-0.03344285687794858	4.3642206046298115	-2.276314398000644

drug_390.txt	-0.10564153769346	0.6610157906111132	0.20800319155644645	0.7919797318565414	0.14886731367423867	0.1272877472104988	10.184221916191225	0.14425312794969958

drug_391.txt	0.00546359947258601	-0.8392263122362322	0.026654677184052095	0.04602934786408763	0.10707019575363014	0.0979363125400856	10.04228473998295	-0.8746219422577389

drug_392.txt	0.0424760295454254	0.556361499823556	0.39637490365380007	0.9533155196172152	0.18098879048733138	0.12027159781260316	11.157938225457407	-0.39348393616326116

drug_393.txt	0.0484977661712559	0.7543101265927448	0.04893623004925021	0.09119083051283322	0.10682133094654284	0.09199936336372982	11.595252147681816	-0.3367084295251741

drug_394.txt	0.00718793604465107	0.7141768327037923	0.06638151713460402	0.14602279162785037	0.11422337703026929	0.054967654866956164	9.670706275821365	0.07496600478745728

drug_395.txt	-0.0107543812486399	0.7079860928641662	0.02302866089669392	0.044235689690644675	0.08664290355085433	0.06955999554105835	8.886930290510854	-0.34238986702362817

drug_396.txt	-0.180029955067399	0.7193418206741942	0.2124011463434386	0.8129447262148292	0.14106725049562327	0.11544043625931273	9.963407436553217	-0.4120740802334518

drug_397.txt	-1.79691616421522	0.7078194775122156	0.05584554133020661	0.10742865925444217	0.11463369385652841	0.1037364167813666	9.209285854810151	-0.5583825328195297

drug_398.txt	0.0702420727882535	-0.8409534147897533	0.25525047264066314	0.8355184255066761	0.10886671413489035	0.07309818552736229	8.237405731523378	-1.172257339515861

drug_399.txt	-0.053519720419371	-0.8745052443660624	0.05243619314870937	0.10564561266828126	0.10898433585480759	0.07038809552291905	7.187081120073447	-0.7663484372315392

drug_4.txt	0.0318611825850966	-0.5872946935250858	-0.02416622460981034	-0.05558759074230335	-0.04168406341825803	-0.08926892116501342	7.294432421798151	-2.3488546698346338

drug_40.txt	-0.0561951943879053	0.5977941884121859	-0.012577538231041324	-0.025305826769940143	0.032969783951381844	0.005200259441215429	7.75953833038232	-1.2986239979317191

drug_400.txt	0.00489138087740182	0.5788729095795802	0.044061994211220396	0.09482975440656177	0.08416629853901067	0.08236126711872475	6.491769952128008	-1.161141282254859

drug_401.txt	1.65240344611288	0.6925331742955106	0.24211193244793927	1.0216724306969267	0.16008704052692174	0.11494679822051265	7.807344743917634	0.4468503289134553

drug_402.txt	-1.75415082504448	0.5259952607868829	0.04949889609517122	0.10399831485611877	0.11286130412276124	0.09356299384239614	8.869040592825758	-0.6474957270473467

drug_403.txt	1.7719856113266	0.8161752957160693	0.2579950285640473	0.8548914683534932	0.13210082111524846	0.10146454007912191	7.067099481933242	-2.1270738121037476

drug_404.txt	-0.0950574138791813	0.6220513531903072	0.34121365233750606	0.8859574847581789	0.12513598685670055	0.06405972773064378	5.295468555315103	-2.789233371830634

drug_405.txt	-1.80737099478987	0.6366667882005224	0.2557978339647603	0.9157836506453785	0.06751539891605092	0.040166585745157204	5.515168207751328	-2.247654705096153

drug_406.txt	1.67822625036804	-0.8935172224410245	0.036330343696518025	0.07504477133425974	0.1089640072754805	0.04678822383810808	5.890366581415175	-0.8494015207799755

drug_407.txt	-1.69726564000154	-0.6920549685284567	-0.2787713370457775	-0.8129988175797476	-0.08349863099045499	-0.016235459403598475	5.258915338710735	-2.6764920853131864

drug_408.txt	-0.160497714966013	-0.3918468844960876	-0.373730095934228	-0.814425447031065	-0.13500711081585426	-0.08547376513482723	3.273709751459112	-3.7310081952525773

drug_409.txt	-0.131602596105841	-0.6905898264219008	-0.37497900516621185	-0.902315578616534	-0.10278285141615	-0.015605311776899618	6.489107482457866	-3.1474812625573714

drug_41.txt	0.0226544798187334	0.8244604755579195	-0.04351813473671404	-0.0945727252501149	-0.011985125035995619	-0.060445284516191654	5.490196078431373	-2.2235039097466025

drug_410.txt	-0.154647515905629	-0.7396454583031549	-0.38872401810306134	-0.874219944192277	-0.13761683403988714	-0.0421434720347503	6.094799658994033	-2.242270453467367

drug_411.txt	-1.86022120665156	-0.706901378919512	-0.3750844004416927	-0.8607420246987482	-0.11502866769203714	-0.10589159690911841	4.454521607974294	-4.324918005907653

drug_412.txt	-0.166438803333461	-0.7285644940662109	-0.3801284656684583	-0.8581031682712124	-0.11149433664619655	-0.014811048845734134	7.931326644370123	-2.1980995668550274

drug_413.txt	-1.83778562924844	-0.5795497904561392	-0.3425083517036013	-0.8025189459345419	-0.08967689351960996	-0.03135019623019084	5.016446980129845	-3.770512772671715

drug_414.txt	-1.80944736741042	-0.5941526149894831	-0.37206960128097766	-0.8817165136064065	-0.12462812424652386	-0.11869060029087956	4.054206833234966	-2.6971265060837104

drug_415.txt	-1.86721072237797	-0.7480379558282353	-0.3716230919962666	-0.8399971275322726	-0.10575585658138353	-0.004592699645037688	9.449144206177454	-1.0896533565535567

drug_416.txt	-1.86141940934752	-0.6341618228611569	-0.4092910602750589	-0.8581194173972433	-0.12905098922239322	-0.0721405581504952	5.384510459702276	-2.625545559148791

drug_417.txt	-0.0972336367244006	-0.6535247898139722	-0.3859485034592769	-0.8683533236201468	-0.11523427565057648	-0.02471475163255699	6.982346383369401	-3.2844860955671504

drug_418.txt	-0.0927403766145654	-0.7448354202101253	-0.37958159235603417	-0.8639702622905736	-0.11963694592677737	-0.08237917949633773	3.369519312741819	-3.5141860327937238

drug_419.txt	-1.79661661354123	-0.8371481910853256	-0.35842144538464205	-0.8533953750105145	-0.07262922157538745	-0.04961056151318842	5.510761361400748	-2.6567514827511896

drug_42.txt	-1.81788599152553	-0.6288322182042132	-0.020424656848975153	-0.025718163607404476	0.002459777778798365	-0.06694018534600317	6.5595383303823205	-1.6738523070441564

drug_420.txt	-0.0543684473290065	-0.46556715863824033	-0.3588045945178476	-0.8596339713417376	-0.12455673678999503	-0.09124445228276339	0.528637943471703	-5.113401575511739

drug_421.txt	-0.0271503001907395	-0.5843045794665185	-0.37853094153537625	-0.8476352698597884	-0.08696874174660392	-0.057759669206301364	2.424775395107876	-2.401477201580186

drug_422.txt	-1.85058565997158	-0.6714526665145956	-0.3458725457363241	-0.8378613446348134	-0.11323551572357375	-0.04995742384589207	7.137425404944587	-1.824565420455632

drug_423.txt	-0.169883636084335	-0.561152661554065	-0.4144877689046585	-0.8584695346348367	-0.14294885136246535	-0.11020861552953462	4.320361990950226	-3.8158335479863896

drug_424.txt	-1.76411536541342	-0.6388835762455973	-0.06287727796061127	0.038059353775921845	-0.09105414716404572	0.005248603807716767	12.32770673486786	0.9282092288344842

drug_425.txt	-1.88363608433504	-0.7635315668202783	-0.061325099903422345	-0.2788222033900125	-0.07191118819722783	-0.019680118028856226	3.494432421798151	-3.472971910612187

drug_426.txt	-1.7818387802911	-0.6712305336290804	-0.3602402966629995	-0.8460119039158511	-0.14087076719954458	-0.06444822509625303	6.641838809102236	-1.764376064868124

drug_427.txt	-1.78288720765006	-0.6596448405334976	-0.34995771618663474	-0.8214160291953172	-0.10709398276534891	-0.004360764912397352	10.95204931470916	-0.09617445163325934

drug_428.txt	-1.77095510580283	-0.7350196595915208	-0.32349425602331416	-0.8436485151381589	-0.10546466089168342	-0.040302047535157516	8.368981572562134	-3.4464917450261896

drug_429.txt	-1.86671147125466	-0.545497960276244	-0.3557365758199301	-0.845571637846078	-0.11039027061763598	-0.08250354688841237	5.446822742474916	-3.345901517957646

drug_43.txt	-1.8058834824686	-0.8153685299404954	-0.019909181968485706	-0.02935609798795835	0.009526057693297696	-0.006956039071265926	7.961623713030362	-2.3192242295712298

drug_430.txt	-1.84234801643688	0.7077831778642216	-0.0500259258407339	-0.31523618037181506	-0.05629598036666946	-0.016883762333374575	7.592196209587514	-1.2336937063738327

drug_431.txt	-0.229743845769807	-0.565472657207389	-0.35018308118526853	-0.7944757323284473	-0.09070378819807197	-0.03073886525237742	3.757649681946357	-1.829129681077448

drug_432.txt	-0.108886669995008	-0.6073753239042612	-0.371191016602252	-0.8190440201563771	-0.07709381924141226	-0.08431434830533859	1.7476686995868582	-3.483966563295991

drug_433.txt	-0.0898946452116698	-0.6390274974767881	-0.3777237732136379	-0.8675473607351065	-0.11050191896152026	-0.11662629729813866	0.5807462784444881	-4.466700541805933

drug_434.txt	-0.0805087240933472	-0.6790107403777409	-0.08555423854259538	-0.19107834500359006	-0.06959826455955441	-0.08995045327002357	2.8481998819594727	-2.435063269830743

drug_435.txt	-0.172250598461282	-0.6222957957723003	-0.3229957433136035	-0.8278695000738271	-0.0736080892417527	-0.06408380098789153	5.185874483572693	-3.2601931904280903

drug_436.txt	-0.00374566355594819	-0.7738950102075959	-0.21838740435690654	-0.8206008209052673	-0.0009975740852006321	0.025978316775350282	7.305344612761493	-2.115402825388166

drug_437.txt	-1.8270312479998	-0.6494715791940648	-0.06190601693628964	-0.13381868803115105	-0.009245162488934696	-0.002229875688400851	10.219870155420027	-0.32146803801651047

drug_438.txt	-1.82089173931411	0.7001568967205027	-0.04382558594960148	-0.10807166672722202	0.02761430144253346	0.03281449760685851	9.31380418388091	-0.47370304412400377

drug_439.txt	1.77591817402102	-0.7346381415390572	-0.035366366265360605	-0.07448405009806791	0.027193420659136474	0.025204886492212742	11.155590530526592	0.4982917504005178

drug_44.txt	-0.0968316755635777	0.6866736587630696	-0.0004752021682657981	0.013545760850825816	0.03431703642518061	-0.008826246752175875	5.190137058167749	-2.8394964409087993

drug_440.txt	-1.8109860849751	0.7213869511349308	-0.048365310482601453	-0.10636395544842925	-0.00669654502609165	0.0017993648265978166	9.132546396485015	-1.0507260021455704

drug_441.txt	-1.85262234852849	-0.7050700035087103	-0.03833569734319969	-0.09428617695943459	0.02610818948055512	0.02614131014397441	7.315561676175487	-0.5914591243004289

drug_442.txt	-1.73374169514958	-0.6965582738352794	-0.03285757471899223	-0.08110867753065937	0.01380222842113487	-0.039839994038938634	8.992169978359236	-1.1756210816547514

drug_443.txt	-1.81849405379111	0.686544183031868	0.004688519089369125	0.015867103795491055	0.07656219665725442	0.05794153415333519	16.87612302446062	2.1592966041844304

drug_444.txt	-0.0356068461410448	0.7903048741584959	-0.03401739344116317	-0.07933183448466335	0.040520493825065784	0.038484868077445736	14.180208538264804	0.4620848837373816

drug_445.txt	-1.87114456520348	0.7831870783798837	-0.0016074596231041571	0.005813937240710332	0.0741437415475761	0.05026038604941162	15.35301987015542	1.2767080158766404

drug_446.txt	-1.75728586607269	0.5141692019289752	0.019325075066970343	0.0567116605432848	0.08017730481583334	0.10016926120073565	16.890196078431373	3.290006613765149

drug_447.txt	1.83051576481432	0.6571889148584781	-0.054232371519034483	-0.10468216334345437	0.024632073079546634	0.015090641263488502	11.218060200668896	-0.3149467044140384

drug_448.txt	0.00340386855614006	-0.6536500879188778	-0.030825308681191488	-0.07441922555197567	-0.008126677438318956	-0.048558230739433536	6.88312676241065	-1.1525807873441956

drug_449.txt	-0.0302840610878554	-0.7045420111023335	-0.06365963967380309	-0.1832516543905447	0.013619314918386654	-0.0005428502652970524	9.366109253065774	0.21667578344814792

drug_45.txt	-1.82707221219453	0.7086625803031286	-0.01947604530022587	-0.04737358280564463	0.020324169013861183	-0.010678763122243163	4.150645943996327	-3.9400187998582363

drug_450.txt	-1.82411638951829	-0.7395746269517482	-0.02067774614340459	-0.035144784220442093	0.006893956436992836	-0.03697951948050986	8.9403501868975	-0.4909667880831488

drug_451.txt	0.0296759988222793	-0.722997595309099	-0.022457659580746026	-0.03657598910525095	0.015479409971503377	-0.05211696889120363	8.108466128926487	-0.6052047451998376

drug_452.txt	1.78929810412586	-0.5937363956767685	-0.05582380429079151	-0.14922392601012974	-0.018236650321251675	-0.0758441392813817	6.768430716768313	-2.5367717711849123

drug_453.txt	-1.75809490891867	-0.7544102898540346	-0.029374369030098768	-0.06131858499993276	-0.007600470700353481	-0.02602810337201663	5.755564299298315	-1.5368446071557846

drug_454.txt	-0.0251827387124441	0.7781556150865264	-0.02121137953283228	-0.0353105186973115	0.017958917280322676	-0.016777372520500478	10.627555905305266	-0.4101341968662613

drug_455.txt	1.81339145128461	0.6857124582395958	-0.01728049535530163	-0.03145145442660624	0.02746073408279511	0.031322456332137844	10.899888517279821	-1.840462600150203

drug_456.txt	-1.76407568134977	-0.6787584412987913	-0.039694297866539247	-0.07221611941027978	0.006716319830280487	-0.02472214406292365	7.035976129582267	-2.631276809917714

drug_457.txt	-1.84726115954274	-0.7710190529525944	-0.05001806405373321	-0.08734842317334945	0.010740466464161706	-0.003822735506674754	12.005600367237196	-0.2291654745915596

drug_458.txt	-1.82328814470602	0.8525702474390515	-0.029292697257539607	-0.04152835421010376	0.01121386712445839	-0.002258121804910593	11.402347694930816	0.17935653475983857

drug_459.txt	-1.83230410794065	-0.678068247297484	-0.048694169842457946	-0.09410629018912792	-0.008723945496184759	-0.03509734041501741	12.119509476031215	0.1406438746488007

drug_46.txt	0.110872153308499	-0.7107768482428618	-0.041413213528518567	-0.07966595009368943	0.011215186010489755	-0.016356053660455765	7.508243163486131	-1.791656656640207

drug_460.txt	-1.82937772827938	0.6796059495230689	-0.04428224977543663	-0.08981185787510176	0.030185950179813115	0.0132503893703517	12.506341399436028	0.05317063167014236

drug_461.txt	-1.82019278774146	-0.7913514987095739	-0.0292106850981024	-0.058563205293144405	0.029368270437935034	0.010407654773202159	9.846193192996262	-0.9558851373591567

drug_462.txt	-1.72811039850481	0.7280215657985476	-0.01761872894408309	-0.03093677100364156	0.03325065186522159	0.019558108710290262	7.399501606662732	-1.6075560802650242

drug_463.txt	-1.85741515931231	-0.7110036035232911	-0.06303273800925793	-0.1313390905429584	0.016547428591542002	0.0037501964558850323	12.292451964063217	0.5103212605414494

drug_464.txt	-1.77571847357169	0.6517882974773985	-0.01845945399730492	-0.029114039869585717	0.03267136373213129	0.013690258284684375	11.453734671125975	-0.8208512077422728

drug_465.txt	-1.89435974243763	-0.6778869930472566	-0.029849929429241917	-0.06496198735551695	0.006904257230909851	-0.011124248830562332	10.489186176142699	-1.017557452683689

drug_466.txt	-1.87023567213283	0.6428773458966245	-0.00440027535280052	0.00030988016720179257	-0.008082471950416035	0.017460775682055205	8.645012787723784	-0.3825323436417236

drug_467.txt	-1.83079483339094	0.5403192983046952	0.028818382455137792	0.07334781335660218	0.0150111900733908	0.013033389554436751	9.041655190504295	0.40105956922095193

drug_468.txt	-1.91272194272694	0.7113892701362972	0.02310990556902541	0.07231627675909119	0.05164530977943479	0.04363704460700979	8.48973703193652	0.7759376518976296

drug_469.txt	-1.86478487397109	0.5545169293660619	0.02610126672563101	0.08978236567289805	0.015637487295372735	0.02580010399513827	13.326565676437799	1.1569350324412586

drug_47.txt	-1.79851504794091	-0.7673473963882592	-0.039092697306614244	-0.06462614815787138	0.01286577816486232	-0.004564426646984737	7.677736244999672	-1.2906040615624477

drug_470.txt	-1.84349629402051	0.7195582520845689	0.01618516750237098	0.01912087176757099	0.022834756709610736	0.02621452471503139	8.825496753885501	0.32460670589585827

drug_471.txt	-1.87626764980734	0.4501964658957932	0.05692587748459296	0.15446432669668375	0.05730613566307651	0.05489203192033984	12.990556757820185	1.7935885649023913

drug_472.txt	-1.89375040004096	-0.5724494711720043	0.012132082674330774	0.04749177466521781	-0.009044244103831705	-0.027131132244657255	6.392786412223752	-0.6340599277221671

drug_473.txt	-1.93224266164855	-0.667599729855499	0.0019376176769749787	0.012826484596003107	-0.03215690275044743	-0.032011685952646175	7.379159289133714	-1.1971679364428676

drug_474.txt	-1.87320173585775	-0.6833505362961683	-0.022812086326248746	-0.0651219979903217	-0.03753468350046516	-0.039095004839694615	8.541110892517542	-0.567552657549732

drug_475.txt	-1.88768001843389	0.6694966271708558	-0.010854168121080032	-0.021135314466503186	-0.036309762933721415	-0.010718732126697302	6.075100006557807	-1.1956508728590882

drug_476.txt	-1.87559814124966	-0.6634796350758014	-0.016335425188455835	-0.044026305169004076	-0.01406144853876708	-0.018293331705088362	6.738317266706013	-0.6843580923214956

drug_477.txt	-1.88945684038046	-0.6691905454719638	-0.007336498002802144	-0.02035418208769124	0.02613497157351114	-0.00029656885945103506	6.3544494720965305	-0.729206730029877

drug_478.txt	-0.0259610584123814	-0.5904020048489427	-0.02242158008918871	-0.05237427829533453	-0.041991785123393896	-0.05545240281406339	5.027162436881107	-2.480528082328488

drug_479.txt	-0.0466300549176236	0.6474173632505613	0.23576794997216255	0.7623431758526256	-0.0014543953715161705	-0.007229328952853639	6.744429142894616	-1.9006904961046285

drug_48.txt	-1.83977239269301	0.7456138523058162	-0.0182428945773406	-0.027497777862026895	-0.011565347124005624	-0.049354688629155825	5.9325070496426	-2.505923098348041

drug_480.txt	-1.89716578977687	-0.5821875508201029	0.2749068455777798	0.8274649160908654	0.008954099186957767	-0.007731862875429734	8.599947537543445	-0.889496552997826

drug_481.txt	-1.88621170807891	0.5080423066193384	-0.005679462010989261	-0.0007606717647893335	-0.010052987771262106	-0.0295290653704225	6.198308085776117	-1.2528834300498386

drug_482.txt	-1.89307193056569	-0.561441121766248	-0.007902826108583533	-0.020306890748231776	-0.02307027494302905	-0.037046485635936426	5.3660436749950815	-1.7750994500008999

drug_483.txt	-0.0761357963055417	-0.6502941714784798	-0.00024985775290717327	0.005592405461813943	-0.0010255079380945722	-0.005894865630177504	10.081552888714015	-0.14108500540548682

drug_484.txt	-1.92475389479883	-0.49485336962064963	0.2793359508796023	0.8054642116219706	-0.0029826764374390287	0.0058134687831062565	8.506341399436028	-0.5594933188767381

drug_485.txt	-1.90827860772943	0.514939971561565	0.2868526951602118	0.8266729604453724	-0.0009664440060179421	0.008290360216501143	8.846140730539707	-0.8884802618960261

drug_486.txt	-0.0506240639041438	0.6605321839846381	0.2938593246181245	0.854426228285962	0.03235680638020583	0.00032087418253083156	5.284884254705227	-1.959843360965818

drug_487.txt	-0.0409885172241639	0.6018622668321838	-0.004545784385051099	-0.017529880541381382	-0.038415284742041325	0.004070206775003713	8.956679126500099	-0.3551986866395749

drug_488.txt	-0.046580129805292	0.6064159785544772	0.028501098927293272	0.06267093052453421	0.018207280670760488	0.017642071398768833	10.114853433012001	-0.37637707117468133

drug_489.txt	-0.0491263105341987	0.5088034486428291	0.3146696802107807	0.8811922650323551	0.005298411574387812	0.015710157621763532	7.679428159223556	-1.33244957496131

drug_49.txt	-1.74276917956399	-0.7977530884843436	-0.05035160956109544	-0.09942093848649358	-0.049676242042093796	-0.06350888599084348	5.913227096858811	-1.713839490447301

drug_490.txt	-1.90623167812384	0.5664342292861195	0.012671284410026018	0.02380325291387625	-0.005169943465307757	-0.010276772439116438	9.168378254311758	-0.15305160551641986

drug_491.txt	-1.90513332565255	0.5588760003023291	0.013844947850912115	0.04116383780578409	-0.008502721554995731	-0.030525936993470948	6.23499245852187	-1.1224121572993078

drug_492.txt	-0.106657961775286	0.6155856361333127	0.01672999188225502	0.042317764113777245	0.00697732016577886	-0.0010826940300819113	9.385808905502	-0.4357653396773069

drug_493.txt	-1.78032054482379	0.5733442131499454	-0.016138299716112414	-0.032822731144023676	-0.010041950060868212	-0.005305247416401941	9.90901698472031	-0.19323153542316263

drug_494.txt	1.91704494540241	0.6179501207008488	0.2486629537203624	0.9371942793407841	0.07780329212312909	0.0661427533602224	10.023988458259558	1.4234652954574654

drug_495.txt	0.00310431788215115	0.5669474688582752	0.008966418622172512	0.017741266635796282	-0.009502703877935174	-0.03057749115428625	6.392458521870287	-1.2335104082082131

drug_496.txt	-1.83937299179436	-0.5506328370028567	-0.03146977699782841	-0.06024584183468934	-0.042765586248441366	-0.045232581202731506	7.478837956587317	-1.4911680200955266

drug_5.txt	-1.84191917252327	0.6902233969641492	-0.0013554206820949877	0.00816995172172219	0.001249869261008282	-0.03489675294666042	9.934159617024067	-3.1137906316068524

drug_50.txt	-1.82774044062112	0.7026509158412082	0.0023172639924409766	-0.0011803118593667339	0.008464956951447632	-0.06324017630146908	4.327903469079939	-3.5102119073398512

drug_51.txt	-1.64324922872102	0.6697604614132527	0.0012148073779910395	0.0027876452267723284	0.025418090718174007	-0.023480614301664746	5.6703783854679	-2.630990511528191

drug_52.txt	-0.0807186655913565	-0.9268218610171246	-0.017581254737368934	-0.022704109487988178	-0.0023418388918041914	-0.06459009506817619	10.061341727326383	-0.1794525616140641

drug_53.txt	-0.0477783325012481	-0.7996508669872097	-0.030673777798947116	-0.06756808610581333	-0.008196634529923837	-0.044823096081298794	11.722027673945833	-0.02463421233988182

drug_54.txt	-1.84236849853425	0.6565102960878815	-0.03911853874373941	-0.07697258683521158	-0.01888664270549365	-0.06097658885539958	5.635713817299495	-2.165966946566421

drug_55.txt	-0.0852413687161565	-0.5776378737772276	-0.011630327448651917	-0.011116766379001941	-0.014447347695331687	-0.054934686955875035	7.299154042888058	-4.658956824435003

drug_56.txt	0.0245631552670994	0.5068198673473878	0.004752318278783807	0.014759558977822163	0.020259208877481897	0.045450071049941095	13.39778346121057	0.1742077477457241

drug_57.txt	-1.60691526812346	0.627968896894957	0.009920425718495052	0.021730460219001102	0.03161577418108401	-0.0007139776444254987	8.32857236540101	-2.278222894507873

drug_58.txt	-1.7950292509953	0.584112346560258	0.020153482373345133	0.04050895354699158	0.030349041678545567	-0.02880955542600069	7.728310053118237	-2.228451389798095

drug_59.txt	-1.83111614629338	0.6326806839620609	-0.024256156960414083	-0.04941187002215791	-0.022697222634342932	-0.048835032810000886	6.342920847268673	-4.212146305623091

drug_6.txt	-1.70631360651331	-0.6847389994818177	-0.01403461072511851	-0.02477406037896901	-0.025587190463821317	-0.07960117032388779	7.168614335366254	-3.3208492183399856

drug_60.txt	1.79426117234405	0.6131553263865327	-0.010547007883214027	-0.018733793465055437	0.025279898856109498	0.008190867365680494	11.105620040658405	-0.3756788487584849

drug_61.txt	-0.00678981527708433	0.7275977267213682	-0.003886560234044184	-0.01588832364171283	0.011940502487606657	-0.00010850910939011451	9.956102039477999	-1.3335862036928667

drug_62.txt	0.0615141390478384	0.6614975890680574	0.00044070487864300567	-0.005112227061958408	0.027745876743154187	0.023918541952419346	6.919522591645354	-3.050403987792605

drug_63.txt	-1.67923371353227	0.7125542797090438	0.019982758914983634	0.04283344465181216	0.03342523654234278	0.035769962218026426	9.877801823070365	-1.1819281395889638

drug_64.txt	-1.64660189203374	0.6368913243081828	0.012349890769307481	0.026396743381746912	0.02288116521929289	0.008726653100523033	8.139825562331955	-1.286363872021811

drug_65.txt	-1.80622399733733	-0.7941297409828354	-0.012181861035127112	-0.026134489557037066	0.010338941683171442	-0.009362596680869842	4.558633353006755	-2.4649368224713832

drug_66.txt	-0.0520219670494259	-0.7611786371211645	-0.017697109782938703	-0.03488079300043101	0.02154865439230251	0.024607437932855324	8.754410125254115	-0.3769430463917118

drug_67.txt	-0.114099363774851	0.6335838078947954	0.01354871117545925	0.03368804716809887	0.02939067480245197	-0.0074243745999512025	6.640041969965243	-2.4902784493095225

drug_68.txt	-1.74440518709116	0.6650944358023501	0.0005688598731712902	0.010835450979946148	0.030561362814481272	0.011868287474495228	8.632539838677946	-0.9341946970003155

drug_69.txt	-1.84901877952302	0.7167138349837743	-0.018511875917478854	-0.030231167332163744	-0.007636257566873455	-0.021054140552554043	8.916060069512755	-1.874384959688824

drug_7.txt	-1.79038749567956	-0.6178453307343421	-0.012525095976844383	-0.021879372349143056	-0.021647717629581398	-0.06621348829169736	8.262522132598859	-2.550050209058792

drug_70.txt	-1.72714133927314	-0.5973685874508874	-0.010066651313795388	-0.02467067370405046	0.00126609436676859	-0.02994067584876692	7.994084858023477	-1.1898431781663843

drug_71.txt	-1.82047185631809	-0.6141768493185141	-0.02205788079634885	-0.04762973629571737	0.011891319689143066	-0.035033244978750676	7.785756443045446	-1.6804712361609002

drug_72.txt	-0.0112331502745882	-0.6284122811288866	-0.01630110235386159	-0.050289984266577326	-0.01068642464336486	-0.036908129949764605	8.70286576168929	-0.6096817252352114

drug_73.txt	-1.81490968675192	-0.6106753011957947	-0.034344993556213815	-0.07689512048592956	-0.009160605052376846	-0.037338331405558776	10.409430126565676	-0.5756944184849063

drug_74.txt	-1.77751577761563	-0.4932761322594691	-0.005137818803767458	-0.011606731525348135	0.00284381266479503	-0.05911589642607702	8.4059413732048	-0.553908131546957

drug_75.txt	-1.74381632679186	-0.5701079225826692	-0.027783965316904302	-0.06012874433631854	-0.007603091563919414	-0.06236963792084624	7.993730736441734	-0.9803844951532319

drug_76.txt	-1.79983230282781	-0.5163319802542923	-0.034875401322361554	-0.07511889715384873	-0.024975501761022558	-0.07345364341267632	7.971001377139484	-1.4388506758134998

drug_77.txt	-1.76579361726641	0.6871628774380505	-0.010468063300128033	-0.02141021191692427	-0.0015275018841449995	-0.018067018612735186	7.96816840448554	-2.577115293443151

drug_78.txt	-1.76291844284855	0.6250504330389663	0.0023562450200990126	0.015319332350897608	0.014060292107730698	-0.025955979962031393	5.410413797626074	-3.8500834350374937

drug_79.txt	-1.80306719408067	0.46620219866402723	0.03661524172275796	0.09022905066267656	0.0962944353582615	0.12141740802226841	18.168220866942093	5.02649626243505

drug_8.txt	-1.81265409577941	-0.5978820974521719	-0.03238225487844086	-0.08593073133353818	-0.04321315145443274	-0.08094918744531687	7.5936520427569025	-2.5044401515134327

drug_80.txt	0.0321812153564525	0.6624422675284485	0.001778036314060344	0.018296893202994047	0.02473738251294947	-0.01261007326794831	6.301646009574398	-2.2207896900741915

drug_81.txt	-1.77851555999334	-0.6994869146712994	0.0012533806806203085	0.0072812849141382086	-0.003122378422177628	-0.05519263671545229	6.001416486326972	-2.456560479950737

drug_82.txt	-1.63133504870899	0.8155307719543896	0.032408583750778125	0.06569809433033219	0.11106592298247887	0.02985957396316642	3.775591842088006	-3.8901684300870727

drug_83.txt	-0.0678277455611455	0.41502179155748403	0.009151468890835596	0.01670149869290627	0.11076195256762814	0.09805903420341262	13.545465276411568	0.700961737266079

drug_84.txt	-1.79975165456943	0.920578211788163	0.0029063164910244355	0.012303565116814352	0.09188757560859112	-0.01565670053666712	8.399777034559643	-1.559282432642774

drug_85.txt	-0.175066886849213	0.8598308056629117	0.059347295436357445	0.11454734893006674	0.1456025413678837	0.059227476535613596	3.549360613810742	-3.219929687638936

drug_86.txt	1.68099005338147	0.7250054719919149	0.03433210043878196	0.07086299274090185	0.12971839481078443	0.06057108277790685	7.170332480818415	-2.899562364721427

drug_87.txt	-0.0495551544478154	0.8514454887086709	0.03755220593437439	0.07375381011692667	0.12875968645180252	0.036187219768857734	5.074968850416421	-3.7915897142968302

drug_88.txt	-1.75895515700808	0.7929905649880729	0.034120182660117127	0.06693538317788883	0.12304348320128423	0.037828239959394126	5.9683389074693425	-2.6488921563209087

drug_89.txt	-0.101447828257614	1.0174406049017144	-0.0026226458092251104	0.005210489549757669	0.10231071198161665	0.0378579544709197	6.359512099154043	-1.2562017209625347

drug_9.txt	0.0177823009076129	-0.5606390197428537	-0.2892524512513093	-0.8596809908358409	-0.05443045611325572	-0.08505778926611755	7.005954488818939	-3.40273008741866

drug_90.txt	-0.0085666372236517	0.7991284549714828	0.06396843604145358	0.137365285716478	0.13369910848874406	0.07080340730864436	10.084726867335563	-1.82418211607305

drug_91.txt	0.00417322733847936	0.8826988073488715	-0.018542537919318536	-0.02384087388389	0.10291841203917651	0.059589938148376174	10.731051216473212	-1.16951522462436

drug_92.txt	-1.7365067782941	0.8449608446444453	0.034056472250001274	0.0726885535646063	0.12200240976965551	0.030501462697301106	5.747367040461669	-2.181896227042154

drug_93.txt	-0.0447124185516597	-0.8939696645285451	-0.005853166241730046	0.00545593410593459	0.0933412447498857	-0.007040251966269875	8.25369532428356	-3.2267150484738383

drug_94.txt	-0.0533494629850098	0.941609993228061	0.006858110326790734	0.011760064655744196	0.10684371543565499	0.015790984006053378	7.724178634664568	-3.853784568825179

drug_95.txt	-0.120948065081864	0.7632234895682782	0.036754507571028744	0.08000689267887001	0.1354170173256031	0.09777694810339327	7.68561872909699	-1.5841758608327476

drug_96.txt	-0.0619365823060282	0.8198823918565588	0.012552048944651062	0.02871919061502415	0.10240702522191654	0.020342816907822022	3.8838481211882745	-3.441151664700166

drug_97.txt	-1.79670622271721	0.6091980110725738	0.02318177545281569	0.05587061640294416	0.13660647579449958	0.09302304486644643	9.627385402321464	-2.1253859828635013

drug_98.txt	-0.0398005555768911	-0.5215222293917456	0.0028947716252023248	0.0031950820322782514	0.09744374719102855	0.004503254868989344	6.143156928323169	-1.7097558853935335

drug_99.txt	-0.0332770075655747	0.8885226564187505	0.017594046898125715	0.03404148330500223	0.11086429986631995	0.0069087537474804275	5.430074103219884	-2.8835817079731645

