	SScmap	SSfisher	SSlincs	SSlincs_Norm	SSpearson_corr	SSspearman_corr	SSzhang	SSzhang_Norm
Acebutolol.txt	1.77022709398348	-1.3985597846558457	0.018784216338700283	0.01996954239597759	-0.019705297357572215	-0.0428823307165946	1.2839931153184165	-0.5013436409000646

Acetylsalicylic_acid.txt	0.34371313409359	-1.0530215716154414	-0.26723891319938237	-1.1675316705969334	-0.22129248419479866	-0.2519205742831955	-9.024956970740103	-1.835919464893065

Alprenolol.txt	-0.1726307510814	1.469123685871112	-0.004663562307467922	-0.04445161548446269	-0.0029931639494904395	0.0028966038369505898	-0.9429145152036719	-1.764209968270509

Amiloride.txt	1.74552693668895	-0.9555104177638298	-0.011960414528846358	0.037167209208876395	0.11234810530737888	0.10348012258091599	39.20309810671257	0.834276398229836

Amlodipine.txt	0.277256193472277	-1.3979597704752453	-0.0015244935957919592	0.10674252128179212	0.011553859181754396	0.013517484572436083	31.95869191049914	0.416886941972229

Atenolol.txt	1.74577270939835	1.169782498300489	0.05413433974370663	0.10187568575160488	0.10688572566404374	0.1364972083455774	16.421973608720595	0.20908184148968903

Atorvastatin.txt	-1.27300432559969	1.1564938174655062	0.03266052056927578	0.09848358877122593	0.07278123604746735	0.03349985307081986	15.361732644865175	0.05286976971309376

Benazepril.txt	1.77194750294927	-1.0197769023708143	-0.25018334735493913	-1.0679052238486109	-0.07913835571075059	-0.00940346752865119	5.236947791164659	-0.9001582709354258

Bendroflumethiazide.txt	-1.70163193079041	1.25373156013733	0.050553525018312145	0.2546295882762925	-0.006586660243532879	-0.017736451030603246	36.810384394721744	1.6833484097982523

Betaxolol.txt	0.482894219425875	-1.3306226471133342	-0.22502848980483703	-0.8900122505674044	-0.04162881206423478	-0.05079551656101758	19.364027538726333	-0.7532736034107318

Bezafibrate.txt	-1.20020644907589	1.410961740238036	-0.012375130371888185	-0.005505043866372961	-0.06868769060128498	-0.09984887284328953	21.065404475043028	-0.31154879911769884

Bisoprolol.txt	1.36207235548565	1.3231911927600195	0.041417537135063395	0.24639791217894141	0.06367918803925778	0.04699634776037949	35.897877223178426	0.8426228824299602

Bumetanide.txt	1.54559083759339	1.285169241083469	0.0933043127818455	0.47144905811885357	0.24896050460515717	0.2894294949834179	48.92598967297762	2.221246515046035

Canrenoic_acid.txt	0.377826386158081	1.1154899450138736	0.0408537805199765	0.007342641513721382	0.161294865160341	0.11708156668485789	37.71371199082042	1.9790974151926815

Captopril.txt	-0.140581989775855	-1.2151383138442733	-0.1967732860642647	-0.9996037758969254	-0.11075377860908035	-0.06781831157382141	-1.0507745266781412	-1.4389692145123458

Carteolol.txt	1.11696323240267	1.1898200306408147	0.25422571182744835	1.0445916479333175	0.12951710590178278	0.10677553419251919	20.81181870338497	0.5160839439992919

Carvedilol.txt	1.45123869445537	-1.4743505572033966	-0.033191631764930174	-0.09541099860198554	0.05532134656690034	0.08051719071407581	39.1956397016638	0.4824047109854391

Cerivastatin.txt	0.486752850963429	-1.3230563232771848	-0.023086134870187375	-0.002784475442241363	-0.0908859804328558	-0.05686159271231266	13.648881239242685	-0.24160246708801447

Chlorhexidine.txt	-1.35226602438065	-1.2698653439963359	-0.03911382284736997	-0.09821675566246046	-0.04037752281134973	-0.02795852399143613	23.6285140562249	-0.2106651232288637

Chlorthalidone.txt	0.132840149429807	1.1138046783113265	0.22898168622093906	0.9657072876044037	0.15964434979130668	0.24667310356408206	22.04016064257028	0.24013956842868708

Cilnidipine.txt	-0.0757963035784507	1.1100572737208412	0.22482243556779907	1.0047631226666793	0.03129741087010763	0.027013979261995714	2.508318990246701	-1.4023957942923888

Cilostazol.txt	-0.00938851749901692	1.5948978961121494	0.01650602907516767	0.09979610623096369	0.019022816852331346	0.0009655346123168632	22.6285140562249	0.495927053145564

Clofibrate.txt	-0.0126572945340149	-1.037776316127386	-0.2927913462411739	-1.1109723191186216	-0.20443432142315637	-0.2306368330464716	-3.3995983935742973	-1.810379291730906

Clopidogrel.txt	1.90060951631931	-1.3289565478827763	-0.05135592703325112	-0.1746865217123259	0.007010529134098325	-0.09094916250367323	24.885255306942053	0.016060194160559316

Cyclopenthiazide.txt	-1.49540405033425	1.4888340296327733	0.026187568906451644	0.20824706115058567	0.040063573440030004	0.040111666176902726	42.70567986230637	3.2606590105129665

Digoxin.txt	-1.38185705859221	1.9696228449764137	0.0045143830041093624	0.07946787604693384	0.09993061868904851	0.08893413374753367	39.88095238095238	1.2365816843624817

Dipyridamole.txt	-0.263566653558789	-1.3434250660259468	-0.2093743345441743	-0.8069034479441943	-0.1048589304283778	-0.15077032870156581	17.60499139414802	0.08356281987454336

Dobutamine.txt	1.81508061344868	1.1095819660686472	0.028565614697220007	0.17461265739927329	0.07191358044335716	0.06945552243818479	31.780550774526677	0.7648934649456963

Dopamine.txt	-0.102536374360991	-1.1180522105910629	-0.24544844979784852	-1.0334825568547434	-0.07084788006303255	-0.08009739305654674	12.89213998852553	0.3215856159786148

Enalapril.txt	-1.53081989775855	-0.7202734972077793	-0.3554229941544751	-1.3768205222846093	-0.19468601265022514	-0.1547164266823391	-7.145152036718302	-2.195642840717039

Eprosartan.txt	0.141909162406606	-1.2932209540691022	-0.1903914357393807	-0.9603312090950763	-0.01973773147513928	-0.07004323915872548	23.247561675272518	0.2310854130824246

Esmolol.txt	1.97778214707039	-1.3356946507980543	0.23050238331274708	1.033304890924108	0.04446704226776012	0.09846354057344359	17.57831325301205	-0.41102677731523335

Etacrynic_acid.txt	-0.112244396382226	1.3262114738248365	-0.01075385450522462	0.04841527518239053	0.007299859036904166	-0.024411233785315477	16.000860585197934	-0.6547383739770218

Etilefrine.txt	-0.181085332284703	0.9989609776339738	0.2662078943142125	1.0444408251010695	0.03621009694006204	-0.08773771042357584	30.18445209409065	1.546177414820717

Ezetimibe.txt	-0.393555839559575	-1.448353969796221	-0.20240563638104453	-0.9256983785070327	-0.039918504925240614	-0.012258091599848872	15.736087205966724	0.30066019936707694

Felodipine.txt	1.66712544239088	1.4467278719022534	0.0637903870794794	0.2992095230575725	0.273370153517546	0.3441501196423324	54.67355134825014	3.5165895331765715

Fenofibrate.txt	1.73628588281557	-1.3347626974906528	0.05309612208829674	0.2560276561943911	0.08373863730180428	0.08633138827085345	38.46873207114171	2.0213351409447626

Fenoldopam.txt	-0.322650412898152	0.932847697339664	0.2599674038417213	1.0458718241610432	0.05986388825538726	0.015700432391587252	34.11273666092943	2.4124132047231965

Gemfibrozil.txt	-0.287750688163586	-1.2668423232353732	-0.25754326488530466	-1.023982043049919	-0.11592456596568215	-0.1303051928970236	19.67871485943775	0.13482519442030164

Hydroflumethiazide.txt	-0.944160440424695	-1.5831856863846854	-0.0794695417292777	-0.24453074972709918	-0.14882647371632796	-0.24545569035724782	9.416523235800344	-1.050070989510427

Iloprost.txt	-0.0175727487219819	0.976845984894416	0.0002275243373646152	0.08244362094543545	0.016514919531222423	0.05721842072121236	23.089500860585197	0.11464798030626155

Indapamide.txt	0.0175973259929217	1.2794078252573673	0.19130903855388012	0.755680633337429	-0.08350171859556396	-0.09741404642962093	6.877223178427998	-2.4987813920689894

Irbesartan.txt	-0.337495084545812	-1.3306784431681404	-0.07009031809211218	-0.16487098165481984	0.02775163593120998	0.12816422484362536	33.31325301204819	-0.1764317023986379

Isradipine.txt	0.090468934329532	-0.8905447540082027	-0.0017789265999711423	0.041635584276606574	0.027645108941828946	-0.030141471810587295	31.443775100401606	0.34839756892512935

Labetalol.txt	-1.34506488399528	1.2796398623820884	-0.019169705354723177	0.008863447261002633	-0.07720147175714806	-0.024222324839427396	20.006597819850832	-0.4411701165759766

Losartan.txt	-1.60882815572159	1.041192663598242	0.03603894840636654	0.269286153510256	-0.051775720681142196	-0.15438058855631584	18.744979919678716	-0.7328474033725006

Lovastatin.txt	0.343590247738891	1.6613037611470602	0.00445694774330592	0.0898040298395058	0.07893642624673146	0.014944796608034926	41.460699942627656	0.7996839545912623

Menadione.txt	-0.142769366889501	-1.1008625036043749	-0.054172559313067165	-0.09460796660190973	-0.1132102124693833	-0.08095797825448134	30.627079747561677	0.43873123859277113

Mephentermine.txt	0.156975029492725	-1.236809503148388	-0.23668590855746163	-0.9291225846607635	-0.15318875117791853	-0.20809369883716047	12.463281698221458	-1.8252473525278454

Metolazone.txt	0.268310066850177	-1.0381423480236063	-0.06510787124109235	-0.16118817843814398	0.003801767568856528	0.08209143192980982	28.035283993115318	-0.32922135259845325

Metoprolol.txt	-1.58287455760912	1.2121507891683205	-0.0002623708248849915	-0.03222790771429768	-0.03525285008957327	-0.011145627807396833	4.014056224899599	-1.9786125596245947

Midodrine.txt	-1.81586708611876	-1.1199270148323617	-0.24154198951443911	-0.958812038674481	-0.21504151224303888	-0.19606649594895262	-20.52352266207688	-1.449764593402297

Milrinone.txt	0.0269858434919387	1.2674846217927438	0.21394934660799736	0.8182020088462469	-0.0015051207420637763	-0.006003106502665715	19.52753872633391	0.4859172854882283

Moexipril.txt	-0.383036767597326	-1.2553378731779739	-0.05441814691310898	-0.14005257278162292	-0.17746124954128475	-0.2558666722639687	-13.493402180149168	-2.943293599841562

Nadolol.txt	-0.136747935509241	-1.3608669668739137	-0.19816752947087996	-0.7477929865545329	-0.13475503305371664	-0.09063431426052643	7.118187033849685	-1.4107183145012305

Niacin.txt	-0.278116397955171	-1.1923367095882687	-0.18360306998381784	-0.8275262992041816	-0.06915701222756558	-0.07715880945384324	12.668961560527826	-0.9635756020015388

Nicardipine.txt	-1.19529099488793	1.4526844280868914	0.28515358436780386	1.0824900926622734	0.10081635668696426	0.04579992443642164	19.83964429145152	1.1192453730113294

Nicotinyl_alcohol.txt	-0.00459594966574917	-1.2802629201855442	-0.04783549630019644	-0.10711719022206062	0.0029200650470210653	0.005436379665001469	14.70338496844521	-0.7225683291545796

Nifedipine.txt	0.00137632717263081	1.07133808950178	0.07562816325843855	0.2123999165952326	0.02172074198023797	-0.03308005541329079	26.844807802639128	0.9196022769545206

Nimodipine.txt	0.159113252064491	-0.95328951964714	-0.053649021228535224	-0.14862280375840514	-0.10572579416627327	-0.0888291843331514	4.657773952954676	-1.4080186674083954

Nitrendipine.txt	-0.00892154935115996	-1.3294217438349027	-0.022694710024746517	-0.020233783530543004	0.07567238734018505	0.107090382435666	13.271658060814687	-0.8351881870550284

Nitrofural.txt	-0.156090247738891	1.253525529123748	-0.02313042191670038	0.006859974876522346	0.10285811479908158	0.13958272112841608	28.115892139988524	0.3642425716594039

Olmesartan.txt	0.265631144317735	-1.0594910533211142	-0.2150096963423973	-0.8738292127810656	-0.0813098178672925	-0.036186558079005914	14.858577165806082	-0.23144168109625055

Ouabain.txt	-0.177791977978765	-1.2034483677491499	-0.05191358177365671	-0.1454329204282026	-0.044041125785412305	0.05367113051509172	31.460699942627652	-0.15968817197107646

Oxprenolol.txt	1.5888468344475	1.447571349331782	0.036225955318741426	0.1734181736118947	0.10820363232411814	0.017589521850468075	40.219736087205966	1.207602820975711

Perindopril.txt	1.24800924105387	-1.32529016231867	0.006430003111671162	-0.02668459697447334	0.031396434071573893	-0.010306032492338692	21.862880091795756	0.18586112814596725

Pindolol.txt	-0.259585135666536	-1.535188622457342	0.26637642660029537	1.0519603864348734	0.12493195188373829	0.10557911086856134	45.241824440619624	2.162026884359448

Piretanide.txt	1.49646087298466	-1.1679957257436608	-0.18421104344280145	-0.74563414468914	-0.0459085965705389	-0.06263381050333738	20.67986230636833	-0.8888881699777406

Practolol.txt	-0.0224636256390089	1.2182692303264453	0.05215293042226371	0.08763454150823435	0.03511301590232387	0.03431845850300155	27.514343086632245	-0.2730380445825666

Pravastatin.txt	-0.107918796696815	-1.7717769037451618	-0.007847767949334616	-0.07178149875913109	0.04373368544605327	0.05425884723563242	12.43746414228342	0.7002820614083078

Probucol.txt	-1.80613448682658	-1.0387187809211327	-0.293583953644171	-1.1218511251583645	-0.23540385658274543	-0.21711934847403552	11.996270797475617	-1.3036625594388982

Propranolol.txt	0.38982009437672	-1.2809794249388835	-0.1892261097866093	-0.8341596963569982	-0.01762093484364623	-0.007703287015658452	2.4067699368904187	-1.8841023038933522

Quinapril.txt	-0.2231616201337	-0.986161171873658	-0.2957383798747724	-1.259733948288236	-0.24093906910948235	-0.2046513580454221	-27.067986230636834	-2.6714741284870405

Quinethazone.txt	-1.11010617381046	-1.0488181456370813	-0.3402768158441326	-1.3563018186133449	-0.2958304252583155	-0.25765081230846726	-28.39156626506024	-3.0258325842682057

Ramipril.txt	-1.3510617381046	1.1693141866917771	0.015671277748844706	0.026262721542626044	0.048582529466063416	0.09447546282691742	22.342799770510613	0.3086740798837005

Rivaroxaban.txt	-1.03777526543453	-1.2506649589653245	-0.009125790293779912	0.03743405001772637	-0.021754127092208312	-0.03916712144746232	14.442340791738381	0.16234524921121687

Rosuvastatin.txt	1.64589068029886	0.6940731991053812	0.3822253398415992	1.470382102202378	0.20545310846934423	0.1457117669283405	39.217154331612164	0.9736820832803631

Simvastatin.txt	-1.66742036964216	0.6733174266962223	-0.006098294505156643	0.060736468695938406	-0.06364833597605209	-0.06307459804374291	26.281985083189902	-0.266791974943067

Sotalol.txt	0.111285882815572	0.9194934152865166	0.11670762885933648	0.3675406070097833	0.22800221441802287	0.17020696024516183	18.428858290304074	0.26518877752708003

Spironolactone.txt	-0.431871804954778	-0.8765532869178698	-0.34945183689117276	-1.3997076433528832	-0.2807388326614002	-0.2328827505142521	-3.0900745840504875	-1.75741481646959

Synephrine.txt	0.222866692882422	-1.3276658330003839	-0.07765495664691346	-0.1376200370375164	-0.166895322445953	-0.11279963057806137	-6.542742398164085	-3.994304180404378

Telmisartan.txt	0.153607943373968	-1.3931285497381918	-0.18347215189596666	-0.7056175545020031	-0.09453849984591293	-0.14755887662146844	14.834480780263913	-1.55051284567449

Ticlopidine.txt	0.153706252457727	1.0453270190106818	0.2367369839802596	0.9341010794630472	0.11692455906697141	0.14569077704546407	37.74985656913368	1.3913534802551526

Tienilic_acid.txt	0.130751081399921	-1.466456879181112	0.0021848810926866358	0.07758587641879039	0.023922428950578653	0.04739515553503211	20.436603557085483	-0.5582467811753842

Timolol.txt	1.21320782540307	1.4436383677865257	0.24743903492967434	0.9515057257338772	0.10569740367597147	0.12016707946769654	28.53413654618474	0.25868562151991337

Torasemide.txt	-0.0239874164372788	1.1229527676361735	-0.00667573503598351	-0.08673069779739878	-0.018488497012074556	0.00803912514168171	8.31784279977051	-0.7661240399272795

Treprostinil.txt	-1.55780574125049	1.1154901859242243	0.23241679253103195	1.1275873508082004	0.19713786101826838	0.16699550816506442	43.39414802065404	1.664159267904974

Triamterene.txt	-0.154468147856862	-1.160794223058129	-0.03157955740196558	-0.19116999510876076	-0.05666985559178296	-0.02508291003736199	5.400458978772232	-0.5698360579992404

Valsartan.txt	-1.46492823436886	-1.4469765956647258	-0.011669944403410099	0.08355388592089036	-0.007323313084555647	0.012761848788883758	18.40676993689042	0.13123740632059858

Warfarin.txt	1.76791683051514	1.0833003040723705	0.2970272120743911	1.2300348524669404	0.19864817205827842	0.19060912640107466	36.306081468732074	1.251136543175321

