	SScmap	SSfisher	SSlincs	SSlincs_Norm	SSpearson_corr	SSspearman_corr	SSzhang	SSzhang_Norm
drug_1.txt	-0.0298552171742386	-0.6107398255854818	-0.46780158125301796	-0.8634087972454428	-0.11769007805316739	-0.09949105609690732	58.578947368421055	0.5725673513773876

drug_10.txt	0.0231652521218173	-0.2936660593572033	-0.40689876700097244	-0.7841981310798343	-0.001257814809014547	-0.22714835237282643	-16.865047233468285	-0.5838044318387418

drug_100.txt	0.254917623564653	-2.3643274195458965	-0.08056428267924398	-0.105304404661406	0.05600831228594076	0.06303799355766225	59.203778677462886	0.8150267939059744

drug_101.txt	0.121018472291563	-2.3599512367914217	0.037418911820977896	0.08261872308023699	0.04424918759964438	-0.015896537505845264	27.02294197031039	-0.026400756997763154

drug_102.txt	-0.0201531036778166	-2.3746393336916096	-0.011796820153121002	0.02196741133316571	0.029969568260013686	-0.12333520478673048	-19.777327935222672	-0.7534573067610435

drug_103.txt	0.151223165252122	-2.365263404337849	0.02330676189918557	0.07841896339897736	0.029941447738760285	-0.07158923442287556	73.04048582995951	0.19018129293500893

drug_104.txt	-0.103594608087868	-2.378888623244079	0.043260718210142934	0.10184037750922426	0.0391965614717714	-0.0825523637372516	73.37921727395411	0.10240345914168901

drug_105.txt	0.180129805292062	-2.3987021343892394	0.019239379620352215	0.05104752010847047	0.037122077579152715	-0.08014047528808887	111.40350877192982	0.6979992715929233

drug_106.txt	-0.120718921617574	-2.3883306898269767	-0.05622717826167578	-0.04339157325130172	0.036322248641910464	-0.03804205872088487	26.81646423751687	-0.3851987441822346

drug_107.txt	0.0911798968214345	-0.2556266746949511	-0.0764141502063716	-0.07526449826667186	-0.009961533162636463	-0.11851142788840502	-19.64507422402159	-1.4419244542737197

drug_108.txt	-0.0263438176069231	-0.27428480829236845	-0.046903832349826924	-0.016999061335929766	-0.004246832162969196	-0.12815898168505593	58.69230769230769	0.5043508904637448

drug_109.txt	0.133965718089532	-0.25349388069808665	-0.020880108694237287	-0.02318210531168796	0.0005871781148554507	-0.08101752563323897	33.605937921727396	-0.4299181149366207

drug_11.txt	-0.0317024463305042	-0.3361596920511143	-0.49387002638180655	-0.8995805898715681	-0.04219817929879035	-0.1049578661458084	21.639676113360323	-0.3964257674282113

drug_110.txt	0.0962223331669163	0.7544219042770933	0.0647417649268675	0.11919457434459962	0.17752462967531266	0.009310992550859657	-40.78542510121458	-2.4352271700309958

drug_111.txt	0.205092361457813	0.7327785198883899	0.14102909515888873	0.2348347363172233	0.17795303149418715	-0.0064629242411849384	16.954116059379217	-0.5002123496411538

drug_112.txt	-0.0124147112664337	0.5487430003935667	0.036821461556363344	0.10690382292718681	0.18435483060271357	0.09037139828775549	-5.129554655870446	-0.49614672443116853

drug_113.txt	0.253669495756365	0.3909736709022873	0.13191635487990322	0.24574692102191587	0.16445331318824033	0.05247018155131501	92.4804318488529	0.4151557577102523

drug_114.txt	0.29900149775337	0.7172176231673353	0.11171661442448932	0.21430065902397133	0.19420460013266402	0.17888059806533907	108.70985155195682	1.4019915863437964

drug_115.txt	0.0675653186886337	0.7512769937362851	0.06703827168634491	0.13709083739679456	0.17024297171372782	-0.021141430144893104	-4.82051282051282	-0.8896996885486582

drug_116.txt	0.0592777500416043	0.8489299478190249	0.04997007112093771	0.08594563465879673	0.1978834759598549	0.14733276448124988	42.1889338731444	0.12903731830188167

drug_117.txt	1.02150108171077	0.5568757663978642	0.09225478957237132	0.1910107871843998	0.18751017442410045	0.1059262329021328	15.479082321187585	-0.8904324004697962

drug_118.txt	1.1778166084207	0.7319615354738033	0.12818028913615342	0.22830249844513967	0.1813752618976945	0.07547381020638004	40.228070175438596	-1.1507199923868239

drug_119.txt	-0.179613912464636	-1.1227011669171296	0.16725843324883743	0.3310447719743104	0.1857432472308473	0.17427987233432604	26.904183535762485	-0.3441681885258534

drug_12.txt	-0.0266600099850225	-0.6781535025952181	-0.5224350707394041	-1.0173848258256433	-0.06742960158768818	-0.006895042301549458	-79.76923076923077	-0.8781077282897242

drug_120.txt	1.32233316691629	0.38291746967519463	0.051776526608270146	0.09104591532035261	0.2107102013801478	0.20889485640575725	72.93252361673414	0.6773645190137213

drug_121.txt	0.0117490431020135	0.6244387212564974	0.13892776085869046	0.2211754808755893	0.16838019994464323	-0.06342429043467931	-47.13630229419703	-0.9023134005749629

drug_122.txt	0.474854385089033	0.14222847730367305	0.0824740548382531	0.12442106452211704	0.2344430873735015	0.2610364146905713	26.82591093117409	0.08582956080412818

drug_123.txt	0.229189549009819	0.9636966551785189	0.09798826201579658	0.23375412204255963	0.1882716168937005	0.18391948815168666	119.80836707152497	1.412054781069722

drug_124.txt	0.492993842569479	0.22960816147641597	0.12197008219649708	0.2537538278451456	0.2253527514303466	0.237813703857839	89.11875843454791	0.45375176118667776

drug_125.txt	0.941171575969379	0.6799206313050439	-0.014368639560573937	-0.017074186441735528	0.16548482722191496	0.19158736437004165	115.78272604588395	1.6296745919120692

drug_126.txt	0.506756531868863	0.21370245907312307	0.12207815036504008	0.21345311355070495	0.23897687650811586	0.293679659162997	75.59919028340082	0.2389444296201854

drug_127.txt	0.947029455816276	0.266471024310287	0.10642606877729988	0.21024503361154168	0.23409287689800212	0.2787820710816215	71.33603238866397	0.7050942932467585

drug_128.txt	1.09846896322183	0.6402118462362758	0.17117114085304616	0.2613801875232747	0.17992261313739533	0.08007453593739305	-49.45883940620783	-1.3431797320050078

drug_129.txt	1.17545348643701	2.5575508775786004	-0.09899789831492745	-0.10143269929224774	0.1612585117694118	0.20714219898441896	133.53306342780027	0.9412404266883978

drug_13.txt	-0.0233649525711432	-0.5962813340264058	-0.4301066532725333	-0.7915138538847812	0.04324278729505095	-0.06447729134823844	-52.68016194331984	-0.54476946188643

drug_130.txt	1.05693126976202	0.49632281298049447	0.15054840652120247	0.26923692405543653	0.2019264414127173	0.16814557135964206	-8.708502024291498	-0.841553297966116

drug_131.txt	0.172191712431353	-2.4165162771916773	-0.007300419713406225	-0.004275380807256202	0.08939770045752235	-0.06692960527735589	75.28070175438596	0.6794928764023388

drug_132.txt	1.03431519387585	0.4748677613066592	0.02607866691456312	0.10075452758687675	0.21314155314466848	0.28557361858930735	85.8191632928475	1.2632928484991457

drug_133.txt	1.21699117989682	2.584277315668842	0.005155628061672524	0.0533824105805456	0.1577507063150866	0.1926827752583781	78.17543859649123	0.6249529789958618

drug_134.txt	1.18374105508404	0.7715039474710821	0.14022500631653712	0.24454252895229628	0.20296308820218295	0.24000452563451186	17.941970310391362	-0.28875314696945237

drug_135.txt	0.35814611416209	0.5771696863178417	0.06367316893743641	0.12005113387147437	0.21047494539603487	0.28316371463496726	160.70445344129556	2.295364633910702

drug_136.txt	1.1675153935763	0.6876426134217619	0.12000607917990913	0.1861893622225702	0.19308930685103712	0.19837891187772752	38.23751686909581	0.260446664415936

drug_137.txt	1.08154435014145	0.3505822469796472	0.08034463692245791	0.18418905881015396	0.22709522353675424	0.27812482454861964	86.77732793522267	0.18514861553377918

drug_138.txt	1.19462472957231	0.7813438828371208	0.04538591534340786	0.12928239285180432	0.19384829490304842	0.23869003256850815	84.62483130904184	0.37500396004136294

drug_139.txt	1.13637876518556	0.7794022528050553	0.11835366525325794	0.20753669569928063	0.19983479480990715	0.21371466431443756	-0.21862348178137653	-0.23916665921883212

drug_14.txt	0.00539191213180235	-0.4896129203696356	-0.4816973273500902	-0.9551164903689746	0.022355405385457484	-0.13506266581252327	6.087719298245614	-0.4980189980412744

drug_140.txt	1.26611749043102	-2.31839425225307	-0.046520514145568626	-0.01296559112063711	0.1186588368424553	0.129806190267867	65.53846153846153	0.829979825614495

drug_141.txt	1.27160925278749	-2.3841115762105654	-0.07044346551280717	-0.05967906068091822	0.16605559968857703	0.2634463186449114	63.43454790823212	0.13333021386270028

drug_142.txt	1.65977700116492	0.2772581401770165	0.83909880245779	1.5434650846477274	0.6115058487205346	0.1853616146008999	91.62887989203779	1.0002967157539733

drug_143.txt	1.57410550840406	0.2900515264751097	0.8100728615392319	1.5085260011645751	0.6904651429318005	0.174465064266744	149.83670715249661	2.1518593841683993

drug_144.txt	1.59632218339158	0.16123678710735934	0.8489705044487486	1.4202578710381872	0.6905392031464238	0.1652711712940925	68.22941970310391	0.5702110575795658

drug_145.txt	1.22103511399567	0.448739758865908	0.8151599855566324	1.5055816004015625	0.4621619797407745	0.16154983366230496	10.529014844804319	-0.02249655118061855

drug_146.txt	1.59941754035613	0.18201796145614388	0.8348737887212239	1.3072126226546419	0.7105550126406367	0.25370766560245456	80.72874493927125	0.522186389783961

drug_147.txt	1.47849891828923	0.44865744231276034	0.7614131106195399	1.3923378550116388	0.5836711331224742	0.1370327857352343	89.59379217273954	1.3560657255340047

drug_148.txt	1.42832418039607	0.5702974353617719	0.7515269997912885	1.3773958935873827	0.5013002173511933	0.25476034295684086	70.19298245614036	0.47653432810378793

drug_149.txt	1.6492927275753	0.18390264141191298	0.8148880347869623	1.2608851037443003	0.7088344307416746	0.23926011950257364	67.54655870445345	0.8792323071401998

drug_15.txt	-0.0140289565651522	-0.6363363077698606	-0.427150098637029	-0.7552648730689524	-0.06650615593707418	-0.11174958006044267	1.5114709851551957	-1.1539123626614405

drug_150.txt	1.64679647195873	0.3135530675645971	0.8825318991093676	1.4585272572318475	0.6264386983304662	0.2103246672465025	45.6221322537112	0.0928089198250924

drug_151.txt	1.45044100515893	0.22336621508379745	0.885668079765717	1.742606979766766	0.627617986586933	0.07040018794351957	-10.665317139001349	-0.4809206999631655

drug_152.txt	1.60520885338659	0.5190403462880389	0.747481810655995	1.4971557240249396	0.6888424187860163	0.39665081110582195	118.60998650472335	0.9164648345391528

drug_153.txt	1.43870860376103	0.1591599269843188	0.8403518833074024	1.437500925514766	0.7074777244357111	0.3808898517241337	119.64777327935222	1.0587141761060137

drug_154.txt	1.50326177400566	0.4463496174856197	0.7773790040104802	1.389854193557403	0.7220724290206915	0.3771685140923462	136.84480431848854	1.44508550888584

drug_155.txt	1.46067565318689	0.30547797704397656	0.8537507907177815	1.6175539295629853	0.6136621743054913	0.18317187314075933	60.499325236167344	0.34927917547513204

drug_156.txt	1.51274754534864	0.0401281443026352	0.7584282160893235	1.427219885511298	0.6085904684355408	0.3125855934350675	172.06072874493927	1.2596654190601897

drug_157.txt	1.53097021134964	0.3746233870200799	0.8399447444393311	1.553483852436302	0.6201845214900051	0.1978431409237012	-8.049932523616734	-0.2821646654761496

drug_158.txt	1.55902812447995	0.22107578104758696	0.8158911184287986	1.5330243554459546	0.6408062139439626	0.35988400897410394	123.68825910931174	1.9194956637378817

drug_159.txt	1.53057081045099	0.6072911534958215	0.7535507077153474	1.3535241496649	0.5829448124661959	0.29632871959876356	141.16059379217273	2.07786385453079

drug_16.txt	0.00444333499750382	-0.6623578581411544	-0.4352857496914916	-0.9032114694601066	0.057563299544566376	-0.0039402398454220725	43.063427800269906	0.5526540055000148

drug_160.txt	1.63321684140456	0.0664156313406481	0.8048588358114669	1.4439063899126776	0.6455455765040159	0.2572101010206075	96.34547908232119	1.0002675101657619

drug_161.txt	1.63746047595274	0.21182947444695535	0.8697783173380443	1.5395180949394058	0.7126265551480723	0.24079243499801553	40.67881241565452	0.6452702826819119

drug_162.txt	1.58693626227326	0.28496754553134734	0.8460069305294575	1.5114151825500926	0.6293463194461956	0.28959330810359135	49.30094466936572	0.1701051013329124

drug_163.txt	1.64123814278582	0.37889247522363045	0.8504576206654219	1.6913865158760766	0.6522743179134788	0.3189358436694752	73.82995951417004	1.2353302753463602

drug_164.txt	1.58064569811949	0.3892831170069474	0.8492895740259492	1.5379010963184503	0.7259355156822098	0.2962355018832337	61.10391363022942	3.50883744178764

drug_165.txt	0.266699950074888	0.5014488706225768	0.7581743076311298	1.453101203171086	0.43600893541680247	0.1254103750122593	96.04993252361673	0.5350975975464876

drug_166.txt	1.55678149442503	0.49620144665346766	0.7355018897202987	1.3967546410802203	0.5110814833810098	0.19784428546328084	45.30094466936572	0.2702588042736693

drug_167.txt	1.45428523880845	0.13250243189657657	0.8340909718430234	1.4733098628421977	0.642246570625275	0.14206753664882915	24.846153846153847	-0.22966869236410523

drug_168.txt	1.62812447994675	0.34805379481740145	0.7503859975487881	1.2506105997186427	0.647940730380237	0.27362776704319947	67.94736842105263	0.6872799804823521

drug_169.txt	1.44280246297221	0.3385486200790022	0.8498592777822785	1.5096987565090674	0.6494052374829401	0.34805451967894974	67.81376518218623	0.7711516135575989

drug_17.txt	-0.00369445831253112	-0.7241927762998986	-0.44497864376489316	-0.8367426325476421	0.043600135373444225	-0.10638647582639595	-3.8137651821862346	-0.5558648613436619

drug_170.txt	1.54854385089033	0.13308988271753713	0.7721459105690133	1.330965758029314	0.5285060630958158	0.3011599930486366	125.33603238866397	1.2105876404421914

drug_171.txt	-1.30550840406058	-0.2799948152584343	-0.5679021985148842	-0.9835261165689578	-0.32878713763486056	-0.1433185785662008	31.271255060728745	-0.11443322482116441

drug_172.txt	-1.3876352138459	-0.4127825319438137	-0.575503201037447	-1.0141226574884359	-0.36523616379100504	-0.22324414186133193	-32.17139001349528	-0.8864189309320984

drug_173.txt	-1.39172907305708	-0.23590030344672397	-0.5513904758349574	-0.9761410848989148	-0.3932311369155011	-0.24709878893781376	-5.2604588394062075	-0.8523519734528014

drug_174.txt	-1.39487435513397	-0.3431473892793076	-0.5578093217460134	-1.108195361814034	-0.35638106975778205	-0.20441236530412293	-11.199730094466936	-0.6682031415343497

drug_175.txt	-0.689798635380263	-0.6838528167347004	-0.5540632145134754	-0.9640263810076342	-0.31266992893324286	-0.05113046309428249	47.68421052631579	0.2750029358221437

drug_176.txt	-1.44987518721917	-0.37515810285826223	-0.6741569225021097	-1.1321206609445704	-0.3652583065840137	-0.25828000522358113	-2.5114709851551957	-0.5648888341860073

drug_177.txt	-1.5163255117324	-0.5653971904654355	-0.643772854000292	-1.1384480603853577	-0.3344198232102662	-0.16171240683138166	0.6234817813765182	-0.03842619321642708

drug_178.txt	-1.39437510401065	-0.25358379687274213	-0.15899742623627208	-0.23824185535515535	-0.4074877215919107	-0.28913952219085787	-75.38191632928475	-2.8728075325476157

drug_179.txt	-1.35228823431519	-0.39647444207394644	-0.5983130326945008	-1.0011998886675355	-0.340167078599851	-0.15142062196872094	32.16599190283401	0.1184827101782056

drug_18.txt	-0.00384423364952569	-0.6907090886677408	-0.4645307923905297	-0.8705981622943042	0.08742924244939733	0.06807858844034803	-1.7327935222672064	-0.2459467933482124

drug_180.txt	-1.3567315693127	-0.4319308143211706	-0.6029957404237924	-1.0033112887426374	-0.38134995202703104	-0.3362348012045857	-21.547908232118758	-0.6735647849622177

drug_181.txt	-1.38863371609253	-0.3172440891887968	-0.202000018860182	-0.26270033114034014	-0.37409083979562335	-0.31061482612094093	29.11336032388664	0.2534257822120776

drug_182.txt	-1.33421534365119	-0.44549213088180717	-0.6325137633740239	-1.0771443721254068	-0.37972486250968085	-0.3307604475542343	-86.94601889338732	-1.6807887545978375

drug_183.txt	-1.36182393077051	-0.6483797833982764	-0.6224598604942182	-1.1362751839568803	-0.3802581861109073	-0.32419122317381255	-98.71929824561404	-2.769432259836038

drug_184.txt	-1.37358961557663	-0.38897024824777754	-0.6063128862429489	-0.9812956434511191	-0.36079880643245754	-0.22214927113126162	51.65452091767881	0.5568415149149373

drug_185.txt	-1.37944749542353	-0.6478196054144986	-0.6068663111927348	-1.049867164262277	-0.3749313731018449	-0.3136804641651378	-82.34547908232119	-1.8659143481239622

drug_186.txt	-1.54363454817773	-0.31921194892143145	-0.19580091225741075	-0.3064255780944893	-0.3979667165076744	-0.3405956279953649	49.40620782726046	0.024884344450850478

drug_187.txt	-1.39547345648194	-0.31151029958504944	-0.6068126687951947	-1.116405737389767	-0.37706028333644115	-0.27908254909491664	25.256410256410255	-0.11606664508506821

drug_188.txt	-1.66684972541188	-0.6887321276407098	-0.5504938417143606	-1.0539101796863364	-0.32010652090119635	-0.16039856195529734	-10.267206477732794	-0.5395247283922018

drug_189.txt	-1.37630221334665	-0.43446369634805954	-0.6153305604813405	-1.0193404740446153	-0.35737056016192476	-0.2024415979899964	2.796221322537112	-1.2164921805718083

drug_19.txt	-0.00614078881677482	0.7937637456292416	0.006882944335495439	0.05410259116644117	-0.0048247957696879685	-0.11242475078886399	-12.383265856950068	-0.25461554996453556

drug_190.txt	-1.66245631552671	-0.7897750699598559	-0.571027553372601	-1.1490788150394369	-0.3089108251230663	-0.20025185652985583	11.49932523616734	-0.31414921863414685

drug_191.txt	-1.54957563654518	-0.38390469689072065	-0.2190103126759936	-0.42243933597552535	-0.2634982256568015	-0.21120056383055874	-4.605937921727396	-0.23287935477369945

drug_192.txt	-1.63824263604593	-0.2674419325475834	-0.6010531101415781	-1.0442923024921924	-0.36434801619496365	-0.26265948814386225	-7.3090418353576245	-0.15263197493033528

drug_193.txt	-1.66630054917624	-0.3278961454856191	-0.6069288950954284	-0.9081881211748462	-0.37019956884460276	-0.25784205693155304	102.86774628879893	0.7024562850857452

drug_194.txt	-1.6682975536695	-0.20226074921259163	-0.5838248439802491	-1.1020272113536134	-0.352498968760891	-0.2324410559939223	-1.4642375168690958	-0.8758026919187307

drug_195.txt	-1.34974205358629	-0.553486722809013	-0.5740275562028374	-0.9949797035856871	-0.3595140034437999	-0.30010406711226617	-0.8367071524966262	-0.3968339596731034

drug_196.txt	-1.62241637543684	-0.05480389998166415	-0.6172168362371581	-1.1121049676581545	-0.35821744253753757	-0.20068980482188395	104.63292847503374	1.1898445961703639

drug_197.txt	-1.38706939590614	-0.3322143327213225	-0.5931217983631967	-1.0949741181328747	-0.379481553463815	-0.2996661188202381	-43.635627530364374	-1.3748638708271625

drug_198.txt	-1.38788483940756	-0.5495670185177586	-0.5656939878097704	-1.0345874394782635	-0.37027449291008874	-0.208353899932376	-1.5492577597840755	-0.6350413865002176

drug_199.txt	-0.662489598934931	-0.3002566163595758	-0.5758068968812406	-1.02298054516926	-0.3234854753854631	-0.09470113089552899	14.323886639676113	-0.14608856869343026

drug_2.txt	0.0203195207189216	-0.7403904575008002	-0.3629262160472416	-0.9034348592736077	-0.02956055384613291	-0.15467981778448378	-40.979757085020246	-1.3183802074750204

drug_20.txt	0.0157264103844234	-0.9376283734389157	-0.44872523895739486	-0.984554293277951	-0.014228970462707777	-0.1327860006883077	-5.026990553306343	-1.0523143584470716

drug_200.txt	-0.688899983358296	-0.37229242526507034	-0.6222819349769175	-1.1296157523698465	-0.36169742515088166	0.07302387781192814	104.66666666666667	1.456325967568325

drug_201.txt	1.14077217507073	0.9487058499888765	-0.08381793364572682	-0.02439718445468997	0.06532756926618119	0.0994355828813907	70.02968960863697	0.853551659704974

drug_202.txt	1.13647861541022	0.8754929048500901	-0.05231390813136455	-0.05436862107936169	0.0741687664985554	0.17464264997801038	60.286099865047234	0.18153105089445984

drug_203.txt	1.04311865535031	0.7075069024150932	-0.046499887641199944	-0.056835908656426626	0.045554270008202426	0.02137810216303328	4.358974358974359	-0.7739543051542574

drug_204.txt	1.01281411216509	0.7829208322010858	-0.025083641055883454	0.035290492278126306	0.034170926226938646	-0.024009253198483533	-6.2118758434547905	-0.6438950999444225

drug_205.txt	1.16084207022799	0.8149234526433833	0.017458983281212148	0.04037834155919762	0.05522807305574213	0.055144540451311494	-40.716599190283404	-1.485615941172055

drug_206.txt	0.92026959560659	0.8311855411609055	0.0395286753715649	0.1187093464051594	0.08443142846870899	0.2116980270606014	56.75978407557355	0.46674945529721273

drug_207.txt	1.02409718755201	0.8301269335536373	-0.08664873459705058	-0.057926624147131234	0.059267049257014266	0.09987410805396575	51.80971659919028	1.0116644288194199

drug_208.txt	0.262755866200699	-2.399285653533408	-0.06386701691162522	-0.06410365585100031	0.05624060888372603	0.14153399944859474	51.446693657219974	0.7271519378653101

drug_209.txt	1.22759194541521	0.8467030772591218	-0.05321656610394543	-0.050968926861156505	0.06993162774987535	0.08584130253156443	82.39271255060729	0.2755191654489595

drug_21.txt	-0.0127808287568647	0.6537101697003482	-0.39146256447023386	-0.905721718098165	-0.017543789626056072	-0.12205803031118144	-12.191632928475034	-2.383427978919916

drug_210.txt	0.00540855383591277	0.8645729200731045	-0.030610294494964052	-0.016109692496315664	0.048028677872145195	0.02554409130249618	-1.311740890688259	-0.516152398019632

drug_211.txt	1.16179064736229	0.7119335869175251	-0.10163813760842055	-0.14195291378922692	0.06937049308631309	0.10118968357169088	86.29689608636977	0.988752981168166

drug_212.txt	1.11471126643368	0.8310029750811503	-0.13207485369771166	-0.16847422932084033	0.06204361938363016	0.11653806461181733	90.69770580296895	0.6889691406915756

drug_213.txt	0.930687302379764	0.825905006890261	-0.033868735708512676	-0.018114427518912013	0.0436476953910839	0.01567727491955774	-37.388663967611336	-0.2886876191903776

drug_214.txt	1.08390747212515	0.39502297140670206	-0.008706913849077347	-0.005631164037977698	0.06317860595215109	0.12311594220044297	3.272604588394062	-0.017259219096485267

drug_215.txt	1.14974205358629	0.4536673334709199	-0.10295212827853362	-0.10285265297166479	0.12294074362772277	0.2423947891408543	145.914979757085	1.5509890653125646

drug_216.txt	0.0971209851888833	0.44519749517898677	-0.09284758749635091	-0.13228759981398752	0.053691957132321715	0.06764250786970019	59.15384615384615	0.5518224404785645

drug_217.txt	0.149991679147945	0.731420716739501	-0.002791933870401664	0.06208810929528319	0.042391318701187855	0.014580961988120136	-53.369770580296894	-0.7976505206041753

drug_218.txt	-0.10133133632884	-2.3434682894309513	-0.062493780842557134	-0.015251572094416299	0.04052979132911548	-0.06457283166167489	-18.682860998650472	-1.3904156673950634

drug_219.txt	0.00460975203860881	0.8641693997407247	-0.05639077620077376	-0.01849115955899605	0.05847160969489966	0.11039871219576675	38.54251012145749	-0.13674067490990002

drug_22.txt	-0.0110833749375936	-0.6325793528475625	-0.023871433059262148	-0.01317149868470352	0.030422633187473958	-0.0692787583631874	-15.815114709851551	-0.8299101973141321

drug_220.txt	0.983790980196372	-2.221055291257649	-0.08042481224479714	-0.13849057242550777	0.04009259398935015	0.014142436815545095	38.89608636977058	0.03755667669284561

drug_221.txt	0.328706939590614	-2.4016340255295034	-0.049037218021269924	-0.04354401434409261	0.043228773439267655	-0.02072031440417072	32.70040485829959	-0.4398731315257804

drug_222.txt	0.122732567814944	-2.3700743582968573	0.0017186243263583867	0.04482164988284665	0.045464902801643975	0.0099764476760822	37.582995951417004	0.1022120882020017

drug_223.txt	0.0571309702113497	-2.3571537374944755	-0.0323777301174738	-0.025087829704869224	0.04160654176424641	-0.01808916336872047	-34.40350877192982	-1.3658315261613865

drug_224.txt	0.961424529871859	-2.3419646514354775	-0.033592567849092925	-0.09940578415641343	0.05907320860749827	0.11982700340613017	38.60323886639676	-0.8337418472372338

drug_225.txt	0.32191712431353	-2.3979687228934834	-0.07035712130723648	-0.06486800266172033	0.08402465469458092	0.09746221960480303	34.29419703103914	0.6002798027924907

drug_226.txt	1.21261441171576	0.4534631495476742	-0.0899623999481422	-0.07731807819618308	0.05776053899490645	0.02247441509447089	-52.70985155195682	-0.8946134853680271

drug_227.txt	1.11913795972708	-2.3473919268787666	-0.025967909777521392	-0.0024759163269635343	0.05273126661919691	0.061064630281074554	24.473684210526315	0.15207115639218644

drug_228.txt	0.465385255450158	-2.402272695286605	-0.056314946451685444	-0.061660701832062625	0.07160292212316434	0.002302257156018969	-7.6437246963562755	-0.06372854667442637

drug_229.txt	0.414727908137793	-2.381866484880474	-0.07801930998721773	-0.07072025048166963	0.07257949931836082	0.10425935977971616	67.05668016194332	0.2927252558165782

drug_23.txt	-0.00943584623065408	0.9311083553405199	-0.44093886795909804	-1.0916871156191146	-0.0160955570875109	-0.035788552898518615	-1.087719298245614	-0.4087157877734001

drug_230.txt	0.475902812447995	-2.3454761118594845	-0.08568426036096999	-0.047197090354961446	0.06411699688262144	0.08627982770413944	3.087719298245614	-0.4655179147989362

drug_231.txt	1.44887668497254	0.09137184266683646	0.5447232325552478	1.0012568330574951	0.5446445263419611	0.5247893307290421	154.75168690958165	1.2463455882112526

drug_232.txt	1.70619071392911	0.357468402131839	0.6757241383599157	1.0757730514146537	0.577049675757392	0.4887794666721302	142.58569500674764	0.826737849775333

drug_233.txt	1.43975703111999	0.46866952478722085	0.7039875409954258	1.1708052268916473	0.5469663795505033	0.16956761340988347	11.068825910931174	-1.1888986176664211

drug_234.txt	1.59557330670661	0.3843630088488481	0.6728969919891681	1.0564788240719278	0.6242941967812381	0.18835504445978757	22.257759784075574	-0.3661910912009669

drug_235.txt	1.49108004659677	0.41855871440626496	0.6552637251354314	1.0929922904330591	0.5571896425843585	0.29195405097750754	63.48987854251012	0.4863090366488915

drug_236.txt	1.71487768347479	0.14987414691910078	0.666678592711234	1.0993816217418462	0.5652515936687449	0.2866995348744253	57.116059379217276	0.3069704956057001

drug_237.txt	1.6356631719088	0.33891346838872527	0.7165000339893965	1.168144863555244	0.5561142205506973	0.25342093288823775	-20.37651821862348	-0.9041644247619027

drug_238.txt	1.73205192211682	0.010470481870450285	0.6365167667567515	1.1366602634007106	0.6701324112702529	0.4214731413216978	124.70985155195682	1.088491965004459

drug_239.txt	1.29687135962723	0.7539531140199912	0.13314050367801727	0.275795921657432	0.45483033393465855	0.2255663838649751	49.26990553306343	-0.24279698872322142

drug_24.txt	-0.118222666000999	0.5135608819905184	-0.41694266047977246	-0.8614700238622078	0.07175981343447765	0.13691583998791065	68.85290148448043	1.673982637445533

drug_240.txt	1.61908803461474	0.39366808429096034	0.6915141142323149	1.079713618107753	0.6025447134098442	0.28107044230677447	-10.620782726045883	-0.8259676400888655

drug_241.txt	1.30194707938093	0.6889993071268672	0.6470190770093778	1.0724686019434106	0.39161204339327094	0.3013188970679712	48.52091767881242	0.01194635237545097

drug_242.txt	1.11978698618739	0.7800797470697591	0.2151799347436133	0.3379222459925041	0.407985347672192	0.18025610588336438	11.005398110661268	-0.5676470187045578

drug_243.txt	-0.233133632884007	-0.6174023081953335	0.06603810225115991	0.15984471674675804	0.29101206228124965	0.03622633336210905	54.12955465587044	-0.18132491599985387

drug_244.txt	1.52373107006157	0.30744086035951634	0.5849272256074332	1.1010895188025074	0.5592319272796228	0.22722049775267286	35.36032388663968	0.13456450739225584

drug_245.txt	1.61249791978699	0.5246035123771513	0.5737191951328658	1.1519751739890252	0.531729528897557	0.19526077456202712	-30.572199730094468	-0.49144608983636123

drug_246.txt	-0.219554002329839	-0.17664473260460495	0.46632026254888487	0.8744028434302906	0.23972812914056085	-0.09182947861969776	-9.271255060728745	-0.5852884854020151

drug_247.txt	-0.0950407721750708	-0.38624657923958206	0.4443991616170925	0.8235630985862162	0.31776761523479496	-0.0377585649846756	-19.836707152496626	-0.47860848104730797

drug_248.txt	-0.275320352804127	0.5106389625726792	0.39786031446004283	0.876561940591879	0.2958647251267407	0.09094889131091428	71.72604588394061	-0.03330057305390114

drug_249.txt	1.47799966716592	0.36374633758065644	0.5229518948661727	1.0533619220931325	0.4647416623562014	0.13650794959465762	37.502024291497975	-0.06970736663157506

drug_25.txt	0.288916625062406	0.6658617209572772	-0.04861066632449812	-0.0674307382677457	0.006723111050116812	-0.02924747071858269	18.126855600539812	-0.5097294149351859

drug_250.txt	-0.166383757696788	-0.591897813498973	-0.03734256013413881	-0.030982714654296806	0.27724606534533736	0.0027361278974402607	41.46693657219973	0.5697369731328124

drug_251.txt	-0.242369778665335	-0.5802952359929856	0.018182171716249695	0.0673500182390197	0.17913992564918732	-0.03929079660724215	5.272604588394062	-0.2407174752815999

drug_252.txt	1.60865368613746	0.36348152963046243	0.5020916792565068	1.013947597364066	0.530921448145038	0.16099376548538494	23.153846153846153	-0.4127373083223553

drug_253.txt	1.60620735563322	-0.5685800668456318	0.3924782621438746	0.8019292827110209	0.4859064624479086	0.06840319743600652	73.41565452091768	0.5691200170678702

drug_254.txt	1.47485438508903	0.3631759705829275	0.4518209184144216	0.9364413009246977	0.4266311280311342	0.17920089293220096	82.43184885290148	1.7770836268459984

drug_255.txt	1.55967715094026	-0.3839300485679197	0.474315597900652	0.8278044357007717	0.47247078075984805	-0.0025172376656450402	-8.878542510121457	-1.9495326093934908

drug_256.txt	1.46856382093526	-0.41051830935261857	0.4587801491402929	0.8820384337143676	0.44803551880940595	0.06829749065398259	4.753036437246964	-0.1887449217941264

drug_257.txt	-0.0649359294391747	-0.6502428231565027	0.46559333895967725	0.8646443443622465	0.32338681328751057	0.10386910036959851	26.219973009446694	-0.08982046827176297

drug_258.txt	-0.201930437676818	-0.1004485747957248	-0.06427162532560915	-0.028195768822949774	0.2213216065056966	-0.13275692558380145	-18.076923076923077	-0.6661082246948176

drug_259.txt	1.51214844400067	-0.2720300207447941	0.5375838629617632	0.9804161489801639	0.43379699479495265	0.06216822867221492	46.19838056680162	0.7429006599017458

drug_26.txt	0.239024796139125	0.6744583038894143	-0.09424815920433938	-0.14698966715233774	0.04368886274573847	0.012159060860534374	8.800269905533064	-0.8916047955760882

drug_260.txt	-0.12824097187552	-2.300912114414659	-0.09031309360329137	-0.1292999712242231	0.0027171498903458993	-0.08949506957708633	-17.39676113360324	-0.5078122758910025

drug_261.txt	-0.0805292061907139	-2.4339614376986733	-0.03598946285384297	0.03267792421020843	0.02103416363045873	-0.07678830327238376	-40.0863697705803	-1.252106442481336

drug_262.txt	-0.188800133133633	0.7720190326147878	-0.06849531546811327	-0.04001519973062051	0.0479454934169681	-0.027713895474911685	51.59109311740891	0.040407545261683095

drug_263.txt	0.125561657513729	-2.4625946931625027	-0.028657956436611898	-0.005970959663744058	0.026326941904510365	-0.028371142007913543	-25.086369770580298	-1.1863204500719995

drug_264.txt	0.038642036944583	0.6935090538021189	-0.08829994393915769	-0.10893814707584293	0.05691058708014856	0.09541028837410306	101.8582995951417	0.8635482302271505

drug_265.txt	0.099500748876685	-2.4017170982920653	-0.07026594607304132	-0.04980811255142903	0.008031053402733709	-0.0840180151354042	-37.65047233468286	-1.304232582004229

drug_266.txt	-0.0329006490264603	0.8674975478187308	-0.11142746253826463	-0.14592945566580523	0.048505980318626137	0.01193997868286709	54.80836707152497	0.6328017860317223

drug_267.txt	0.0501747378931602	-2.2235140717574673	-0.07833095664060041	-0.07061374257173869	0.009092659705811058	-0.09102864482075734	25.836707152496626	-0.425707000546136

drug_268.txt	0.230720585787985	-0.7552323469175544	-0.018050490962600974	-0.07740850564961599	0.04004531470202805	0.08445617949073878	-1.6963562753036436	-0.9114820032696432

drug_269.txt	0.195406889665502	-2.4427528900277156	-0.07611674225685738	-0.09238168944875835	0.01197715716861348	-0.04721220928730014	65.08232118758434	0.7374149958008857

drug_27.txt	0.220968547179231	-2.285088904472165	-0.06657879850873832	-0.07271162032873946	0.0051738490853595045	-0.06145255083567374	54.041835357624834	0.014696012767648958

drug_270.txt	-0.174022299883508	-0.41770652045503065	-0.03488420999025327	0.022969375848360563	-0.02944025154652496	-0.1972835009893911	43.30364372469636	-0.07127524632041274

drug_271.txt	0.233250124812781	1.1989992730465606	-0.06905552027651274	-0.08962307807204872	0.020711121008485715	-0.09234313788676107	26.690958164642375	-0.004121746231349114

drug_272.txt	0.200099850224663	-2.299777032688702	-0.027558085433467105	0.016133653017875837	0.023762146205696867	-0.08818057651108263	-33.36032388663968	-0.6199403617817923

drug_273.txt	1.33746047595274	0.4681202035848878	-0.04107523061952295	0.00851864692068316	0.15702451946665036	0.19509267921271822	29.044534412955464	-0.4284975032070819

drug_274.txt	1.30406057580296	0.24031941313508776	-0.06046781819098296	-0.00785623551777559	0.13845331841331787	0.21174292471543196	110.47098515519568	0.5030561528899312

drug_275.txt	1.36491928773506	0.40043087402846883	-0.0023882121557730063	0.0743408059527183	0.19466593696986234	0.27724849583795047	73.20917678812415	1.1219749335355056

drug_276.txt	1.33361624230321	0.3613699914605423	-0.05870179121856167	-0.04789304913209702	0.16303269318120736	0.25117771669554345	55.905533063427804	0.3859742647483987

drug_277.txt	1.32238309202862	0.5795750409532106	-0.06163340773530096	-0.05010783321573853	0.1340275676354065	0.17340354362365692	22.280701754385966	-0.3264460554640085

drug_278.txt	1.35413546347146	0.3630059039261337	-0.04017810150715645	-0.026513514811134176	0.16537488679956375	0.15127624367926104	14.043184885290149	0.3352101114117139

drug_279.txt	1.19981694125478	0.7024377984470316	-0.09154251655549583	-0.11444855795237507	0.10411437587035943	0.11249869823215138	64.74628879892038	-0.019715191285040328

drug_28.txt	0.206223997337327	0.8951902470806191	-0.08904880645443053	-0.11130655302848214	0.015727832371097344	0.0005477054441682151	15.10796221322537	-1.074006114021109

drug_280.txt	1.3174405059078	0.41080119145895844	-0.0934699335950071	-0.10133098963059306	0.1397320245707659	0.16924098224797848	31.46693657219973	-0.016506809834463215

drug_281.txt	1.25253785987685	0.8343297360253951	-0.0611788314822268	-0.09766776299492419	0.1302375930925219	0.22685959497447472	43.689608636977056	-0.3355382777163021

drug_282.txt	1.18933266766517	0.4035046919622334	-0.07430130091513498	-0.05464892655806408	0.11347684639691101	0.20232239107573866	86.38866396761134	0.7304713378322799

drug_283.txt	1.19262772507905	0.3330239684508442	-0.06614582226629934	-0.11406258971071048	0.0984995250589741	0.17866151588767176	62.10796221322537	0.5941588486142318

drug_284.txt	1.31060076551839	0.33188187454157014	-0.0724406898087076	-0.05306367664876144	0.13998307833966311	0.18676755646136134	-10.172739541160594	-0.9633335721681222

drug_285.txt	1.22289898485605	0.5981114810542825	-0.08867371166896754	-0.11880990853879725	0.08239488584574577	0.05334651026198415	120.17543859649123	1.805816244583659

drug_286.txt	0.0202363121983691	-0.8959907359703055	-0.13621202731565404	-0.2628914050153741	0.0740236064629196	0.055318249860989724	66.2834008097166	1.3478691431695693

drug_287.txt	0.252271592611083	0.909709733584173	-0.08912509162985949	-0.13571807487171028	0.038748419807128946	0.039106168713610556	-51.73684210526316	-0.5723977334060706

drug_288.txt	0.363654518222666	0.5887616680768731	-0.12877642165139064	-0.21520470529024988	0.034094775233776284	-0.04392597662229085	-20.910931174089068	-0.5288742583043254

drug_289.txt	0.908820103178566	-0.6740153018814466	-0.05976970107913604	-0.04761122504602089	0.026118043024655074	-0.04326873008928899	-102.83805668016194	-1.1096522331142482

drug_29.txt	0.363654518222666	-2.406827608389339	-0.059325515843670906	-0.056737106498987444	0.013958989725652536	0.015445293525543666	-3.299595141700405	-0.7845137630460385

drug_290.txt	-0.0893493093692794	0.6971151583718918	0.5485257961322086	0.8737849457928144	0.36491909112035825	0.09489410961058159	29.28205128205128	0.25346645570752546

drug_291.txt	1.60580795473456	0.16428545888226914	0.7163184480194469	1.11865254177992	0.6338595077860215	0.38395448271501753	14.452091767881242	0.3741794934561384

drug_292.txt	1.57470460975204	0.1467969544820053	0.5977199021766746	0.9460856185554203	0.5370649690720205	0.21255404943915734	57.144399460188936	0.08543990781054549

drug_293.txt	1.60815443501415	0.6454053890346629	0.6398953516689292	1.175183447029772	0.5153126654766628	0.1439518474073575	17.51417004048583	0.005152390604350232

drug_294.txt	1.62413047096023	0.059809738028420545	0.5911281855468979	1.0596051742837278	0.5447115209542684	0.265900408633058	25.736842105263158	-0.5908896547966248

drug_295.txt	1.63531369612248	0.46542844229262925	0.6702625614925822	1.190265802712286	0.5205139318288238	0.138916269475237	13.380566801619434	0.16677908449625975

drug_296.txt	0.109602263271759	0.3114255868381094	0.2185370413893422	0.3829473378297813	0.31400420513082017	0.04935974726982231	-24.101214574898787	-0.37765084526192083

drug_297.txt	1.51908803461474	0.3603468389219955	0.6743388806026862	1.067611569165656	0.5253031671547814	0.14022989850100756	4.717948717948718	-0.5859635604186764

drug_298.txt	1.56571808953237	0.3231355881456498	0.6280433890303649	1.037933611055464	0.5242318519246716	0.18606688158937565	103.6855600539811	1.3465824941179814

drug_299.txt	1.62897320685638	0.4267242072610177	0.5415933877290502	1.006564765300127	0.5237846093693547	0.23459225018552632	66.74493927125506	0.7076607678734496

drug_3.txt	0.00783824263604582	0.7642792552771186	-0.3901360544016485	-0.8681414394437672	-0.010821420872570094	-0.10454297663424061	-42.67611336032389	-1.5077664852581236

drug_30.txt	1.22299883508071	-2.3873229583785758	-0.031912354060673886	-0.017794064321179026	0.006451758602433465	-0.00580567770818308	24.21592442645074	0.11811162808482607

drug_300.txt	1.52228324180396	0.532662348395282	0.6074470439495565	1.338255004880732	0.5200680434814663	0.2665572231459434	55.955465587044536	0.5811848981186186

drug_301.txt	1.59152937260775	0.4121443107201577	0.6655755145015564	1.1014809523998137	0.5349875350458524	0.24035463057074644	41.176788124156545	-0.03283952255470537

drug_302.txt	1.52013646197371	0.18849787078651553	0.647708612419619	1.1904760149351308	0.5215203604606137	0.1301587426367666	-2.819163292847503	-0.38859684371438197

drug_303.txt	1.49517390580795	0.11702900668739996	0.7208421197439339	1.178759536697902	0.5563142765730539	0.24488234422072905	-26.686909581646425	-0.4322507900785349

drug_304.txt	-0.0828091196538526	-0.754622404096187	0.14070198004346357	0.2504730439121905	0.27685856518849583	-0.0066761520697542365	17.755735492577596	-0.10815877241236414

drug_305.txt	1.59053087036112	0.5166610397200904	0.5752586442846677	1.15792369721675	0.5185950252300062	0.21488781479896787	49.587044534412954	1.0117498672841283

drug_306.txt	1.46252288234315	0.6742689948877175	0.6237170155230752	1.1440970251158809	0.5287839733982612	0.17460319134200397	12.276653171390013	0.050065033309427236

drug_307.txt	1.44175403561325	0.46514165413273356	0.6438219502261352	1.2744579626852834	0.612683516996041	0.30646309908838343	14.364372469635628	-0.11956956392704625

drug_308.txt	1.65428523880845	0.3819359021346486	0.7074561739786165	1.125389027486008	0.5343999188089582	0.11548988518232862	-6.886639676113361	-0.6365688234559992

drug_309.txt	1.5385089033117	0.37584234263436733	0.6066510050750231	1.0322130768473399	0.5493880887447199	0.2867618998612731	7.464237516869096	-0.4365473008599383

drug_31.txt	0.152021967049426	0.6292715205570177	-0.10762646908088497	-0.13835462241212937	0.03141787193390908	-0.03297186773892655	17.53711201079622	-0.24084360349796677

drug_310.txt	1.33596272258279	0.38613882551978174	0.6043686895975582	0.9616786480881837	0.3671740598487845	0.11065506899226986	-40.37516869095816	-1.0826923120963048

drug_311.txt	1.5494425029123	0.2955781229121004	0.6410203278867584	1.0903699964268587	0.5263712582489051	0.1906638280757014	63.94062078272604	0.39453965835709637

drug_312.txt	1.73494757863205	0.00986890114951225	0.619824641456358	1.0603295778626125	0.5835474731019173	0.4056258018648389	77.56815114709852	0.502030147197213

drug_313.txt	1.50595773007156	0.15535914836106196	0.6536294139949542	1.135102621327689	0.6052853108414322	0.1219285329944497	-18.894736842105264	-0.33671622400492607

drug_314.txt	1.48798468963222	0.40786698355555173	0.6382511315510475	1.2047418161589887	0.5367256220700197	0.2378763227499527	-3.874493927125506	-0.3511880136738039

drug_315.txt	1.4648194375104	0.37248412300912026	0.6413924429550588	1.0881385014490284	0.4974146223551243	0.10060208955692893	26.510121457489877	-0.6063379320349387

drug_316.txt	-0.0838575470128142	0.7446313304467822	0.5092064499057881	0.9686184793535406	0.36965127707960316	0.1708438259161699	83.93522267206478	0.4563768974596559

drug_317.txt	1.60705608254285	0.8023302594301642	0.5473151812526673	0.9954270134929573	0.5342338828735205	0.09401335455604737	-7.106612685560054	-0.018856527355164594

drug_318.txt	1.51888833416542	0.469070875541499	0.5166796576900456	0.9167834431087584	0.5226296131134314	0.18168883731668448	32.827260458839405	-0.12584993564406532

drug_319.txt	1.61519387585289	0.2943366259963489	0.6155771750965102	0.9460386256132687	0.6038573452418988	0.15574039992229965	87.17408906882591	0.6292373240191066

drug_32.txt	0.233399900149775	-2.341099382929622	-0.04781000323276546	-0.04459618218403116	-0.010701643455210946	-0.14930450408025545	-11.156545209176787	-0.31736225642416205

drug_320.txt	-0.0215510068230986	0.8790415745410538	0.014097597789249738	0.04666334988019827	0.017751170957052573	-0.08204627553639864	-72.10796221322538	-1.3327312955870279

drug_321.txt	0.261407888167748	0.6262292697740132	-0.07787595890791565	-0.1107433687115067	-0.014455347554378788	-0.14799001101425172	-73.8974358974359	-1.3050321014235091

drug_322.txt	0.386320519221168	0.8968314894007426	-0.02055576137614673	0.02163393214323661	0.01598395402585667	-0.008215581662523227	22.371120107962213	-0.37958137725752733

drug_323.txt	0.409036445332002	-0.5323585860046762	-0.04078670896860043	-0.03966634946831171	-0.02770265320842667	-0.2748385918836104	-96.73144399460189	-1.3897819158775861

drug_324.txt	0.29003161923781	-2.373045438522234	-0.00025257426839953023	0.045742095911133984	0.00040660906810354087	-0.08883782304408448	-55.56140350877193	-1.1426360133546456

drug_325.txt	0.174937593609586	-0.6764175389617996	-0.09024357503998781	-0.1189853907338736	-0.010435817568533103	-0.11162236952148223	-52.13630229419703	-1.3157856582998924

drug_326.txt	0.214228657014478	-2.412227720546141	-0.045140292882904165	-0.0013295072735063362	0.003468871321543148	-0.1311206833338707	-74.29689608636977	-3.3583843013728285

drug_327.txt	0.151988683641205	-2.3648887433140935	-0.03478050104293745	0.043323888826306556	-0.012813633165976137	-0.13331150511054357	-3.603238866396761	-0.5138655208849435

drug_328.txt	1.06748211016808	-2.367378907463849	-0.03816346010584176	-0.06227200444454073	-0.009737517224043035	-0.07021583794236519	-43.927125506072876	-0.6454901062246944

drug_329.txt	0.258595440173074	-0.3841085617186193	-0.09014197076481112	-0.07259191297253231	0.007759565172208359	-0.04765037364263471	-42.17004048582996	-1.7761060793200678

drug_33.txt	0.155649858545515	-0.43503668341624324	-0.12127269376528077	-0.1803477179258442	-0.01822188663756637	-0.11184145169914954	-60.73684210526316	-2.9093595972603645

drug_330.txt	0.157380595773007	-2.3797734201657037	-0.06432787437164633	-0.012269148397731522	-0.0009463518103196111	-0.08752332997808078	-90.0	-1.5823135352935132

drug_331.txt	1.39387585288734	0.6114874876123272	-0.02537619914829875	0.027872727177465473	0.11936476804472403	0.004491184642179364	-90.21592442645074	-1.0174437706845687

drug_332.txt	0.334481610916958	0.6082578617177833	-0.05550114984217047	-0.051600163940911936	0.024636475555997395	0.016759786591547383	11.572199730094466	-0.5344224946230225

drug_333.txt	0.33123647861541	-0.2322224633891126	-0.0893044154250816	-0.09146363452812512	0.009632568010872722	-0.059480811236668166	-43.64777327935223	-1.7336293698760221

drug_334.txt	0.171326343817607	-0.49055546635114433	-0.04969857639483144	-0.027916307386788963	0.021977820609640975	-0.07087308447536704	6.923076923076923	-0.10839684040765714

drug_335.txt	0.367232484606424	0.7771712781731828	-0.04353336937411911	0.040028371746194114	0.034034928983330846	0.0180742796575511	-1.00944669365722	-0.4973381186437633

drug_336.txt	0.55979364286903	0.582682930955386	-0.027615822458089467	0.03137788839080968	0.0332768986840681	0.04611679839896372	-65.6140350877193	-3.0531486598121322

drug_337.txt	0.380562489598935	-0.2693724241904248	-0.09137188424393339	-0.160466654040737	0.03141203368315981	0.01303538957120352	6.3117408906882595	-0.3994578751887147

drug_338.txt	0.324213679480779	-2.3979543422214955	-0.03339363092168679	-0.009152571776064988	0.03017126257740226	-0.03516268951559941	-87.27935222672065	-1.030654775764511

drug_339.txt	0.349525711432851	-0.6818275428223	-0.08545019834535889	-0.06856150869399547	0.017950984902964318	-0.07196849536370346	-47.89338731443995	-0.9899743702251925

drug_34.txt	0.0652021967049426	-2.4034412364872355	-0.06570233030156747	-0.06412678862263049	-0.008988762500383824	-0.14295112092790416	-75.89338731443995	-1.1372745298415394

drug_340.txt	1.20575802962223	-2.3928574883575804	-0.04362673684629709	-0.0030940919320128213	0.039075723216335734	0.05356559243965144	-25.40080971659919	-0.8121932826872571

drug_341.txt	0.117224163754369	-2.4292457810336487	0.0312582423809849	0.13753689061504104	0.006951898261376311	-0.15762962683161233	-118.39406207827261	-1.0086559647421447

drug_342.txt	-0.167082709269429	-0.49772978968880977	-0.14126261524146508	-0.19538360572138164	0.009147671357637426	-0.02245592321089682	-104.52361673414305	-1.3307856985044457

drug_343.txt	1.18194375104011	-2.390423266033588	-0.010676250238992324	-0.05399186103341869	0.03881447678589953	0.03012379942925183	-92.98245614035088	-1.0721403387955093

drug_344.txt	1.14055583291729	0.6544573650570775	-0.09046441875357825	-0.07846460764764962	0.03767311028875581	0.04217331920095256	12.651821862348179	-0.27568919645629497

drug_345.txt	1.12672657680146	-0.4989944403927824	-0.05643613272516429	-0.02389271354498046	0.04455918189017327	-0.017636115302216527	14.852901484480432	-0.3825732760432524

drug_346.txt	0.319204526543518	0.7308270650578362	-0.014096544383791432	-0.022871328742978814	0.018678017287499567	-0.13199701204453984	-94.0634278002699	-1.0530641217363428

drug_347.txt	0.860059910134798	-2.4243681458541624	-0.07259199323538834	-0.10891383342881944	0.025306347080279585	-0.0064629242411849384	-33.54520917678813	-1.337377109378368

drug_348.txt	1.22887335663172	-0.7458350140024154	-0.08312903145617684	-0.10473127419316375	0.04614484976734411	0.09059048046542277	97.66261808367072	0.9000029239379599

drug_349.txt	-0.00439340988517223	0.3386209959946276	0.13554928928862053	0.1992766137598868	0.1138801959009999	-0.07872120549205378	18.838056680161944	0.08951901584791726

drug_35.txt	0.271675819603928	-2.315866191904075	-0.06576412128060144	-0.0057923535827709705	0.009971778698453117	-0.07109216665303432	57.45344129554656	0.32981893405211293

drug_350.txt	0.0237144283574638	0.337232638455359	0.1385741899902792	0.2630026606314207	0.18154213279890247	0.07924260133571057	21.218623481781375	0.5895200681975754

drug_351.txt	0.0075886170743884	0.24395412058672056	0.48273393993764	0.8660332770110305	0.14587277251769998	-0.005145892431330358	40.802968960863694	-0.04824113998588072

drug_352.txt	-0.0609086370444334	-0.5522852346302738	0.02337045591733758	0.03835550700350271	-0.05085617101026555	-0.06304383752675316	42.875843454790825	-0.04600561054138099

drug_353.txt	-0.0207688467299051	-0.33023058870636135	0.11530854411503899	0.1968699110447345	0.11716646515950695	-0.06229814454099944	28.218623481781375	0.1382007963083955

drug_354.txt	0.0065901148277584	0.4173505358166664	0.13591026473788337	0.14977399405329378	0.15839741197565257	0.038745691813317044	40.10391363022942	0.21114305092342295

drug_355.txt	0.026410384423365	0.7289785610732348	0.09653400688146496	0.057003522827831166	0.14198510240105772	0.07127608452757582	16.031039136302294	-0.6812573242801595

drug_356.txt	-0.000898652021967039	0.39907744247683297	0.10781466924637545	0.32480788731787696	0.1213823576770236	0.058446891040427405	79.54790823211876	0.3785072055346793

drug_357.txt	-0.0714927608587119	-0.8271658706796687	0.008254289398236997	-0.05909426825290259	-0.0009425492785616277	0.030422412088488726	40.90958164642375	-0.530116570431352

drug_358.txt	-0.491496089199534	0.7744935991366029	0.038771440149552805	0.047144915189181735	-0.03711402885739497	0.05799956261474468	37.036437246963565	0.5052762143954652

drug_359.txt	-0.432251622566151	1.0019984544469396	0.015151601238854201	-0.12249911391631285	-0.06039064736934495	0.004596191754375994	-1.7219973009446694	-0.5805906872115737

drug_36.txt	0.16711599267765	0.6392055270961148	-0.0385768169140267	0.06412275729591688	0.0031423302987361886	-0.06276704390167746	28.534412955465587	-0.24682749977294288

drug_360.txt	1.40046596771509	1.0621212689563813	0.47670202207301315	0.8646895818666598	0.2342601001974919	0.08885484502001328	14.12280701754386	-0.5801750560377671

drug_361.txt	0.0145282076884673	0.8674372637420643	0.10831412160518022	0.18703993082780307	0.17211083643968972	0.002845728777249275	-14.404858299595142	-0.5765869851126437

drug_362.txt	0.00064902646030951	0.16678212733889472	0.11703294833525377	0.25275369791347513	0.16650002453291948	0.11419501714633114	65.95546558704453	-0.23388045030308977

drug_363.txt	0.0232651023464803	0.6080047324530011	0.08669167168272174	0.2796793783089008	0.1583677272099088	0.12105292413991145	106.73954116059379	0.5578868230931626

drug_364.txt	-0.0560659011482776	0.8830953018729617	-0.00222486200714056	-0.06366177127517819	0.0021883319136587033	0.015979861595322848	8.338731443994602	-0.04275882978289256

drug_365.txt	-0.0532201697453819	0.5547884406666208	0.02703515983725724	-0.00972503654805107	-0.0027323065964182207	0.13462486138525415	93.0391363022942	1.0715448554816545

drug_366.txt	0.0112331502745882	0.7378740238434877	0.08650742332900063	0.17693605262416917	0.14467668338738118	-0.03918349624058617	-38.90958164642375	-1.3518299244678724

drug_367.txt	-0.0437343984023965	0.632970235322597	0.0039829408422931145	0.10936918307018578	0.00904092848406546	0.0925804339095736	36.34547908232119	-0.22888067574908635

drug_368.txt	-0.04618072890664	0.7565062352654768	0.001559627820038073	-0.14515767408773977	-0.028285383766038164	0.0013134132818073574	4.931174089068826	-0.16537288025563587

drug_369.txt	-0.0165751372940589	0.5527365346372832	0.0941489424892297	0.16698667299208841	0.1354894506316491	0.10959656008003592	84.02294197031038	0.6067438874701978

drug_37.txt	0.269745381927109	-0.6598818230865301	-0.12051447894730571	-0.14961627007343603	-0.03452391983329556	-0.22751684150747656	-46.742240215924426	-1.3545102941683786

drug_370.txt	-0.0482775836245631	0.7771517780684584	0.4239500136585732	0.7567709728056325	-0.024490492575658218	0.04289778970750928	10.7165991902834	0.09080879237231923

drug_371.txt	0.00474288567149284	0.872482363733624	0.10340725195163214	0.12407871670366838	0.1323389559477666	-0.018284341192173825	-44.05802968960864	-1.2376041044983281

drug_372.txt	0.00878681977034446	-0.782342159000587	0.0987100726258004	0.11165909490901094	0.1459360995261797	0.1750698297382392	101.12820512820512	1.1226911872031475

drug_373.txt	-0.0364952571143284	0.578148933390865	0.12265817319157998	0.1749997944503079	0.18760925524867	0.12229706054885126	8.800269905533064	0.006461633549815987

drug_374.txt	-1.303161923781	0.6756413404057084	0.3323084999588428	0.6973506118681563	-0.07797252767994431	-0.03655666967697145	15.124156545209177	0.17041599700497376

drug_375.txt	-1.36591778998169	0.7031872010925759	-0.41897937954080267	-0.8043829052277625	-0.11556768453629282	-0.031735609732596155	12.828609986504723	-0.30068920614959277

drug_376.txt	-1.27924779497421	0.5550196003635736	-0.009148276463240707	-0.10195708210968707	-0.031653040642126186	0.09542569547180635	73.63427800269906	0.1484013357973233

drug_377.txt	0.0194208686969546	0.43023169409451983	0.13924966932403327	0.4445543663397218	0.10514926423617095	-0.0227658302179942	45.340080971659916	0.9733717516538803

drug_378.txt	-1.58686969545681	0.5427771238286666	0.08112174875485664	0.1486720556491148	-0.01629357164006024	0.056905231244655165	14.582995951417004	0.05139424311601053

drug_379.txt	-0.0665834581461142	1.1003739278668663	0.022437482165526768	0.10968325884837937	0.14437641385611083	0.12229706054885126	37.51686909581647	0.07886292829049386

drug_38.txt	0.204393409885172	-2.3112948513534177	-0.0385807727272936	-0.015518263629831108	0.024372295259172307	-0.055756414216324296	67.7246963562753	-0.07202276828923355

drug_380.txt	-0.11096688300882	0.775868246493898	0.19492320571537874	0.3400422247324843	0.18505150103099818	0.17111892206903098	-8.623481781376519	-0.7630436591194067

drug_381.txt	-0.102579464137128	0.5222485334122541	0.07984400061269153	0.17656320500249784	0.1473307630159173	0.1049981030137407	0.8218623481781376	-0.21190429094117033

drug_382.txt	0.31063404892661	0.6300857558322984	0.09769075597002841	0.22383328891527265	0.2042464875894613	0.1835997647535285	44.04858299595141	0.2613506950106083

drug_383.txt	-0.126843068730238	-2.5793775191264934	-0.05397973617676294	-0.06824546968310408	0.06727611955889765	-0.09075981215305612	-45.847503373819166	-1.5820337550033066

drug_384.txt	-0.184955899484107	-0.3470541937308151	0.04254327994977297	0.12324663996332919	0.08523277113692021	-0.01850331533818788	10.558704453441296	0.12962878442022993

drug_385.txt	0.218222666000998	0.7048379003122143	-0.12256060145949355	-0.18935980695542476	0.10409661265278834	0.0756514236402434	-46.500674763832656	-1.178192047151751

drug_386.txt	-0.0467132634381761	0.485018705185422	0.07248405264304164	0.15475029636288296	0.18602289439479347	0.1573243064703759	17.711201079622132	-0.24251132417479923

drug_387.txt	-0.217407222499584	0.9821397607375717	-0.07565752137294457	-0.0921676420179921	0.04451181241762907	-0.05682067853731739	-45.69230769230769	-1.680851749694432

drug_388.txt	-0.181411216508571	-0.8706064786182726	0.0888783521036533	0.1905508652255447	0.1612335194575227	0.02945040949236682	32.67341430499325	1.4143312905147685

drug_389.txt	-0.232634381760692	1.126940186698639	0.17343328636972621	0.2819715020787999	0.1627034738683484	0.2182077365030086	12.318488529014845	0.2852914888070066

drug_39.txt	0.163404892661008	-2.4025539221766157	-0.081635555210261	-0.058470064693366575	-0.003568109489345058	-0.058604482525999015	-11.524966261808368	-0.893835404381415

drug_390.txt	-0.170327841570977	0.7495638001243321	0.04493567686799674	0.13949026183570384	0.16406350232784422	0.13236987126549793	25.28205128205128	0.13139870209164511

drug_391.txt	0.0158761857214178	0.7181523671234396	0.12624118573384818	0.23762900853534458	0.15080765970374888	0.166748812189705	18.08097165991903	-1.0643444433072924

drug_392.txt	-0.201281411216509	0.7209996466166825	0.14860799120438667	0.21716671274504928	0.17066582349261258	0.02331946922629789	73.75438596491227	0.19768512224054371

drug_393.txt	0.175303711100017	0.6701024858649645	0.10076265438729537	0.24215624525586277	0.15042607559970259	0.20309852042803858	101.22267206477733	1.161226372504471

drug_394.txt	-0.103744383424863	0.7371506292839041	0.20219613074105125	0.33266619076497866	0.13346725339140647	0.049159695780155964	-0.06342780026990553	-0.21539066272859486

drug_395.txt	0.0605591612581127	0.28790963827955535	0.19891218840460406	0.3556899876580749	0.1592447204106611	0.062079170394985374	57.53711201079622	0.12635784196119154

drug_396.txt	-0.0618405724746214	0.9623581327960044	0.0595819333144566	0.15950216727909	0.1821040844454303	0.14352969087172082	89.14035087719299	0.6954389199096539

drug_397.txt	0.254068896655017	0.26435993770720134	0.13175776066762912	0.18856190765334174	0.19054380229475795	0.2103131473414002	99.52496626180837	0.8765763548760845

drug_398.txt	-0.0723747711765685	-0.5815069198477694	0.09314577301661006	0.21820538542794915	0.11253395464359975	-0.055509946014563646	-18.518218623481783	-0.49148310717284127

drug_399.txt	0.0310034947578632	0.946873888203223	0.08654010054994393	0.20058428894181213	0.17053641034304523	0.09163566076249453	89.29959514170041	0.45393843803136047

drug_4.txt	0.019370943584623	-0.7881855824489249	-0.3902986626102218	-0.8304583477746177	-0.013380040779925674	-0.12030652494348737	-12.053981106612685	-0.6522629337908223

drug_40.txt	0.261757363954069	-0.7954284473545549	-0.08297544272343282	-0.0960081190717329	0.028005814174573332	0.02245592321089682	35.25506072874494	0.3400879063584579

drug_400.txt	0.025877849891829	0.41586424340168004	0.09840810238560113	0.18451690570681817	0.19589918401643897	0.14024525858632675	160.4966261808367	1.45597435043443

drug_401.txt	-0.0409718755200533	0.9629460840060933	0.018470417415339946	0.13226501960302334	0.11256063738829596	0.06186019624897132	-25.27395411605938	-0.18014230900740258

drug_402.txt	0.31860542519554	0.16651810911198983	0.05360987604268097	0.09619258766234023	0.15595254226421837	0.1091586117880078	3.4331983805668016	-0.0006089508290874759

drug_403.txt	-0.235280412714262	0.8959508960271652	0.12632013330097605	0.25991236821508495	0.1846463658093642	0.16476901965060245	82.53441295546558	0.24488438419536335

drug_404.txt	0.180129805292062	0.5718044208833917	0.06297127980327233	0.13270940375108686	0.17940634108660072	0.07061529413597249	57.00944669365722	0.1566471762435681

drug_405.txt	-0.000183058745215625	-0.5695751872010797	0.04820519985874869	0.11019179124672362	0.15012254973981626	0.11550253536969143	87.41835357624831	1.1520047000664444

drug_406.txt	-0.0920452654351807	0.8172003173284736	0.1318021109154751	0.2450186829700835	0.1290857650258095	-0.0049269182853163	53.449392712550605	0.6640291655573292

drug_407.txt	-0.00364453320019975	-0.8390111959460516	0.06750849398507253	0.180243268979145	0.013733971082778492	0.04195423702328528	62.361673414304995	0.25625179306790247

drug_408.txt	-0.0211183225162257	0.5811911244124828	0.05273375688271198	0.04668675154708257	0.0019166605527777404	0.0036148559315102194	-53.70580296896086	-3.640406656273419

drug_409.txt	-0.00119820269595605	-0.8824411479368439	0.04092787524993313	0.15692159264954464	-0.07381635428080313	0.03164003101596287	81.17678812415654	0.4819787315610114

drug_41.txt	0.194541521051756	-2.553181281238823	-0.0941401141027588	-0.12646355987115698	-0.0073161193735155	-0.11775667049616624	-15.491228070175438	-0.2726751325101131

drug_410.txt	-0.00529206190713938	-0.8331916323257957	0.06749945741799357	-0.03551752318344836	-0.02032793714549963	0.015664375703210952	18.774628879892038	-0.4324419160317007

drug_411.txt	-0.361957064403395	2.2458185252405185	0.055996709569761105	0.047500165689396856	-0.24388528536438747	-0.0709437373645119	49.10796221322537	0.6118660791641313

drug_412.txt	-0.0171742386420369	-0.7613742479739287	0.05642320407340079	0.11095794501211986	0.005925588592938397	0.18567214557302494	138.98110661268555	1.0504038649101362

drug_413.txt	0.0179231153270095	0.8163543308137746	0.070653644340058	0.10004145057189928	0.019407783036811413	0.08861874086641722	16.149797570850204	0.20639527206504768

drug_414.txt	-0.0216674987518722	-0.7476669083026724	0.02400042459163071	0.1082119893785678	0.013941077660614802	0.15872503771994873	30.663967611336034	-1.571177382249685

drug_415.txt	0.0119820269595606	2.0841501115255903	0.025748870565154958	-0.09062226207196522	0.0019338542752051415	0.12301464276018112	10.380566801619434	-0.1460862156482836

drug_416.txt	-0.326360459311033	2.3073070958111948	0.0184678806670881	-0.05332792372903983	-0.23073918723864062	0.011823956227418648	49.10661268556005	-0.23399593018891524

drug_417.txt	-1.26615077383924	-0.7082475936935996	-0.07677344325240831	-0.16821298288847708	-0.34928679658974765	-0.16772500870745713	-34.22132253711201	-0.9569646413890439

drug_418.txt	-1.33614578132801	-0.4095999783491511	-0.016689127853784402	-0.15394455555441544	-0.2907064075276588	-0.06809722938383703	-14.695006747638326	-0.8926007502879723

drug_419.txt	0.00424363454817767	2.320270281294614	0.007528486268628232	-0.03883519717790951	-0.08117166311707469	0.03864681989147021	66.4574898785425	0.5632008575656557

drug_42.txt	0.303361624230321	-2.4080359667930633	-0.05907594662458254	-0.07038828161479294	0.045044203600981464	0.08818057651108263	76.47773279352226	0.2814084157329454

drug_420.txt	0.0271592611083376	0.23514361834596853	0.09567181565534688	0.029033585771811143	0.12880787553150294	0.23307982745397576	94.63562753036437	0.5794895644063327

drug_421.txt	0.0234648027958063	-0.7336373237221057	0.037526549000250486	0.07015671973799698	-0.024058627769929026	-0.036477182581603124	-47.283400809716596	-1.3454131647089196

drug_422.txt	-1.69206190713929	-0.9582675946594182	-0.014916891932871101	-0.18749751465654363	-0.2443442973944664	-0.0851762772678862	40.553306342780026	0.4867954239278598

drug_423.txt	-0.0092860708936594	-0.3133117195842665	0.025674543956541063	0.09688742873736622	-0.023730431276255803	-0.05991897559200273	-75.95006747638327	-1.5895077535154203

drug_424.txt	-0.00184722915626556	-0.3978380496793259	0.005203045781838778	-0.06277121003976782	-0.011995018491670104	0.023113169743898678	-32.31578947368421	-1.6637939153691843

drug_425.txt	-1.69785322016975	-0.8024427661555606	0.05945225158714862	0.14753715316901628	-0.21942405177551885	-0.09678127134294524	50.747638326585694	0.4667885912843968

drug_426.txt	-0.0134797803295057	-0.9862019069508493	0.01888970338641477	-0.004289645625773497	-0.004757891544058957	0.03231462120592469	8.41970310391363	-0.5735383070779255

drug_427.txt	0.019670494258612	-0.8583598203819764	0.00415642960715884	-0.10775293354929005	-0.01544295976616068	-0.05247018155131501	-13.960863697705802	-1.0264300993308997

drug_428.txt	-1.68871692461308	-0.7628664921078272	-0.050744403327390386	-0.15990585856372685	-0.32201940175346755	-0.08788442806578119	9.98515519568151	-0.21767615181663094

drug_429.txt	-0.385122316525212	-0.6463371411519423	0.022187833593370287	0.09397769168153058	-0.22486284298718676	-0.006568864570788138	-25.425101214574898	-0.527922612688256

drug_43.txt	0.108237643534698	-2.406339182974302	-0.015589455568851163	0.023914029323108377	0.004832033764647859	0.019607854901222098	-29.940620782726047	-0.5343088354762462

drug_430.txt	-1.69141288067898	-0.6438288692964198	-0.002076581809816014	-0.1900945288212823	-0.23745412725629225	-0.09656230919058563	15.442645074224021	-0.11697994949142015

drug_431.txt	-0.456515227159261	-0.7409370266876919	0.045256563348433254	0.004236772449092596	-0.21060813284314248	0.1048828709802506	51.15924426450742	0.41061620815706956

drug_432.txt	0.00494258612081877	1.985513866667029	0.04200932615556685	0.12248729856499574	-0.017506574756255503	-0.08357985078006962	-17.748987854251013	-1.5006207947546086

drug_433.txt	-1.45267099350974	-0.6578604677386947	0.07053549435806572	0.12264767776951768	-0.053808868390628276	-0.03490535069482438	-26.012145748987855	-0.22015250231180308

drug_434.txt	-0.519104676318855	-0.2571197863044977	-0.5060902494339662	-1.084005566648927	-0.38662550838631543	-0.10931174089068825	131.69770580296895	0.8603415845410151

drug_435.txt	0.0479780329505741	2.2486629232906186	0.09693267964080321	0.04336848806905169	0.21011135430493844	-0.13557281978334612	-1.8569500674763832	-0.7406641470231132

drug_436.txt	-0.134448327508737	1.106040098931154	-0.008096222322372726	0.03506548890817007	0.020168704891486373	-0.019148703359229673	-9.835357624831309	0.17361265679948235

drug_437.txt	0.444350141454485	0.42716653146587125	-0.031439117980583686	0.031723815809934	0.07639410252830767	0.10833613685647295	89.13900134952766	0.7411323269158238

drug_438.txt	1.32003661174904	0.9199104240094871	-0.03337213180880949	0.022643170189560524	0.06163575762846011	0.1076788903234711	18.35492577597841	-0.2256117224455819

drug_439.txt	1.00700615743052	-2.4828058063611502	-0.09230700682936172	-0.135253932670655	0.04522570352682297	0.0020812806878392175	-5.380566801619433	-1.2431730666016978

drug_44.txt	0.284822765851223	-2.4151150449703294	-0.047020247128171655	-0.044369634945208736	0.014623638473707344	-0.0982583566837778	-40.23481781376518	-1.0655222842429133

drug_440.txt	1.29577300715593	0.8912991806990197	-0.05963757618582227	-0.09603264849956183	0.05438814315025483	0.07569289238404733	12.136302294197032	-0.8585357257627889

drug_441.txt	1.2776501913796	0.8724884650741762	-0.1074885034965175	-0.10302627699441047	0.09166024709356307	0.11162236952148223	73.42105263157895	0.7164157878074724

drug_442.txt	0.427775004160426	0.859881892041561	-0.11892475484750081	-0.1341900794142974	0.06129781667815307	-0.015007129170209094	1.5600539811066128	-0.6748917042323702

drug_443.txt	1.09772008653686	0.6508436154868578	-0.07061333929940367	-0.08118256563114645	0.1228918711380414	0.11162236952148223	59.05668016194332	-0.08736845847257826

drug_444.txt	1.11509402562822	0.8226382604637883	-0.054568781576983694	-0.033649470950642524	0.10023625359170903	0.11315594476515323	106.47368421052632	1.3129750192771192

drug_445.txt	1.1421534365119	0.8935351955855116	-0.08850265021358417	-0.11383667911636741	0.08677118652384075	0.0369153469369377	24.832658569500676	-1.1889547822131108

drug_446.txt	1.36127475453486	0.5858325700506551	-0.04782831774977747	-0.06143494853019793	0.17132977462535828	0.16244943474029258	101.46153846153847	0.717393889975739

drug_447.txt	1.25703111998669	0.5438734610769895	-0.0487511905448596	-0.04120415167301483	0.06499615112625261	0.037572593469939554	-14.407557354925776	-0.8032041304307025

drug_448.txt	1.03171908803461	0.3347465278132274	-0.07019518947255421	-0.0963409908870061	0.08968541055484679	0.19005378912637064	86.59379217273954	1.2366859568709325

drug_449.txt	0.126859710434349	0.8748376164259519	0.02046135939769289	0.08335565628514308	0.0724715821891634	-0.014349882637207236	-49.3306342780027	-0.8474553919385263

drug_45.txt	0.24118821767349	0.8552918468539288	-0.01708791792198483	0.027125410905054492	0.01756854838022809	-0.07941728940439119	-9.252361673414304	-0.6516031138881468

drug_450.txt	0.489482443002163	-2.494769019125556	-0.10103718915211923	-0.0983625469624626	0.020256629491283623	-0.08971415175475364	-4.099865047233468	-0.19893565823720885

drug_451.txt	1.08598768513896	0.44086999453600617	-0.0650293028462266	-0.031954415167070094	0.059518358582615505	0.03187645685059012	16.564102564102566	0.4353870282222227

drug_452.txt	1.21998668663671	0.6684110178595586	-0.08688466800502209	-0.13108951732292717	0.04203563881283541	0.01303538957120352	105.40620782726046	0.9776471828066426

drug_453.txt	1.16002662672658	-2.311428076276469	-0.06738302933685264	-0.09447130007003823	0.04031992563911504	0.020703265789558535	3.8893387314439947	0.4429209047795649

drug_454.txt	1.10515892827426	-2.505865021707284	-0.06723248123301762	-0.026700527630305393	0.07601524480401506	0.19969340494373122	128.87179487179486	1.4315616922356227

drug_455.txt	0.455433516392079	-2.3492983583766245	-0.06660720360615552	-0.08059343771095118	0.05371455660988999	0.06189071519100831	75.9689608636977	0.6554099132499489

drug_456.txt	0.982592777500416	-2.3533527276991477	-0.0645920161365946	-0.09356998102893543	0.045813467641105055	-0.09891560321677965	-80.46018893387314	-1.574940725960558

drug_457.txt	0.993143617906474	0.5421434339335651	-0.0483305366478205	-0.01824415481503905	0.06525735228719529	0.0997919319274488	76.60323886639677	0.7476461762939695

drug_458.txt	1.02309868530538	0.5517933715153454	-0.014978978156334088	0.06897512092010105	0.049763167180896	0.0073392529518540835	10.46693657219973	-0.39955641879790693

drug_459.txt	1.01181560991846	0.5608210903438953	-0.09621605580235887	-0.10781107113174315	0.08196636190707021	0.04830762017563658	40.827260458839405	0.1814471416640778

drug_46.txt	0.272441337993011	-2.437545350689697	-0.07703649657565165	-0.10353171470288458	-0.02013907598849896	-0.16003953078595246	-104.87854251012146	-2.227119625973345

drug_460.txt	0.96843068730238	-2.3799210945407867	-0.03375689499844037	-0.031076194652489786	0.050793350698711215	0.0399824974242797	20.134952766531715	0.02461333573372705

drug_461.txt	1.14834415044101	0.7832131214241956	-0.010288329475952263	-0.05585878656078802	0.08293730287809349	0.06780593398802502	21.581646423751685	0.1984828318655351

drug_462.txt	0.409119653852555	-2.516580670094741	-0.07170720059149721	-0.11861647891791871	0.016292559960573532	0.0029576093985083617	56.043184885290145	0.09600948001342165

drug_463.txt	0.454085538359128	0.6755078191931545	-0.059995832291781126	-0.026894657346941853	0.07068506841787499	0.07635013891704918	59.54790823211876	-0.19542006192448796

drug_464.txt	1.02284905974372	0.6348953814355425	-0.058375617193477614	-4.4693340665147296e-05	0.07655528810705257	0.04589771622129643	38.24156545209177	0.042151320136226265

drug_465.txt	0.527375603261774	0.7386178920285313	-0.002029976603238115	0.047465174024676426	0.05654148897444026	0.1580677911869469	111.11875843454791	1.1923338002296529

drug_466.txt	-0.232484606423698	-0.5205821916463221	-0.028774415917065754	0.0428254752634728	-0.02233977735628165	-0.149646715141233	-23.732793522267208	-0.9676051859887882

drug_467.txt	0.0173406556831419	0.5926783007167087	-0.06849968261911371	-0.03716591253254797	0.039725814466293974	-0.04242731044663528	-103.56140350877193	-2.7252000540979155

drug_468.txt	-0.177716758196039	-0.6888777463819968	-0.09852697088173307	-0.13827889596682297	-0.03039969893583002	-0.14350736272518239	-67.34278002699055	-0.7459970239002418

drug_469.txt	0.166616741554335	-0.19965886932323054	-0.11566228681536356	-0.14376081866553103	0.019937465717484712	0.008880134744644596	57.18353576248313	0.44332931551858057

drug_47.txt	0.221168247628557	-0.8507054083219393	-0.07156642201762131	-0.0592308167589084	-0.05180289121365736	-0.22379244448713267	-88.75843454790824	-1.1898002462656692

drug_470.txt	0.204443334997504	-0.7032717433980447	-0.03914533664683101	-0.048124740314391845	0.0758277046879375	0.06654619493826258	87.6140350877193	0.21201276876507172

drug_471.txt	0.253203528041271	0.47213795548596266	-0.13222470492102412	-0.11447824167193799	0.08319880541603156	0.08386793925497674	18.059379217273953	-0.3150932904048913

drug_472.txt	-0.0694791146613414	-0.5025270480083938	0.017095515008782203	0.06015759838504875	0.02683293996885912	-0.005591195950331782	67.40485829959515	0.7035385352090712

drug_473.txt	0.0699617240805458	0.7810573595518113	0.013773388821898602	0.06956297328483141	0.042395934086744386	-0.027298191992796348	3.0553306342780027	-0.5125071922714165

drug_474.txt	1.15523381594275	0.7013583111747623	-0.02759472224599685	-0.016420392464142952	0.08692528473643427	0.058214216659336786	48.35492577597841	0.17446237903195763

drug_475.txt	-0.0264603095356964	0.5739397962203345	-0.01964861700347187	0.0246427158543715	0.10122691944204955	0.10601346047001634	50.35357624831309	0.34342132869591846

drug_476.txt	-0.124463305042436	0.7475406064090284	-0.05742011360963539	-0.008365363016207161	0.0744905110634987	0.0729048099406007	55.039136302294196	-0.020042427067482684

drug_477.txt	-0.103727741720752	0.8460348424705046	-0.0797029177341031	-0.07214698557323129	0.0764800011182857	0.051855601656998686	76.96761133603239	1.1309896489469757

drug_478.txt	-0.138675320352804	0.4398115327935631	-0.026782593540192745	-0.0405816871309026	0.08592299376057286	0.1003126332265408	15.591093117408906	0.009015922438506421

drug_479.txt	0.0279247794974206	0.6502611403311516	-0.023145681635107274	-0.002070208485632108	0.08798647408015159	0.11588027685295477	63.00539811066127	0.4286015276118722

drug_48.txt	0.274588117823265	0.8476431475427871	-0.07725204504320937	-0.15598177691131776	0.012635990840380808	-0.11544175168037973	-48.26585695006747	-0.8835318839985102

drug_480.txt	-0.0198535530038276	-0.49702657581623816	-0.089448724351266	-0.0909824036089002	0.0022245093978626746	-0.07663227390748853	13.524966261808368	-0.1030371234810333

drug_481.txt	-0.0225994341820602	-0.4944322501008537	-0.045566295473151774	0.0021692260283467935	0.03722995673012145	0.006248983709194344	-2.068825910931174	-0.599488959031217

drug_482.txt	-0.0047262439673823	0.5218039020188981	-0.1185981228675172	-0.19882359921109205	0.022463890327958546	-0.04242731044663528	-32.70580296896086	-1.6501100254644265

drug_483.txt	-0.193892494591446	-0.5551198651401155	-0.05367433482641659	-0.024921074959208256	-0.025593377570617044	-0.13846432324056943	-94.3697705802969	-1.2850396851725256

drug_484.txt	-0.0542020302879015	-0.33705895640502664	-0.0444429598748739	0.005523975735997277	-0.019508216462788077	-0.26519809811475653	-86.9055330634278	-1.350116394438201

drug_485.txt	0.0600266267265767	-0.357388092156144	-0.0019116584835480732	0.01948301691929666	-0.029909603159815997	-0.26475957294218144	-171.75978407557355	-2.794121631517005

drug_486.txt	0.00221334664669665	-0.834851300984244	-0.08770626034108492	-0.08434483571910356	-0.027612759665319366	-0.23669396189737876	-80.22267206477733	-1.870544135090849

drug_487.txt	0.168497254118822	-0.6283767617661822	-0.05239442073645678	-0.08154957449345279	0.02410540234412085	-0.05404822751987389	19.450742240215924	-1.0724367101097134

drug_488.txt	0.164902646030954	0.9830052718163842	-0.0010821282629565054	0.06739831899717719	0.03651236853429999	-0.04111173492891016	-10.492577597840755	-1.8547251440263164

drug_489.txt	0.154518222666001	0.9225993724305284	-0.007582150838095436	0.016520773510279585	0.02755771027747786	-0.09241918012019004	-29.588394062078272	-0.5637204409950812

drug_49.txt	0.239990014977534	-2.2657006250076677	-0.020439323373410367	-0.0087505418183218	0.0023813257365425194	-0.21125950188802634	-42.83805668016194	-1.3829286594573127

drug_490.txt	0.24053919121318	0.9088645191664934	0.04463483378259481	0.09007927142704553	0.04246176260902215	-0.0720277595954506	-25.68421052631579	-1.115423337723785

drug_491.txt	0.104160426027625	-0.6596311215308129	-0.06706874271959778	-0.06607141457134291	0.013004299978953781	-0.1139069135763671	-30.65991902834008	-0.6677426103431343

drug_492.txt	0.181843900815443	-2.267621155191766	-0.023913363157460288	-0.016188793711630622	-0.0012974285122911932	-0.13977989875829455	-24.086369770580298	-0.3661137630460678

drug_493.txt	0.0379098019637211	-0.3507527970582569	-0.006764593060995194	0.03376208057135244	-0.029811376288331866	-0.2485341415569049	-83.2051282051282	-1.4242367161700136

drug_494.txt	-0.130437676818106	-0.5880202523691426	-0.16683104290107914	-0.23378606223864795	-0.00589399187148405	-0.08299088890982664	-71.92712550607287	-0.6945212289971895

drug_495.txt	-0.00767182559494095	-0.6253676284060683	0.01568908991211576	0.07011368416629749	0.0024473330946672275	-0.15227786617668324	-120.40080971659918	-3.356598219542444

drug_496.txt	0.0183391579297719	-0.30345454436788405	-0.028460970320502543	0.014854569007889507	-0.019957044832287107	-0.270460400185657	-111.08636977058029	-2.2967591879695024

drug_5.txt	-0.00434348477284074	-0.6499909544715601	-0.03215918860022146	0.0041222639442134446	0.04795893928509075	-0.049589495722838745	61.23751686909581	0.43183420851532944

drug_50.txt	0.150524213679481	1.0414691294053537	-0.020548454977168285	0.010163831192571693	0.015499542279429408	-0.06369578131652481	-50.51417004048583	-1.5759046454276207

drug_51.txt	0.223714428357464	-2.2523973009772997	0.021178941840419074	0.08038901361240869	0.002638401159912597	-0.19130660653586196	-42.10661268556005	-1.4044581016047213

drug_52.txt	0.222948909968381	0.42986584909711056	-0.006520739989077207	0.06232165904761133	0.08066591714018569	0.11697658978439238	92.07827260458839	1.3923681205854788

drug_53.txt	0.206939590614079	0.3175812433548012	-0.038113076515157884	-0.0016442495099530108	0.06481961778721172	0.11588027685295477	80.47773279352226	0.08803287880562856

drug_54.txt	0.17408886669995	1.1635770438226989	-0.09132770707173593	-0.11464989957210703	0.039196413065059894	-0.002302257156018969	2.11336032388664	-0.2852521360605984

drug_55.txt	0.251672491263105	1.0113219189779437	-0.024248272500623724	0.012876370404346749	0.06855435326208996	0.034314594753997014	-24.32118758434548	-0.701297245737968

drug_56.txt	0.217556997836579	0.9466013094868904	0.0350696813161856	0.10688133725998472	0.07047888293130967	0.059749054763349435	27.88663967611336	0.10964181075691966

drug_57.txt	0.17473789316026	-2.41079919410078	-0.053480620743786955	-0.04858921913404335	0.013464545179929819	-0.10974092443690418	-60.86774628879892	-2.4818382182308554

drug_58.txt	0.145032451323015	-2.3448440102357893	0.059686762627340295	0.14834787699242702	0.033753104362532496	0.0099764476760822	1.203778677462888	-0.6190300685132046

drug_59.txt	0.0510234648027958	-2.2017395198421794	0.03258095174765041	0.09168444578815904	0.031591762800807284	-0.02269367768075841	-8.672064777327936	-0.5024283677291455

drug_6.txt	-0.0109835247129306	-0.6768385116942921	-0.41986862517404094	-0.8836980018026084	0.0034405710381956987	-0.12740108833531366	15.209176788124157	-0.24490070580039944

drug_60.txt	0.230054917623565	-0.6947032858144409	0.008713634960227312	0.08883022763054238	0.06616494272729341	0.0687388208011378	60.554655870445345	-0.2785633065877634

drug_61.txt	0.0678482276585122	-2.238726847469424	0.002121138704617831	0.03407785651358308	0.007794736964134416	-0.08803392839443963	27.03778677462888	0.14545745038549604

drug_62.txt	0.157863205192212	-2.372226894947273	0.012814988007958938	0.07518513833048313	-0.0018539316927293798	-0.1507430280726706	-20.005398110661268	-1.4200250572397006

drug_63.txt	0.0875187219171243	-2.2460953923262523	-0.09349438322388692	-0.14973775392007	0.05331141404030762	0.05054002613927356	45.24696356275304	0.10416693394774473

drug_64.txt	0.100199700449326	0.7095748484482369	0.004162524034797277	0.05052833084450714	0.028609423769979426	-0.062160943212512164	1.5937921727395412	0.2362422150352067

drug_65.txt	-0.241271426194042	-2.2864989665236592	0.005461829214896408	0.06354013206270914	0.0016954490578005884	-0.2989645364030347	-168.20782726045883	-2.1778581295442305

drug_66.txt	-0.237976368780163	-0.581640515818625	-0.035580756705844374	-0.05781855884519338	0.004896651717898556	-0.1875791425689741	5.206477732793522	-0.7057999175310664

drug_67.txt	-0.0194541521051756	-0.2686978594074665	-0.018554015961898873	0.019805080974388156	-0.02052422053263441	-0.2842739431217708	-49.2753036437247	-2.9416214998367796

drug_68.txt	0.0830753869196206	-0.5803363747042996	-0.08172719094518804	-0.09091607449974248	0.08527429240405483	0.18494799153352384	77.70040485829959	-0.035263031247102325

drug_69.txt	1.11371276418705	0.7300596819494983	-0.06653274729317865	-0.08561634595669931	0.0736713525348998	0.10118968357169088	26.257759784075574	0.03594104869835143

drug_7.txt	-0.00609086370444334	-0.6683691641059191	-0.42302779097678833	-0.8999327792677534	-0.08579845199174768	-0.16712269197565116	-40.233468286099864	-1.2515271061815498

drug_70.txt	0.195956065901148	-0.4710508347844191	-0.08343329812105649	-0.09268615786135082	-0.02748094915373888	-0.16631067169908456	-1.1686909581646423	-0.49021781915673623

drug_71.txt	0.211233150274588	-0.5090543251107067	-0.09372452489303035	-0.09675207027935762	-0.0038296440569764393	-0.11259133805864197	-8.15114709851552	-0.9975064306042307

drug_72.txt	0.0348976535197204	-0.6504040232387891	-0.13350608678646836	-0.1674164688624129	0.010969414530246328	-0.05952979217706192	107.88259109311741	0.9539601459181938

drug_73.txt	0.0294558162755866	-0.4524045918616321	-0.1720453128700318	-0.2166100707824441	-0.003318473590111813	-0.053171177174723805	102.70040485829959	0.5899854203564466

drug_74.txt	0.114578132800799	-0.5293735973249075	-0.0746859158180242	-0.0907000257790822	-0.01119635790788983	-0.11566101426666725	23.790823211875843	-0.2177078894203566

drug_75.txt	0.0704443334997504	-0.416721019280116	-0.10665156412158894	-0.1545468096380116	-0.018671658878354393	-0.14263031238003232	1.1997300944669367	-1.400176948396261

drug_76.txt	0.220868696954568	-0.4708647795818615	-0.013431348969704882	0.03352295355168966	-0.027528420289220527	-0.13254423341080634	33.549257759784076	-0.9957476869247065

drug_77.txt	0.0367948077883175	0.7429387046200255	0.008705533529857423	0.05249842687325168	0.041454623922092766	0.029271555269384034	-12.817813765182187	-0.35096611352079937

drug_78.txt	0.0751872191712432	-2.374213468421008	-0.0038673845739447543	0.02925711202334158	0.01261192500336518	-0.03694574578944727	0.11336032388663968	-0.5638628849058679

drug_79.txt	0.298885005824597	-0.36605280084401415	-0.08808982664546183	-0.12299832889821427	0.06787014992549613	0.03606869544429719	31.31983805668016	-0.2830587483252127

drug_8.txt	0.0271592611083374	-0.7747992679608501	-0.38317754568841333	-0.8120835087942002	-0.007509783220785421	-0.10498085297616414	-33.365721997300945	-0.903325072994401

drug_80.txt	0.0758196039274422	0.9029501203569414	0.031937024450456986	0.08957940138047249	0.024045795203822887	-0.018527688541295512	9.464237516869096	-0.8628725254386099

drug_81.txt	0.180678981527708	0.752823314371724	-0.006120976037918613	-0.019165925768015013	0.011650914088224737	-0.041769522687772724	-31.118758434547907	-0.6315643624389566

drug_82.txt	0.215027458811782	-2.3621331526374054	-0.014863711938909119	-0.015275044168380547	0.049506522018673074	0.09176139236132748	10.024291497975709	-0.600576274812399

drug_83.txt	0.364236977866534	0.44939249303432316	-0.03758639835827887	-0.016227682030153234	0.09589458990319692	0.18911398067298674	128.68016194331983	1.009938014853591

drug_84.txt	0.146979530703944	-2.3730498490026792	-0.018090219888937775	-0.004680126734825096	0.048142178786034336	0.1257470932358932	6.846153846153846	-0.9265469556714967

drug_85.txt	0.266799800299551	-2.3546117455393034	-0.006736638944009055	0.03143799089303223	0.03318754603480818	-0.07772858683892615	-25.747638326585694	-2.139631410706765

drug_86.txt	0.196405391912132	-2.375383051709833	0.0344556715000045	0.14159084469126282	0.033478931882947864	-0.08167531339210153	-49.529014844804315	-1.3495571685754975

drug_87.txt	0.267598602096855	-2.347860922420067	-0.00146463903461036	0.012919686041639622	0.04712795062087309	0.07948268752922631	4.925775978407557	-0.4347188061467761

drug_88.txt	0.100549176235647	0.684229113286445	-0.07865663927218225	-0.10664064480871627	0.028491023882615454	-0.123554467373018	-38.17004048582996	-0.7054317896008018

drug_89.txt	0.0957064403394908	-2.415613658106364	-0.03108259845991057	-0.02973778202488553	0.03358721093408989	-0.047251087344960745	23.94871794871795	-0.43164490415628526

drug_9.txt	0.00604093859211186	-0.45541971733557624	-0.42681338821051285	-0.8290838713707809	0.05244577910719499	-0.021127533497809884	9.906882591093117	-0.44504536404862366

drug_90.txt	0.283774338492262	-2.332908713381643	0.02164140220893529	0.06784065346234647	0.047374342968308454	0.0750974358034759	92.57085020242916	1.3485365679467651

drug_91.txt	0.280579131303045	-2.335060659010346	-0.07296336746004523	-0.04469942626139145	0.04491167319958011	0.025763353888783702	34.05802968960864	-0.9111292860361463

drug_92.txt	0.18270926942919	-2.3203046722893736	-0.002853003344258642	0.061549612188438685	0.04409921789580983	0.102505259089416	92.63562753036437	0.49096157936502205

drug_93.txt	0.972208354135464	0.5901298743942986	-0.05253035339099227	-0.03931380755659508	0.09061283307986917	0.25620833207696814	109.18488529014844	0.8885047481935741

drug_94.txt	0.369329339324347	-2.3662105685903603	-0.03128234213332798	0.0004498130730938854	0.06588962960759548	0.15162007841782066	104.38056680161944	0.19251139861281494

drug_95.txt	0.249226160758862	0.8211787716909955	-0.051850453840677324	-0.06566026551360071	0.0797872370892547	0.1669684594579471	125.36167341430499	0.6650548202039517

drug_96.txt	0.39234481610917	-2.337706438687635	-0.0720019774359747	-0.10103086112376847	0.07003472709933481	0.1845094663609488	56.56410256410256	-0.4070913014301172

drug_97.txt	0.300832085205525	-2.241968512482702	-0.022034151660908163	-0.020036839875485657	0.05868120349605017	0.0825523637372516	81.96356275303644	0.32053913310270365

drug_98.txt	0.0684639707106007	-0.3986991850953654	-0.0273262548232876	0.0010873269510847106	0.02155539407814432	0.007345296640631949	73.90148448043185	-0.2513805666019816

drug_99.txt	0.249625561657514	-2.339495391525015	-0.0825051038079081	-0.0834228200928373	0.03758068751692192	-0.04549698665466058	7.488529014844804	-0.642011720620234

