"SSlincs"	"SSlincs_Norm"	"SSpearson_corr"	"SSspearman_corr"	"SSzhang"	"SSzhang_Norm"
"drug_1.txt"	0.667338709677419	0.798387096774194	0.366935483870968	0.155241935483871	0.997983870967742	0.983870967741935
"drug_10.txt"	0.848790322580645	0.788306451612903	0.387096774193548	0.175403225806452	0.574596774193548	0.356854838709677
"drug_100.txt"	0.985887096774194	0.951612903225806	0.975806451612903	0.354838709677419	0.631048387096774	0.362903225806452
"drug_101.txt"	0.338709677419355	0.423387096774194	0.840725806451613	0.387096774193548	0.721774193548387	0.701612903225806
"drug_102.txt"	0.360887096774194	0.465725806451613	0.963709677419355	0.304435483870968	0.217741935483871	0.25
"drug_103.txt"	0.61491935483871	0.55241935483871	0.814516129032258	0.129032258064516	0.459677419354839	0.409274193548387
"drug_104.txt"	0.69758064516129	0.67741935483871	0.969758064516129	0.295362903225806	0.19758064516129	0.092741935483871
"drug_105.txt"	0.838709677419355	0.721774193548387	0.842741935483871	0.272177419354839	0.471774193548387	0.530241935483871
"drug_106.txt"	0.334677419354839	0.42741935483871	0.993951612903226	0.862903225806452	0.112903225806452	0.0141129032258065
"drug_107.txt"	0.651209677419355	0.647177419354839	0.897177419354839	0.766129032258065	0.653225806451613	0.633064516129032
"drug_108.txt"	0.75	0.731854838709677	0.987903225806452	0.893145161290323	0.776209677419355	0.826612903225806
"drug_109.txt"	0.679435483870968	0.612903225806452	1	0.881048387096774	0.711693548387097	0.675403225806452
"drug_11.txt"	0.991935483870968	0.995967741935484	0.5625	0.350806451612903	0.800403225806452	0.63508064516129
"drug_110.txt"	0.342741935483871	0.421370967741935	0.899193548387097	0.983870967741935	0.278225806451613	0.1875
"drug_111.txt"	0.580645161290323	0.61491935483871	0.92741935483871	1	0.38508064516129	0.544354838709677
"drug_112.txt"	0.288306451612903	0.336693548387097	0.921370967741935	0.987903225806452	0.221774193548387	0.280241935483871
"drug_113.txt"	0.669354838709677	0.675403225806452	0.887096774193548	0.979838709677419	0.629032258064516	0.588709677419355
"drug_114.txt"	0.897177419354839	0.9375	0.915322580645161	0.991935483870968	0.554435483870968	0.574596774193548
"drug_115.txt"	0.308467741935484	0.417338709677419	0.872983870967742	0.959677419354839	0.548387096774194	0.433467741935484
"drug_116.txt"	0.300403225806452	0.399193548387097	0.881048387096774	0.973790322580645	0.358870967741935	0.346774193548387
"drug_117.txt"	0.264112903225806	0.304435483870968	0.848790322580645	0.925403225806452	0.229838709677419	0.342741935483871
"drug_118.txt"	0.703629032258065	0.657258064516129	0.8125	0.903225806451613	0.241935483870968	0.352822580645161
"drug_119.txt"	0.241935483870968	0.284274193548387	0.671370967741935	0.645161290322581	0.185483870967742	0.274193548387097
"drug_12.txt"	0.578629032258065	0.554435483870968	0.616935483870968	0.796370967741935	0.235887096774194	0.502016129032258
"drug_120.txt"	0.330645161290323	0.445564516129032	0.820564516129032	0.905241935483871	0.108870967741935	0.00403225806451613
"drug_121.txt"	0.356854838709677	0.463709677419355	0.770161290322581	0.705645161290323	0.149193548387097	0.231854838709677
"drug_122.txt"	0.663306451612903	0.713709677419355	0.860887096774194	0.9375	0.582661290322581	0.618951612903226
"drug_123.txt"	0.774193548387097	0.723790322580645	0.73991935483871	0.673387096774194	0.403225806451613	0.600806451612903
"drug_124.txt"	0.673387096774194	0.778225806451613	0.764112903225806	0.743951612903226	0.618951612903226	0.598790322580645
"drug_125.txt"	0.389112903225806	0.477822580645161	0.756048387096774	0.792338709677419	0.473790322580645	0.340725806451613
"drug_126.txt"	0.721774193548387	0.754032258064516	0.741935483870968	0.735887096774194	0.61491935483871	0.528225806451613
"drug_127.txt"	0.643145161290323	0.643145161290323	0.737903225806452	0.776209677419355	0.689516129032258	0.294354838709677
"drug_128.txt"	0.983870967741935	0.967741935483871	0.774193548387097	0.61491935483871	0.743951612903226	0.770161290322581
"drug_129.txt"	0.977822580645161	0.983870967741935	0.778225806451613	0.933467741935484	0.320564516129032	0.338709677419355
"drug_13.txt"	0.612903225806452	0.625	0.631048387096774	0.816532258064516	0.372983870967742	0.377016129032258
"drug_130.txt"	0.719758064516129	0.691532258064516	0.786290322580645	0.768145161290323	0.342741935483871	0.417338709677419
"drug_131.txt"	0.981854838709677	0.963709677419355	0.784274193548387	0.671370967741935	0.310483870967742	0.171370967741935
"drug_132.txt"	0.9375	0.911290322580645	0.689516129032258	0.477822580645161	0.183467741935484	0.247983870967742
"drug_133.txt"	0.596774193548387	0.592741935483871	0.82258064516129	0.840725806451613	0.26008064516129	0.173387096774194
"drug_134.txt"	0.306451612903226	0.358870967741935	0.780241935483871	0.782258064516129	0.0383064516129032	0.0342741935483871
"drug_135.txt"	0.842741935483871	0.792338709677419	0.862903225806452	0.891129032258065	0.395161290322581	0.0604838709677419
"drug_136.txt"	0.296370967741935	0.372983870967742	0.800403225806452	0.850806451612903	0.431451612903226	0.300403225806452
"drug_137.txt"	0.290322580645161	0.375	0.776209677419355	0.921370967741935	0.296370967741935	0.320564516129032
"drug_138.txt"	0.298387096774194	0.344758064516129	0.868951612903226	0.995967741935484	0.0625	0.032258064516129
"drug_139.txt"	0.318548387096774	0.405241935483871	0.806451612903226	0.897177419354839	0.102822580645161	0.13508064516129
"drug_14.txt"	0.854838709677419	0.887096774193548	0.606854838709677	0.463709677419355	0.935483870967742	0.911290322580645
"drug_140.txt"	0.247983870967742	0.292338709677419	0.856854838709677	0.88508064516129	0.0665322580645161	0.155241935483871
"drug_141.txt"	0.665322580645161	0.707661290322581	0.852822580645161	0.907258064516129	0.443548387096774	0.241935483870968
"drug_142.txt"	0.935483870967742	0.957661290322581	0.717741935483871	0.548387096774194	0.741935483870968	0.858870967741935
"drug_143.txt"	0.340725806451613	0.453629032258065	0.86491935483871	0.957661290322581	0.25	0.4375
"drug_144.txt"	0.82258064516129	0.836693548387097	0.866935483870968	0.977822580645161	0.439516129032258	0.481854838709677
"drug_145.txt"	0.875	0.923387096774194	0.661290322580645	0.298387096774194	0.540322580645161	0.747983870967742
"drug_146.txt"	0.695564516129032	0.705645161290323	0.832661290322581	0.917338709677419	0.641129032258065	0.659274193548387
"drug_147.txt"	0.88508064516129	0.935483870967742	0.752016129032258	0.741935483870968	0.959677419354839	0.959677419354839
"drug_148.txt"	0.856854838709677	0.844758064516129	0.711693548387097	0.606854838709677	0.848790322580645	0.824596774193548
"drug_149.txt"	0.844758064516129	0.86491935483871	0.782258064516129	0.689516129032258	0.820564516129032	0.717741935483871
"drug_15.txt"	0.788306451612903	0.784274193548387	0.586693548387097	0.451612903225806	0.951612903225806	0.939516129032258
"drug_150.txt"	0.921370967741935	0.979838709677419	0.647177419354839	0.403225806451613	0.57258064516129	0.669354838709677
"drug_151.txt"	0.8125	0.852822580645161	0.715725806451613	0.256048387096774	0.3125	0.3125
"drug_152.txt"	0.112903225806452	0.116935483870968	0.808467741935484	0.92741935483871	0.032258064516129	0.0866935483870968
"drug_153.txt"	0.907258064516129	0.842741935483871	0.729838709677419	0.681451612903226	0.608870967741935	0.711693548387097
"drug_154.txt"	0.258064516129032	0.348790322580645	0.883064516129032	0.971774193548387	0.118951612903226	0.165322580645161
"drug_155.txt"	0.955645161290323	0.993951612903226	0.673387096774194	0.532258064516129	0.717741935483871	0.844758064516129
"drug_156.txt"	0.866935483870968	0.941532258064516	0.929435483870968	0.985887096774194	0.276209677419355	0.441532258064516
"drug_157.txt"	0.86491935483871	0.814516129032258	0.651209677419355	0.38508064516129	0.665322580645161	0.846774193548387
"drug_158.txt"	0.94758064516129	0.953629032258065	0.681451612903226	0.485887096774194	0.774193548387097	0.923387096774194
"drug_159.txt"	0.883064516129032	0.92741935483871	0.663306451612903	0.36491935483871	0.816532258064516	0.941532258064516
"drug_16.txt"	0.766129032258065	0.756048387096774	0.602822580645161	0.528225806451613	0.931451612903226	0.969758064516129
"drug_160.txt"	0.834677419354839	0.877016129032258	0.665322580645161	0.368951612903226	0.691532258064516	0.796370967741935
"drug_161.txt"	0.967741935483871	0.973790322580645	0.762096774193548	0.651209677419355	0.826612903225806	0.828629032258065
"drug_162.txt"	0.979838709677419	0.991935483870968	0.733870967741935	0.675403225806452	0.596774193548387	0.657258064516129
"drug_163.txt"	0.881048387096774	0.889112903225806	0.701612903225806	0.566532258064516	0.745967741935484	0.905241935483871
"drug_164.txt"	0.893145161290323	0.943548387096774	0.67741935483871	0.665322580645161	0.824596774193548	0.834677419354839
"drug_165.txt"	0.689516129032258	0.872983870967742	0.723790322580645	0.560483870967742	0.675403225806452	0.631048387096774
"drug_166.txt"	0.945564516129032	0.975806451612903	0.649193548387097	0.356854838709677	0.758064516129032	0.868951612903226
"drug_167.txt"	0.858870967741935	0.854838709677419	0.745967741935484	0.574596774193548	0.832661290322581	0.804435483870968
"drug_168.txt"	0.254032258064516	0.338709677419355	0.80241935483871	0.879032258064516	0.169354838709677	0.381048387096774
"drug_169.txt"	0.915322580645161	0.901209677419355	0.766129032258065	0.657258064516129	0.915322580645161	0.993951612903226
"drug_17.txt"	0.768145161290323	0.899193548387097	0.560483870967742	0.335685483870968	0.995967741935484	0.957661290322581
"drug_170.txt"	0.778225806451613	0.701612903225806	0.719758064516129	0.590725806451613	0.808467741935484	0.790322580645161
"drug_171.txt"	0.435483870967742	0.354838709677419	0.143145161290323	0.030241935483871	0.699596774193548	0.816532258064516
"drug_172.txt"	0.473790322580645	0.346774193548387	0.13508064516129	0.0342741935483871	0.780241935483871	0.800403225806452
"drug_173.txt"	0.421370967741935	0.429435483870968	0.0201612903225806	0.00403225806451613	0.681451612903226	0.661290322580645
"drug_174.txt"	0.439516129032258	0.395161290322581	0.231854838709677	0.0625	0.671370967741935	0.891129032258065
"drug_175.txt"	0.375	0.256048387096774	0.425403225806452	0.245967741935484	0.328629032258065	0.643145161290323
"drug_176.txt"	0.395161290322581	0.225806451612903	0.139112903225806	0.0120967741935484	0.502016129032258	0.808467741935484
"drug_177.txt"	0.094758064516129	0.0907258064516129	0.344758064516129	0.219758064516129	0.00604838709677419	0.00201612903225806
"drug_178.txt"	0.370967741935484	0.254032258064516	0.112903225806452	0.032258064516129	0.453629032258065	0.61491935483871
"drug_179.txt"	0.457661290322581	0.441532258064516	0.227822580645161	0.0483870967741935	0.766129032258065	0.870967741935484
"drug_18.txt"	0.699596774193548	0.661290322580645	0.824596774193548	0.889112903225806	0.469758064516129	0.304435483870968
"drug_180.txt"	0.461693548387097	0.471774193548387	0.161290322580645	0.108870967741935	0.576612903225806	0.622983870967742
"drug_181.txt"	0.419354838709677	0.415322580645161	0.310483870967742	0.247983870967742	0.719758064516129	0.774193548387097
"drug_182.txt"	0.441532258064516	0.377016129032258	0.00806451612903226	0.0262096774193548	0.520161290322581	0.372983870967742
"drug_183.txt"	0.425403225806452	0.320564516129032	0.171370967741935	0.092741935483871	0.735887096774194	0.727822580645161
"drug_184.txt"	0.399193548387097	0.205645161290323	0.032258064516129	0.0100806451612903	0.51008064516129	0.681451612903226
"drug_185.txt"	0.4375	0.368951612903226	0.00403225806451613	0.0504032258064516	0.625	0.580645161290323
"drug_186.txt"	0.393145161290323	0.23991935483871	0.372983870967742	0.120967741935484	0.381048387096774	0.344758064516129
"drug_187.txt"	0.44758064516129	0.461693548387097	0.0423387096774194	0.0201612903225806	0.784274193548387	0.695564516129032
"drug_188.txt"	0.0524193548387097	0.0342741935483871	0.0967741935483871	0.344758064516129	0.00806451612903226	0.0262096774193548
"drug_189.txt"	0.413306451612903	0.342741935483871	0.0846774193548387	0.0685483870967742	0.762096774193548	0.713709677419355
"drug_19.txt"	0.909274193548387	0.969758064516129	0.524193548387097	0.370967741935484	0.991935483870968	0.971774193548387
"drug_190.txt"	0.0403225806451613	0.0161290322580645	0.383064516129032	0.669354838709677	0.0201612903225806	0.0403225806451613
"drug_191.txt"	0.381048387096774	0.223790322580645	0.618951612903226	0.98991935483871	0.0604838709677419	0.0443548387096774
"drug_192.txt"	0.0967741935483871	0.0483870967741935	0.127016129032258	0.439516129032258	0.030241935483871	0.0463709677419355
"drug_193.txt"	0.310483870967742	0.332661290322581	0.637096774193548	0.808467741935484	0.409274193548387	0.336693548387097
"drug_194.txt"	0.133064516129032	0.127016129032258	0.286290322580645	0.504032258064516	0.0282258064516129	0.191532258064516
"drug_195.txt"	0.453629032258065	0.370967741935484	0.296370967741935	0.13508064516129	0.764112903225806	0.663306451612903
"drug_196.txt"	0.3125	0.147177419354839	0.0262096774193548	0.306451612903226	0.155241935483871	0.203629032258065
"drug_197.txt"	0.889112903225806	0.794354838709677	0.455645161290323	0.280241935483871	0.786290322580645	0.655241935483871
"drug_198.txt"	0.584677419354839	0.548387096774194	0.137096774193548	0.145161290322581	0.667338709677419	0.723790322580645
"drug_199.txt"	0.387096774193548	0.175403225806452	0.290322580645161	0.737903225806452	0.856854838709677	0.806451612903226
"drug_2.txt"	0.747983870967742	0.895161290322581	0.11491935483871	0.0645161290322581	0.973790322580645	0.9375
"drug_20.txt"	0.800403225806452	0.883064516129032	0.471774193548387	0.316532258064516	0.971774193548387	0.979838709677419
"drug_200.txt"	0.548387096774194	0.520161290322581	0.324596774193548	0.00806451612903226	0.516129032258065	0.538306451612903
"drug_201.txt"	0.0866935483870968	0.0786290322580645	0.479838709677419	0.5	0.100806451612903	0.19758064516129
"drug_202.txt"	0.554435483870968	0.550403225806452	0.504032258064516	0.695564516129032	0.274193548387097	0.286290322580645
"drug_203.txt"	0.203629032258065	0.1875	0.495967741935484	0.520161290322581	0.120967741935484	0.227822580645161
"drug_204.txt"	0.514112903225806	0.518145161290323	0.477822580645161	0.524193548387097	0.379032258064516	0.290322580645161
"drug_205.txt"	0.528225806451613	0.524193548387097	0.645161290322581	0.756048387096774	0.245967741935484	0.213709677419355
"drug_206.txt"	0.5625	0.570564516129032	0.643145161290323	0.82258064516129	0.752016129032258	0.830645161290323
"drug_207.txt"	0.139112903225806	0.137096774193548	0.514112903225806	0.57258064516129	0.175403225806452	0.125
"drug_208.txt"	0.352822580645161	0.151209677419355	0.439516129032258	0.125	0.362903225806452	0.465725806451613
"drug_209.txt"	0.116935483870968	0.129032258064516	0.675403225806452	0.838709677419355	0.133064516129032	0.0685483870967742
"drug_21.txt"	0.852822580645161	0.955645161290323	0.554435483870968	0.335685483870968	0.977822580645161	0.955645161290323
"drug_210.txt"	0.278225806451613	0.3125	0.469758064516129	0.4375	0.32258064516129	0.419354838709677
"drug_211.txt"	0.141129032258065	0.100806451612903	0.518145161290323	0.55241935483871	0.207661290322581	0.167338709677419
"drug_212.txt"	0.131048387096774	0.145161290322581	0.633064516129032	0.848790322580645	0.266129032258065	0.00806451612903226
"drug_213.txt"	0.558467741935484	0.546370967741935	0.854838709677419	0.731854838709677	0.542338709677419	0.477822580645161
"drug_214.txt"	0.566532258064516	0.566532258064516	0.610887096774194	0.683467741935484	0.556451612903226	0.558467741935484
"drug_215.txt"	0.127016129032258	0.11491935483871	0.530241935483871	0.556451612903226	0.181451612903226	0.0120967741935484
"drug_216.txt"	0.38508064516129	0.290322580645161	0.475806451612903	0.407258064516129	0.213709677419355	0.139112903225806
"drug_217.txt"	0.602822580645161	0.604838709677419	0.731854838709677	0.411290322580645	0.604838709677419	0.592741935483871
"drug_218.txt"	0.270161290322581	0.266129032258065	0.508064516129032	0.639112903225806	0.318548387096774	0.296370967741935
"drug_219.txt"	0.17741935483871	0.181451612903226	0.465725806451613	0.217741935483871	0.193548387096774	0.235887096774194
"drug_22.txt"	0.657258064516129	0.729838709677419	0.502016129032258	0.586693548387097	0.899193548387097	0.782258064516129
"drug_220.txt"	0.520161290322581	0.497983870967742	0.935483870967742	0.895161290322581	0.546370967741935	0.328629032258065
"drug_221.txt"	0.925403225806452	0.808467741935484	0.818548387096774	0.919354838709677	0.481854838709677	0.590725806451613
"drug_222.txt"	0.362903225806452	0.316532258064516	0.5	0.641129032258065	0.233870967741935	0.120967741935484
"drug_223.txt"	0.215725806451613	0.235887096774194	0.516129032258065	0.631048387096774	0.445564516129032	0.36491935483871
"drug_224.txt"	0.671370967741935	0.631048387096774	0.520161290322581	0.818548387096774	0.810483870967742	0.810483870967742
"drug_225.txt"	0.576612903225806	0.574596774193548	0.659274193548387	0.854838709677419	0.308467741935484	0.379032258064516
"drug_226.txt"	0.401209677419355	0.32258064516129	0.532258064516129	0.69758064516129	0.441532258064516	0.683467741935484
"drug_227.txt"	0.328629032258065	0.413306451612903	0.901209677419355	0.868951612903226	0.258064516129032	0.245967741935484
"drug_228.txt"	0.901209677419355	0.804435483870968	0.544354838709677	0.901209677419355	0.560483870967742	0.401209677419355
"drug_229.txt"	0.522177419354839	0.514112903225806	0.657258064516129	0.967741935483871	0.44758064516129	0.189516129032258
"drug_23.txt"	0.741935483870968	0.826612903225806	0.199596774193548	0.169354838709677	0.993951612903226	0.987903225806452
"drug_230.txt"	0.913306451612903	0.850806451612903	0.931451612903226	0.997983870967742	0.673387096774194	0.512096774193548
"drug_231.txt"	0.368951612903226	0.171370967741935	0.0483870967741935	0.185483870967742	0.268145161290323	0.0806451612903226
"drug_232.txt"	0.754032258064516	0.725806451612903	0.280241935483871	0.622983870967742	0.435483870967742	0.0887096774193548
"drug_233.txt"	0.167338709677419	0.163306451612903	0.252016129032258	0.667338709677419	0.131048387096774	0.0181451612903226
"drug_234.txt"	0.173387096774194	0.157258064516129	0.223790322580645	0.522177419354839	0.17741935483871	0.262096774193548
"drug_235.txt"	0.649193548387097	0.663306451612903	0.328629032258065	0.721774193548387	0.23991935483871	0.368951612903226
"drug_236.txt"	0.717741935483871	0.594758064516129	0.298387096774194	0.887096774193548	0.768145161290323	0.578629032258065
"drug_237.txt"	0.568548387096774	0.534274193548387	0.0685483870967742	0.284274193548387	0.191532258064516	0.112903225806452
"drug_238.txt"	0.383064516129032	0.294354838709677	0.0383064516129032	0.191532258064516	0.227822580645161	0.0907258064516129
"drug_239.txt"	0.403225806451613	0.229838709677419	0.0282258064516129	0.183467741935484	0.568548387096774	0.532258064516129
"drug_24.txt"	0.647177419354839	0.715725806451613	0.487903225806452	0.471774193548387	0.493951612903226	0.495967741935484
"drug_240.txt"	0.449596774193548	0.44758064516129	0.181451612903226	0.449596774193548	0.370967741935484	0.0705645161290323
"drug_241.txt"	0.518145161290323	0.51008064516129	0.375	0.618951612903226	0.846774193548387	0.840725806451613
"drug_242.txt"	0.358870967741935	0.17741935483871	0.0342741935483871	0.122983870967742	0.413306451612903	0.316532258064516
"drug_243.txt"	0.118951612903226	0.0987903225806452	0.338709677419355	0.860887096774194	0.201612903225806	0.270161290322581
"drug_244.txt"	0.195564516129032	0.195564516129032	0.0786290322580645	0.159274193548387	0.602822580645161	0.685483870967742
"drug_245.txt"	0.0463709677419355	0.0241935483870968	0.1875	0.377016129032258	0.393145161290323	0.389112903225806
"drug_246.txt"	0.268145161290323	0.362903225806452	0.457661290322581	0.810483870967742	0.798387096774194	0.848790322580645
"drug_247.txt"	0.161290322580645	0.169354838709677	0.104838709677419	0.44758064516129	0.633064516129032	0.762096774193548
"drug_248.txt"	0.125	0.118951612903226	0.528225806451613	0.963709677419355	0.151209677419355	0.272177419354839
"drug_249.txt"	0.163306451612903	0.167338709677419	0.254032258064516	0.713709677419355	0.55241935483871	0.673387096774194
"drug_25.txt"	0.804435483870968	0.717741935483871	0.167338709677419	0.233870967741935	0.887096774193548	0.772177419354839
"drug_250.txt"	0.147177419354839	0.155241935483871	0.421370967741935	0.800403225806452	0.304435483870968	0.264112903225806
"drug_251.txt"	0.151209677419355	0.161290322580645	0.483870967741935	0.877016129032258	0.397177419354839	0.391129032258065
"drug_252.txt"	0.165322580645161	0.201612903225806	0.461693548387097	0.883064516129032	0.495967741935484	0.475806451612903
"drug_253.txt"	0.0826612903225806	0.0826612903225806	0.165322580645161	0.653225806451613	0.300403225806452	0.147177419354839
"drug_254.txt"	0.0383064516129032	0.0362903225806452	0.0907258064516129	0.441532258064516	0.0766129032258065	0.199596774193548
"drug_255.txt"	0.219758064516129	0.245967741935484	0.0866935483870968	0.488911290322581	0.73991935483871	0.653225806451613
"drug_256.txt"	0.149193548387097	0.153225806451613	0.133064516129032	0.276209677419355	0.729838709677419	0.814516129032258
"drug_257.txt"	0.171370967741935	0.189516129032258	0.118951612903226	0.691532258064516	0.683467741935484	0.735887096774194
"drug_258.txt"	0.1875	0.191532258064516	0.0826612903225806	0.330645161290323	0.69758064516129	0.463709677419355
"drug_259.txt"	0.209677419354839	0.19758064516129	0.314516129032258	0.241935483870968	0.497983870967742	0.57258064516129
"drug_26.txt"	0.707661290322581	0.685483870967742	0.169354838709677	0.213709677419355	0.911290322580645	0.915322580645161
"drug_260.txt"	0.0705645161290323	0.0685483870967742	0.320564516129032	0.495967741935484	0.592741935483871	0.582661290322581
"drug_261.txt"	0.108870967741935	0.133064516129032	0.203629032258065	0.161290322580645	0.223790322580645	0.104838709677419
"drug_262.txt"	0.0887096774193548	0.0181451612903226	0.61491935483871	0.969758064516129	0.0564516129032258	0.0625
"drug_263.txt"	0.0625	0.0504032258064516	0.0504032258064516	0.102822580645161	0.294354838709677	0.399193548387097
"drug_264.txt"	0.145161290322581	0.125	0.336693548387097	0.580645161290323	0.161290322580645	0.233870967741935
"drug_265.txt"	0.542338709677419	0.542338709677419	0.588709677419355	0.911290322580645	0.891129032258065	0.852822580645161
"drug_266.txt"	0.13508064516129	0.139112903225806	0.598790322580645	0.975806451612903	0.316532258064516	0.217741935483871
"drug_267.txt"	0.391129032258065	0.381048387096774	0.110887096774194	0.467741935483871	0.530241935483871	0.75
"drug_268.txt"	0.493951612903226	0.491935483870968	0.540322580645161	0.729838709677419	0.48991935483871	0.752016129032258
"drug_269.txt"	0.0221774193548387	0.0866935483870968	0.0443548387096774	0.0564516129032258	0.340725806451613	0.455645161290323
"drug_27.txt"	0.681451612903226	0.673387096774194	0.17741935483871	0.199596774193548	0.901209677419355	0.975806451612903
"drug_270.txt"	0.0342741935483871	0.0564516129032258	0.0241935483870968	0.308467741935484	0.600806451612903	0.756048387096774
"drug_271.txt"	0.372983870967742	0.25	0.0161290322580645	0.0423387096774194	0.411290322580645	0.479838709677419
"drug_272.txt"	0.120967741935484	0.13508064516129	0.0745967741935484	0.153225806451613	0.243951612903226	0.403225806451613
"drug_273.txt"	0.429435483870968	0.379032258064516	0.0524193548387097	0.481854838709677	0.387096774193548	0.131048387096774
"drug_274.txt"	0.445564516129032	0.467741935483871	0.332661290322581	0.804435483870968	0.639112903225806	0.645161290322581
"drug_275.txt"	0.451612903225806	0.449596774193548	0.51008064516129	0.830645161290323	0.350806451612903	0.469758064516129
"drug_276.txt"	0.471774193548387	0.469758064516129	0.576612903225806	0.955645161290323	0.30241935483871	0.225806451612903
"drug_277.txt"	0.417338709677419	0.340725806451613	0.288306451612903	0.550403225806452	0.247983870967742	0.332661290322581
"drug_278.txt"	0.411290322580645	0.221774193548387	0.449596774193548	0.707661290322581	0.326612903225806	0.318548387096774
"drug_279.txt"	0.48991935483871	0.473790322580645	0.326612903225806	0.715725806451613	0.457661290322581	0.330645161290323
"drug_28.txt"	0.685483870967742	0.709677419354839	0.153225806451613	0.1875	0.917338709677419	0.897177419354839
"drug_280.txt"	0.455645161290323	0.459677419354839	0.342741935483871	0.788306451612903	0.332661290322581	0.423387096774194
"drug_281.txt"	0.423387096774194	0.401209677419355	0.522177419354839	0.699596774193548	0.564516129032258	0.715725806451613
"drug_282.txt"	0.459677419354839	0.314516129032258	0.0403225806451613	0.423387096774194	0.425403225806452	0.431451612903226
"drug_283.txt"	0.610887096774194	0.582661290322581	0.788306451612903	0.951612903225806	0.586693548387097	0.459677419354839
"drug_284.txt"	0.42741935483871	0.352822580645161	0.141129032258065	0.576612903225806	0.290322580645161	0.243951612903226
"drug_285.txt"	0.00201612903225806	0.00604838709677419	0.401209677419355	0.663306451612903	0.0362903225806452	0.0766129032258065
"drug_286.txt"	0.0161290322580645	0.00403225806451613	0.125	0.455645161290323	0.0342741935483871	0.0645161290322581
"drug_287.txt"	0.102822580645161	0.112903225806452	0.219758064516129	0.201612903225806	0.4375	0.497983870967742
"drug_288.txt"	0.221774193548387	0.258064516129032	0.804435483870968	0.643145161290323	0.889112903225806	0.862903225806452
"drug_289.txt"	0.129032258064516	0.0625	0.0544354838709677	0.0826612903225806	0.00201612903225806	0.0362903225806452
"drug_29.txt"	0.872983870967742	0.88508064516129	0.358870967741935	0.258064516129032	0.818548387096774	0.754032258064516
"drug_290.txt"	0.0604838709677419	0.0403225806451613	0.102822580645161	0.270161290322581	0.1875	0.110887096774194
"drug_291.txt"	0.0241935483870968	0.0604838709677419	0.217741935483871	0.181451612903226	0.167338709677419	0.175403225806452
"drug_292.txt"	0.0362903225806452	0.094758064516129	0.258064516129032	0.0806451612903226	0.467741935483871	0.413306451612903
"drug_293.txt"	0.0685483870967742	0.0887096774193548	0.419354838709677	0.431451612903226	0.338709677419355	0.0483870967741935
"drug_294.txt"	0.0987903225806452	0.0967741935483871	0.149193548387097	0.596774193548387	0.0463709677419355	0.030241935483871
"drug_295.txt"	0.0141129032258065	0.0423387096774194	0.100806451612903	0.25	0.264112903225806	0.0786290322580645
"drug_296.txt"	0.243951612903226	0.262096774193548	0.411290322580645	0.0584677419354839	0.389112903225806	0.451612903225806
"drug_297.txt"	0.110887096774194	0.0766129032258065	0.0665322580645161	0.141129032258065	0.330645161290323	0.278225806451613
"drug_298.txt"	0.00403225806451613	0.0806451612903226	0.030241935483871	0.0221774193548387	0.366935483870968	0.44758064516129
"drug_299.txt"	0.00604838709677419	0.0201612903225806	0.0604838709677419	0.3125	0.171370967741935	0.266129032258065
"drug_3.txt"	0.655241935483871	0.776209677419355	0.233870967741935	0.094758064516129	0.969758064516129	0.977822580645161
"drug_30.txt"	0.764112903225806	0.786290322580645	0.506048387096774	0.530241935483871	0.429435483870968	0.421370967741935
"drug_300.txt"	0.0181451612903226	0.00806451612903226	0.3125	0.497983870967742	0.0443548387096774	0.0100806451612903
"drug_301.txt"	0.11491935483871	0.0725806451612903	0.0141129032258065	0.211693548387097	0.282258064516129	0.258064516129032
"drug_302.txt"	0.407258064516129	0.326612903225806	0.403225806451613	0.207661290322581	0.262096774193548	0.467741935483871
"drug_303.txt"	0.0745967741935484	0.108870967741935	0.00201612903225806	0.00604838709677419	0.116935483870968	0.143145161290323
"drug_304.txt"	0.0100806451612903	0.0524193548387097	0.270161290322581	0.453629032258065	0.13508064516129	0.127016129032258
"drug_305.txt"	0.0120967741935484	0.0141129032258065	0.272177419354839	0.536290322580645	0.0907258064516129	0.122983870967742
"drug_306.txt"	0.00806451612903226	0.0100806451612903	0.243951612903226	0.352822580645161	0.092741935483871	0.30241935483871
"drug_307.txt"	0.030241935483871	0.0846774193548387	0.0564516129032258	0.17741935483871	0.0524193548387097	0.169354838709677
"drug_308.txt"	0.137096774193548	0.143145161290323	0.159274193548387	0.227822580645161	0.377016129032258	0.425403225806452
"drug_309.txt"	0.0806451612903226	0.104838709677419	0.0181451612903226	0.193548387096774	0.215725806451613	0.0221774193548387
"drug_31.txt"	0.790322580645161	0.679435483870968	0.157258064516129	0.165322580645161	0.923387096774194	0.872983870967742
"drug_310.txt"	0.106854838709677	0.122983870967742	0.395161290322581	0.173387096774194	0.405241935483871	0.429435483870968
"drug_311.txt"	0.0423387096774194	0.0645161290322581	0.00604838709677419	0.0665322580645161	0.173387096774194	0.094758064516129
"drug_312.txt"	0.0443548387096774	0.0544354838709677	0.0463709677419355	0.157258064516129	0.225806451612903	0.181451612903226
"drug_313.txt"	0.36491935483871	0.272177419354839	0.0725806451612903	0.163306451612903	0.189516129032258	0.100806451612903
"drug_314.txt"	0.0483870967741935	0.0745967741935484	0.0987903225806452	0.360887096774194	0.147177419354839	0.205645161290323
"drug_315.txt"	0.350806451612903	0.149193548387097	0.094758064516129	0.278225806451613	0.383064516129032	0.0987903225806452
"drug_316.txt"	0.0564516129032258	0.0120967741935484	0.493951612903226	0.826612903225806	0.0645161290322581	0.116935483870968
"drug_317.txt"	0.0262096774193548	0.0383064516129032	0.538306451612903	0.772177419354839	0.106854838709677	0.0725806451612903
"drug_318.txt"	0.0665322580645161	0.092741935483871	0.120967741935484	0.491935483870968	0.153225806451613	0.0524193548387097
"drug_319.txt"	0.377016129032258	0.219758064516129	0.0100806451612903	0.127016129032258	0.483870967741935	0.435483870967742
"drug_32.txt"	0.911290322580645	0.838709677419355	0.399193548387097	0.167338709677419	0.953629032258065	0.921370967741935
"drug_320.txt"	0.502016129032258	0.493951612903226	0.268145161290323	0.939516129032258	0.580645161290323	0.556451612903226
"drug_321.txt"	0.943548387096774	0.94758064516129	0.526209677419355	0.594758064516129	0.941532258064516	0.889112903225806
"drug_322.txt"	0.723790322580645	0.671370967741935	0.235887096774194	0.372983870967742	0.647177419354839	0.768145161290323
"drug_323.txt"	0.951612903225806	0.931451612903226	0.42741935483871	0.514112903225806	0.584677419354839	0.637096774193548
"drug_324.txt"	0.933467741935484	0.915322580645161	0.413306451612903	0.457661290322581	0.790322580645161	0.778225806451613
"drug_325.txt"	0.776209677419355	0.76008064516129	0.189516129032258	0.231854838709677	0.788306451612903	0.641129032258065
"drug_326.txt"	0.941532258064516	0.959677419354839	0.550403225806452	0.754032258064516	0.897177419354839	0.925403225806452
"drug_327.txt"	0.828629032258065	0.790322580645161	0.221774193548387	0.633064516129032	0.655241935483871	0.651209677419355
"drug_328.txt"	0.923387096774194	0.905241935483871	0.600806451612903	0.981854838709677	0.449596774193548	0.487903225806452
"drug_329.txt"	0.905241935483871	0.848790322580645	0.566532258064516	0.824596774193548	0.685483870967742	0.395161290322581
"drug_33.txt"	0.818548387096774	0.828629032258065	0.467741935483871	0.324596774193548	0.854838709677419	0.82258064516129
"drug_330.txt"	0.346774193548387	0.4375	0.459677419354839	0.758064516129032	0.165322580645161	0.229838709677419
"drug_331.txt"	0.534274193548387	0.584677419354839	0.463709677419355	0.538306451612903	0.0725806451612903	0.252016129032258
"drug_332.txt"	0.798387096774194	0.780241935483871	0.211693548387097	0.429435483870968	0.842741935483871	0.745967741935484
"drug_333.txt"	0.891129032258065	0.818548387096774	0.407258064516129	0.401209677419355	0.80241935483871	0.703629032258065
"drug_334.txt"	0.868951612903226	0.82258064516129	0.491935483870968	0.223790322580645	0.770161290322581	0.792338709677419
"drug_335.txt"	0.899193548387097	0.834677419354839	0.431451612903226	0.399193548387097	0.877016129032258	0.725806451612903
"drug_336.txt"	0.810483870967742	0.796370967741935	0.256048387096774	0.762096774193548	0.612903225806452	0.415322580645161
"drug_337.txt"	0.784274193548387	0.758064516129032	0.237903225806452	0.461693548387097	0.756048387096774	0.604838709677419
"drug_338.txt"	0.324596774193548	0.397177419354839	0.55241935483871	0.949596774193548	0.280241935483871	0.504032258064516
"drug_339.txt"	0.895161290322581	0.913306451612903	0.558467741935484	0.725806451612903	0.6875	0.520161290322581
"drug_34.txt"	0.631048387096774	0.73991935483871	0.145161290322581	0.143145161290323	0.987903225806452	0.997983870967742
"drug_340.txt"	0.600806451612903	0.606854838709677	0.276209677419355	0.836693548387097	0.344758064516129	0.201612903225806
"drug_341.txt"	0.185483870967742	0.173387096774194	0.264112903225806	0.661290322580645	0.254032258064516	0.366935483870968
"drug_342.txt"	0.366935483870968	0.227822580645161	0.473790322580645	0.554435483870968	0.104838709677419	0.522177419354839
"drug_343.txt"	0.969758064516129	0.981854838709677	0.25	0.806451612903226	0.407258064516129	0.560483870967742
"drug_344.txt"	0.808467741935484	0.733870967741935	0.274193548387097	0.8125	0.67741935483871	0.443548387096774
"drug_345.txt"	0.627016129032258	0.618951612903226	0.564516129032258	0.953629032258065	0.270161290322581	0.554435483870968
"drug_346.txt"	0.929435483870968	0.881048387096774	0.441532258064516	0.540322580645161	0.643145161290323	0.602822580645161
"drug_347.txt"	0.963709677419355	0.961693548387097	0.512096774193548	0.30241935483871	0.796370967741935	0.836693548387097
"drug_348.txt"	0.752016129032258	0.651209677419355	0.30241935483871	0.856854838709677	0.237903225806452	0.360887096774194
"drug_349.txt"	0.104838709677419	0.0584677419354839	0.292338709677419	0.582661290322581	0.125	0.237903225806452
"drug_35.txt"	0.887096774193548	0.933467741935484	0.350806451612903	0.332661290322581	0.979838709677419	0.961693548387097
"drug_350.txt"	0.0645161290322581	0.0463709677419355	0.578629032258065	0.784274193548387	0.0141129032258065	0.284274193548387
"drug_351.txt"	0.524193548387097	0.526209677419355	0.26008064516129	0.637096774193548	0.284274193548387	0.647177419354839
"drug_352.txt"	0.598790322580645	0.600806451612903	0.348790322580645	0.0987903225806452	0.866935483870968	0.818548387096774
"drug_353.txt"	0.594758064516129	0.576612903225806	0.370967741935484	0.137096774193548	0.875	0.881048387096774
"drug_354.txt"	0.100806451612903	0.0705645161290323	0.580645161290323	0.723790322580645	0.00403225806451613	0.223790322580645
"drug_355.txt"	0.354838709677419	0.241935483870968	0.318548387096774	0.0544354838709677	0.598790322580645	0.516129032258065
"drug_356.txt"	0.379032258064516	0.360887096774194	0.308467741935484	0.391129032258065	0.334677419354839	0.310483870967742
"drug_357.txt"	0.122983870967742	0.110887096774194	0.44758064516129	0.488911290322581	0.0685483870967742	0.276209677419355
"drug_358.txt"	0.491935483870968	0.48991935483871	0.481854838709677	0.778225806451613	0.0705645161290323	0.118951612903226
"drug_359.txt"	0.772177419354839	0.770161290322581	0.389112903225806	0.104838709677419	0.963709677419355	0.951612903225806
"drug_36.txt"	0.917338709677419	0.879032258064516	0.423387096774194	0.314516129032258	0.860887096774194	0.92741935483871
"drug_360.txt"	0.092741935483871	0.106854838709677	0.582661290322581	0.76008064516129	0.0120967741935484	0.00604838709677419
"drug_361.txt"	0.189516129032258	0.199596774193548	0.4375	0.647177419354839	0.137096774193548	0.288306451612903
"drug_362.txt"	0.560483870967742	0.556451612903226	0.48991935483871	0.483870967741935	0.0987903225806452	0.17741935483871
"drug_363.txt"	0.80241935483871	0.800403225806452	0.397177419354839	0.149193548387097	0.965725806451613	0.94758064516129
"drug_364.txt"	0.830645161290323	0.816532258064516	0.304435483870968	0.221774193548387	0.981854838709677	0.991935483870968
"drug_365.txt"	0.645161290322581	0.622983870967742	0.213709677419355	0.362903225806452	0.94758064516129	0.895161290322581
"drug_366.txt"	0.32258064516129	0.433467741935484	0.534274193548387	0.264112903225806	0.0423387096774194	0.0665322580645161
"drug_367.txt"	0.836693548387097	0.741935483870968	0.173387096774194	0.0524193548387097	0.919354838709677	0.883064516129032
"drug_368.txt"	0.820564516129032	0.774193548387097	0.183467741935484	0.106854838709677	1	1
"drug_369.txt"	0.816532258064516	0.8125	0.262096774193548	0.598790322580645	0.463709677419355	0.38508064516129
"drug_37.txt"	0.814516129032258	0.856854838709677	0.175403225806452	0.338709677419355	0.98991935483871	0.995967741935484
"drug_370.txt"	0.463709677419355	0.403225806451613	0.185483870967742	0.0282258064516129	0.907258064516129	0.88508064516129
"drug_371.txt"	0.0907258064516129	0.120967741935484	0.300403225806452	0.415322580645161	0.0262096774193548	0.0161290322580645
"drug_372.txt"	0.737903225806452	0.667338709677419	0.330645161290323	0.100806451612903	0.983870967741935	0.965725806451613
"drug_373.txt"	0.0846774193548387	0.032258064516129	0.546370967741935	0.701612903225806	0.0181451612903226	0.108870967741935
"drug_374.txt"	0.504032258064516	0.481854838709677	0.151209677419355	0.0745967741935484	0.844758064516129	0.899193548387097
"drug_375.txt"	0.506048387096774	0.479838709677419	0.266129032258065	0.116935483870968	0.881048387096774	0.850806451612903
"drug_376.txt"	0.701612903225806	0.63508064516129	0.451612903225806	0.409274193548387	0.485887096774194	0.524193548387097
"drug_377.txt"	0.465725806451613	0.439516129032258	0.379032258064516	0.508064516129032	0.663306451612903	0.709677419354839
"drug_378.txt"	0.0282258064516129	0.00201612903225806	0.57258064516129	0.844758064516129	0.0100806451612903	0.163306451612903
"drug_379.txt"	0.175403225806452	0.203629032258065	0.391129032258065	0.625	0.159274193548387	0.326612903225806
"drug_38.txt"	0.618951612903226	0.616935483870968	0.19758064516129	0.413306451612903	0.909274193548387	0.933467741935484
"drug_380.txt"	0.245967741935484	0.276209677419355	0.334677419354839	0.318548387096774	0.205645161290323	0.0745967741935484
"drug_381.txt"	0.294354838709677	0.383064516129032	0.497983870967742	0.526209677419355	0.139112903225806	0.0564516129032258
"drug_382.txt"	0.530241935483871	0.536290322580645	0.443548387096774	0.195564516129032	0.733870967741935	0.758064516129032
"drug_383.txt"	0.201612903225806	0.233870967741935	0.346774193548387	0.417338709677419	0.346774193548387	0.183467741935484
"drug_384.txt"	0.169354838709677	0.215725806451613	0.354838709677419	0.435483870967742	0.195564516129032	0.207661290322581
"drug_385.txt"	0.225806451612903	0.278225806451613	0.568548387096774	0.935483870967742	0.209677419354839	0.221774193548387
"drug_386.txt"	0.191532258064516	0.217741935483871	0.368951612903226	0.465725806451613	0.252016129032258	0.209677419354839
"drug_387.txt"	0.153225806451613	0.165322580645161	0.433467741935484	0.604838709677419	0.0745967741935484	0.0967741935483871
"drug_388.txt"	0.183467741935484	0.193548387096774	0.225806451612903	0.506048387096774	0.094758064516129	0.0584677419354839
"drug_389.txt"	0.157258064516129	0.179435483870968	0.205645161290323	0.310483870967742	0.145161290322581	0.129032258064516
"drug_39.txt"	0.76008064516129	0.752016129032258	0.360887096774194	0.433467741935484	0.943548387096774	0.985887096774194
"drug_390.txt"	0.0766129032258065	0.0443548387096774	0.548387096774194	0.846774193548387	0.0584677419354839	0.137096774193548
"drug_391.txt"	0.252016129032258	0.30241935483871	0.356854838709677	0.445564516129032	0.679435483870968	0.546370967741935
"drug_392.txt"	0.320564516129032	0.431451612903226	0.542338709677419	0.659274193548387	0.538306451612903	0.48991935483871
"drug_393.txt"	0.556451612903226	0.564516129032258	0.207661290322581	0.602822580645161	0.895161290322581	0.73991935483871
"drug_394.txt"	0.237903225806452	0.288306451612903	0.340725806451613	0.254032258064516	0.368951612903226	0.383064516129032
"drug_395.txt"	0.840725806451613	0.766129032258065	0.453629032258065	0.733870967741935	0.272177419354839	0.282258064516129
"drug_396.txt"	0.0584677419354839	0.0282258064516129	0.574596774193548	0.832661290322581	0.0786290322580645	0.0846774193548387
"drug_397.txt"	0.949596774193548	0.858870967741935	0.36491935483871	0.375	0.352822580645161	0.350806451612903
"drug_398.txt"	0.19758064516129	0.237903225806452	0.536290322580645	0.798387096774194	0.0887096774193548	0.185483870967742
"drug_399.txt"	0.266129032258065	0.298387096774194	0.405241935483871	0.866935483870968	0.127016129032258	0.157258064516129
"drug_4.txt"	0.758064516129032	0.909274193548387	0.23991935483871	0.0725806451612903	0.961693548387097	0.981854838709677
"drug_40.txt"	0.73991935483871	0.69758064516129	0.362903225806452	0.328629032258065	0.862903225806452	0.917338709677419
"drug_400.txt"	0.276209677419355	0.318548387096774	0.393145161290323	0.600806451612903	0.0806451612903226	0.193548387096774
"drug_401.txt"	0.0544354838709677	0.0221774193548387	0.278225806451613	0.358870967741935	0.0241935483870968	0.306451612903226
"drug_402.txt"	0.633064516129032	0.6875	0.445564516129032	0.752016129032258	0.451612903225806	0.665322580645161
"drug_403.txt"	0.207661290322581	0.231854838709677	0.556451612903226	0.929435483870968	0.203629032258065	0.151209677419355
"drug_404.txt"	0.55241935483871	0.57258064516129	0.377016129032258	0.5625	0.375	0.639112903225806
"drug_405.txt"	0.477822580645161	0.485887096774194	0.584677419354839	0.965725806451613	0.141129032258065	0.0504032258064516
"drug_406.txt"	0.235887096774194	0.296370967741935	0.435483870967742	0.342741935483871	0.0967741935483871	0.445564516129032
"drug_407.txt"	0.0786290322580645	0.102822580645161	0.94758064516129	0.915322580645161	0.143145161290323	0.0241935483870968
"drug_408.txt"	0.233870967741935	0.264112903225806	0.772177419354839	0.39616935483871	0.532258064516129	0.570564516129032
"drug_409.txt"	0.30241935483871	0.411290322580645	0.977822580645161	0.943548387096774	0.36491935483871	0.145161290322581
"drug_41.txt"	0.715725806451613	0.764112903225806	0.485887096774194	0.381048387096774	0.693548387096774	0.671370967741935
"drug_410.txt"	0.227822580645161	0.300403225806452	0.965725806451613	0.834677419354839	0.348790322580645	0.211693548387097
"drug_411.txt"	0.332661290322581	0.425403225806452	0.826612903225806	0.419354838709677	0.661290322580645	0.483870967741935
"drug_412.txt"	0.336693548387097	0.455645161290323	0.983870967741935	0.941532258064516	0.713709677419355	0.55241935483871
"drug_413.txt"	0.592741935483871	0.639112903225806	0.877016129032258	0.473790322580645	0.63508064516129	0.731854838709677
"drug_414.txt"	0.348790322580645	0.451612903225806	0.995967741935484	0.913306451612903	0.421370967741935	0.256048387096774
"drug_415.txt"	0.304435483870968	0.393145161290323	0.923387096774194	0.961693548387097	0.5	0.407258064516129
"drug_416.txt"	0.806451612903226	0.745967741935484	0.961693548387097	0.534274193548387	0.695564516129032	0.596774193548387
"drug_417.txt"	0.544354838709677	0.568548387096774	0.816532258064516	0.320564516129032	0.778225806451613	0.719758064516129
"drug_418.txt"	0.691532258064516	0.669354838709677	0.768145161290323	0.421370967741935	0.949596774193548	0.949596774193548
"drug_419.txt"	0.794354838709677	0.768145161290323	0.967741935483871	0.502016129032258	0.747983870967742	0.606854838709677
"drug_42.txt"	0.792338709677419	0.703629032258065	0.179435483870968	0.179435483870968	0.850806451612903	0.794354838709677
"drug_420.txt"	0.256048387096774	0.280241935483871	0.895161290322581	0.649193548387097	0.0403225806451613	0.0826612903225806
"drug_421.txt"	0.314516129032258	0.419354838709677	0.9375	0.717741935483871	0.354838709677419	0.324596774193548
"drug_422.txt"	0.25	0.306451612903226	0.951612903225806	0.858870967741935	0.231854838709677	0.215725806451613
"drug_423.txt"	0.316532258064516	0.389112903225806	0.985887096774194	0.852822580645161	0.514112903225806	0.461693548387097
"drug_424.txt"	0.274193548387097	0.36491935483871	0.830645161290323	0.693548387096774	0.433467741935484	0.453629032258065
"drug_425.txt"	0.0504032258064516	0.0665322580645161	0.933467741935484	0.945564516129032	0.0161290322580645	0.0423387096774194
"drug_426.txt"	0.223790322580645	0.274193548387097	0.893145161290323	0.875	0.129032258064516	0.102822580645161
"drug_427.txt"	0.26008064516129	0.328629032258065	0.889112903225806	0.923387096774194	0.360887096774194	0.0282258064516129
"drug_428.txt"	0.205645161290323	0.211693548387097	0.844758064516129	0.780241935483871	0.157258064516129	0.149193548387097
"drug_429.txt"	0.604838709677419	0.588709677419355	0.891129032258065	0.719758064516129	0.522177419354839	0.691532258064516
"drug_43.txt"	0.641129032258065	0.558467741935484	0.195564516129032	0.425403225806452	0.852822580645161	0.86491935483871
"drug_430.txt"	0.032258064516129	0.030241935483871	0.838709677419355	0.931451612903226	0.0544354838709677	0.23991935483871
"drug_431.txt"	0.272177419354839	0.324596774193548	0.846774193548387	0.479838709677419	0.518145161290323	0.485887096774194
"drug_432.txt"	0.23991935483871	0.26008064516129	0.810483870967742	0.252016129032258	0.840725806451613	0.903225806451613
"drug_433.txt"	0.731854838709677	0.629032258064516	0.834677419354839	0.205645161290323	0.616935483870968	0.689516129032258
"drug_434.txt"	0.590725806451613	0.659274193548387	0.705645161290323	0.282258064516129	0.336693548387097	0.514112903225806
"drug_435.txt"	0.326612903225806	0.409274193548387	0.997983870967742	0.94758064516129	0.649193548387097	0.550403225806452
"drug_436.txt"	0.0201612903225806	0.0262096774193548	0.790322580645161	0.872983870967742	0.0826612903225806	0.0201612903225806
"drug_437.txt"	0.653225806451613	0.689516129032258	0.608870967741935	0.366935483870968	0.627016129032258	0.548387096774194
"drug_438.txt"	0.159274193548387	0.185483870967742	0.627016129032258	0.518145161290323	0.163306451612903	0.26008064516129
"drug_439.txt"	0.286290322580645	0.356854838709677	0.625	0.616935483870968	0.417338709677419	0.308467741935484
"drug_44.txt"	0.693548387096774	0.693548387096774	0.352822580645161	0.286290322580645	0.921370967741935	0.919354838709677
"drug_440.txt"	0.181451612903226	0.213709677419355	0.639112903225806	0.608870967741935	0.199596774193548	0.334677419354839
"drug_441.txt"	0.179435483870968	0.207661290322581	0.683467741935484	0.686491935483871	0.0846774193548387	0.0383064516129032
"drug_442.txt"	0.713709677419355	0.743951612903226	0.596774193548387	0.274193548387097	0.594758064516129	0.764112903225806
"drug_443.txt"	0.743951612903226	0.824596774193548	0.594758064516129	0.300403225806452	0.528225806451613	0.51008064516129
"drug_444.txt"	0.637096774193548	0.737903225806452	0.590725806451613	0.268145161290323	0.669354838709677	0.784274193548387
"drug_445.txt"	0.729838709677419	0.897177419354839	0.604838709677419	0.288306451612903	0.544354838709677	0.5625
"drug_446.txt"	0.516129032258065	0.530241935483871	0.735887096774194	0.745967741935484	0.0504032258064516	0.0544354838709677
"drug_447.txt"	0.51008064516129	0.522177419354839	0.612903225806452	0.405241935483871	0.508064516129032	0.268145161290323
"drug_448.txt"	0.659274193548387	0.747983870967742	0.69758064516129	0.67741935483871	0.606854838709677	0.610887096774194
"drug_449.txt"	0.536290322580645	0.610887096774194	0.76008064516129	0.899193548387097	0.122983870967742	0.161290322580645
"drug_45.txt"	0.780241935483871	0.820564516129032	0.570564516129032	0.612903225806452	0.933467741935484	0.913306451612903
"drug_450.txt"	0.344758064516129	0.435483870967742	0.622983870967742	0.348790322580645	0.637096774193548	0.699596774193548
"drug_451.txt"	0.832661290322581	0.772177419354839	0.620967741935484	0.459677419354839	0.804435483870968	0.854838709677419
"drug_452.txt"	0.469758064516129	0.475806451612903	0.870967741935484	0.993951612903226	0.512096774193548	0.375
"drug_453.txt"	0.727822580645161	0.80241935483871	0.667338709677419	0.558467741935484	0.651209677419355	0.788306451612903
"drug_454.txt"	0.98991935483871	0.997983870967742	0.836693548387097	0.828629032258065	0.645161290322581	0.387096774193548
"drug_455.txt"	0.931451612903226	0.985887096774194	0.695564516129032	0.686491935483871	0.772177419354839	0.741935483870968
"drug_456.txt"	0.870967741935484	0.868951612903226	0.709677419354839	0.794354838709677	0.731854838709677	0.67741935483871
"drug_457.txt"	0.903225806451613	0.860887096774194	0.725806451612903	0.75	0.701612903225806	0.568548387096774
"drug_458.txt"	0.961693548387097	0.98991935483871	0.713709677419355	0.584677419354839	0.737903225806452	0.594758064516129
"drug_459.txt"	0.957661290322581	0.949596774193548	0.743951612903226	0.80241935483871	0.707661290322581	0.608870967741935
"drug_46.txt"	0.826612903225806	0.782258064516129	0.429435483870968	0.215725806451613	0.88508064516129	0.901209677419355
"drug_460.txt"	0.782258064516129	0.806451612903226	0.691532258064516	0.703629032258065	0.715725806451613	0.625
"drug_461.txt"	0.919354838709677	0.919354838709677	0.669354838709677	0.679435483870968	0.754032258064516	0.729838709677419
"drug_462.txt"	0.939516129032258	0.862903225806452	0.75	0.620967741935484	0.913306451612903	0.98991935483871
"drug_463.txt"	0.92741935483871	0.939516129032258	0.685483870967742	0.711693548387097	0.610887096774194	0.393145161290323
"drug_464.txt"	0.959677419354839	0.945564516129032	0.679435483870968	0.592741935483871	0.550403225806452	0.493951612903226
"drug_465.txt"	0.953629032258065	0.925403225806452	0.6875	0.627016129032258	0.657258064516129	0.518145161290323
"drug_466.txt"	0.211693548387097	0.243951612903226	0.747983870967742	0.570564516129032	0.504032258064516	0.542338709677419
"drug_467.txt"	0.280241935483871	0.350806451612903	0.925403225806452	0.909274193548387	0.419354838709677	0.370967741935484
"drug_468.txt"	0.143145161290323	0.141129032258065	0.592741935483871	0.469758064516129	0.110887096774194	0.473790322580645
"drug_469.txt"	0.229838709677419	0.270161290322581	0.875	0.73991935483871	0.286290322580645	0.106854838709677
"drug_47.txt"	0.862903225806452	0.893145161290323	0.38508064516129	0.171370967741935	0.945564516129032	0.953629032258065
"drug_470.txt"	0.574596774193548	0.578629032258065	0.850806451612903	0.842741935483871	0.0483870967741935	0.397177419354839
"drug_471.txt"	0.213709677419355	0.286290322580645	0.754032258064516	0.475806451612903	0.415322580645161	0.576612903225806
"drug_472.txt"	0.745967741935484	0.832661290322581	0.88508064516129	0.588709677419355	0.401209677419355	0.737903225806452
"drug_473.txt"	0.262096774193548	0.310483870967742	0.945564516129032	0.764112903225806	0.211693548387097	0.219758064516129
"drug_474.txt"	0.481854838709677	0.512096774193548	0.941532258064516	0.770161290322581	0.0866935483870968	0.141129032258065
"drug_475.txt"	0.485887096774194	0.502016129032258	0.939516129032258	0.870967741935484	0.256048387096774	0.471774193548387
"drug_476.txt"	0.479838709677419	0.504032258064516	0.828629032258065	0.790322580645161	0.306451612903226	0.32258064516129
"drug_477.txt"	0.497983870967742	0.5	0.917338709677419	0.709677419354839	0.292338709677419	0.358870967741935
"drug_478.txt"	0.467741935483871	0.483870967741935	0.792338709677419	0.820564516129032	0.288306451612903	0.133064516129032
"drug_479.txt"	0.475806451612903	0.508064516129032	0.919354838709677	0.786290322580645	0.298387096774194	0.405241935483871
"drug_48.txt"	0.770161290322581	0.891129032258065	0.284274193548387	0.131048387096774	0.465725806451613	0.314516129032258
"drug_480.txt"	0.538306451612903	0.560483870967742	0.955645161290323	0.727822580645161	0.536290322580645	0.629032258064516
"drug_481.txt"	0.661290322580645	0.620967741935484	0.721774193548387	0.493951612903226	0.477822580645161	0.620967741935484
"drug_482.txt"	0.824596774193548	0.870967741935484	0.909274193548387	0.578629032258065	0.487903225806452	0.76008064516129
"drug_483.txt"	0.282258064516129	0.391129032258065	0.943548387096774	0.610887096774194	0.324596774193548	0.534274193548387
"drug_484.txt"	0.292338709677419	0.38508064516129	0.911290322580645	0.389112903225806	0.5625	0.693548387096774
"drug_485.txt"	0.564516129032258	0.596774193548387	0.794354838709677	0.290322580645161	0.524193548387097	0.526209677419355
"drug_486.txt"	0.540322580645161	0.602822580645161	0.699596774193548	0.292338709677419	0.838709677419355	0.893145161290323
"drug_487.txt"	0.526209677419355	0.532258064516129	0.641129032258065	0.629032258064516	0.590725806451613	0.733870967741935
"drug_488.txt"	0.5	0.516129032258065	0.703629032258065	0.568548387096774	0.475806451612903	0.5
"drug_489.txt"	0.586693548387097	0.598790322580645	0.727822580645161	0.544354838709677	0.479838709677419	0.254032258064516
"drug_49.txt"	0.683467741935484	0.637096774193548	0.229838709677419	0.11491935483871	0.570564516129032	0.411290322580645
"drug_490.txt"	0.733870967741935	0.711693548387097	0.629032258064516	0.237903225806452	0.391129032258065	0.566532258064516
"drug_491.txt"	0.284274193548387	0.366935483870968	0.796370967741935	0.295362903225806	0.782258064516129	0.780241935483871
"drug_492.txt"	0.620967741935484	0.645161290322581	0.653225806451613	0.326612903225806	0.872983870967742	0.973790322580645
"drug_493.txt"	0.217741935483871	0.252016129032258	0.63508064516129	0.393145161290323	0.588709677419355	0.707661290322581
"drug_494.txt"	0.415322580645161	0.282258064516129	0.693548387096774	0.747983870967742	0.0221774193548387	0.292338709677419
"drug_495.txt"	0.675403225806452	0.665322580645161	0.758064516129032	0.229838709677419	0.705645161290323	0.866935483870968
"drug_496.txt"	0.231854838709677	0.247983870967742	0.655241935483871	0.340725806451613	0.659274193548387	0.586693548387097
"drug_5.txt"	0.63508064516129	0.762096774193548	0.417338709677419	0.243951612903226	0.985887096774194	0.945564516129032
"drug_50.txt"	0.606854838709677	0.653225806451613	0.0806451612903226	0.0463709677419355	0.879032258064516	0.832661290322581
"drug_51.txt"	0.705645161290323	0.681451612903226	0.32258064516129	0.0846774193548387	0.526209677419355	0.584677419354839
"drug_52.txt"	0.711693548387097	0.719758064516129	0.282258064516129	0.42741935483871	0.558467741935484	0.649193548387097
"drug_53.txt"	0.570564516129032	0.5625	0.147177419354839	0.32258064516129	0.399193548387097	0.536290322580645
"drug_54.txt"	0.67741935483871	0.699596774193548	0.191532258064516	0.235887096774194	0.727822580645161	0.612903225806452
"drug_55.txt"	0.616935483870968	0.544354838709677	0.131048387096774	0.118951612903226	0.725806451612903	0.667338709677419
"drug_56.txt"	0.495967741935484	0.495967741935484	0.0766129032258065	0.0161290322580645	0.491935483870968	0.449596774193548
"drug_57.txt"	0.625	0.627016129032258	0.241935483870968	0.0786290322580645	0.566532258064516	0.616935483870968
"drug_58.txt"	0.397177419354839	0.330645161290323	0.122983870967742	0.0383064516129032	0.709677419354839	0.508064516129032
"drug_59.txt"	0.508064516129032	0.487903225806452	0.163306451612903	0.209677419354839	0.723790322580645	0.627016129032258
"drug_6.txt"	0.756048387096774	0.907258064516129	0.247983870967742	0.112903225806452	0.975806451612903	0.931451612903226
"drug_60.txt"	0.608870967741935	0.608870967741935	0.193548387096774	0.203629032258065	0.814516129032258	0.721774193548387
"drug_61.txt"	0.483870967741935	0.334677419354839	0.0705645161290323	0.0141129032258065	0.806451612903226	0.679435483870968
"drug_62.txt"	0.532258064516129	0.528225806451613	0.0584677419354839	0.0181451612903226	0.622983870967742	0.564516129032258
"drug_63.txt"	0.405241935483871	0.268145161290323	0.106854838709677	0.0604838709677419	0.356854838709677	0.179435483870968
"drug_64.txt"	0.582661290322581	0.580645161290323	0.0887096774193548	0.0362903225806452	0.423387096774194	0.491935483870968
"drug_65.txt"	0.199596774193548	0.183467741935484	0.155241935483871	0.189516129032258	0.179435483870968	0.153225806451613
"drug_66.txt"	0.193548387096774	0.209677419354839	0.409274193548387	0.63508064516129	0.11491935483871	0.348790322580645
"drug_67.txt"	0.512096774193548	0.506048387096774	0.129032258064516	0.00201612903225806	0.461693548387097	0.354838709677419
"drug_68.txt"	0.0725806451612903	0.131048387096774	0.209677419354839	0.383064516129032	0.314516129032258	0.195564516129032
"drug_69.txt"	0.155241935483871	0.159274193548387	0.415322580645161	0.655241935483871	0.219758064516129	0.159274193548387
"drug_7.txt"	0.762096774193548	0.903225806451613	0.316532258064516	0.151209677419355	0.957661290322581	0.967741935483871
"drug_70.txt"	0.433467741935484	0.308467741935484	0.0120967741935484	0.0403225806451613	0.883064516129032	0.879032258064516
"drug_71.txt"	0.57258064516129	0.590725806451613	0.116935483870968	0.0705645161290323	0.794354838709677	0.860887096774194
"drug_72.txt"	0.487903225806452	0.457661290322581	0.0362903225806452	0.133064516129032	0.75	0.798387096774194
"drug_73.txt"	0.6875	0.649193548387097	0.108870967741935	0.0887096774193548	0.870967741935484	0.909274193548387
"drug_74.txt"	0.443548387096774	0.407258064516129	0.0625	0.139112903225806	0.834677419354839	0.8125
"drug_75.txt"	0.546370967741935	0.540322580645161	0.0645161290322581	0.0766129032258065	0.830645161290323	0.786290322580645
"drug_76.txt"	0.431451612903226	0.387096774193548	0.0221774193548387	0.0967741935483871	0.828629032258065	0.705645161290323
"drug_77.txt"	0.735887096774194	0.75	0.294354838709677	0.147177419354839	0.9375	0.963709677419355
"drug_78.txt"	0.588709677419355	0.538306451612903	0.201612903225806	0.0241935483870968	0.76008064516129	0.743951612903226
"drug_79.txt"	0.409274193548387	0.443548387096774	0.092741935483871	0.0866935483870968	0.42741935483871	0.42741935483871
"drug_8.txt"	0.796370967741935	0.875	0.215725806451613	0.0907258064516129	0.967741935483871	0.929435483870968
"drug_80.txt"	0.629032258064516	0.655241935483871	0.245967741935484	0.110887096774194	0.868951612903226	0.838709677419355
"drug_81.txt"	0.786290322580645	0.727822580645161	0.306451612903226	0.0443548387096774	0.836693548387097	0.80241935483871
"drug_82.txt"	0.995967741935484	0.965725806451613	0.991935483870968	0.564516129032258	0.578629032258065	0.506048387096774
"drug_83.txt"	0.550403225806452	0.586693548387097	0.879032258064516	0.814516129032258	0.506048387096774	0.11491935483871
"drug_84.txt"	0.846774193548387	0.810483870967742	0.798387096774194	0.39616935483871	0.903225806451613	0.842741935483871
"drug_85.txt"	0.993951612903226	0.971774193548387	0.971774193548387	0.266129032258065	0.925403225806452	0.907258064516129
"drug_86.txt"	0.973790322580645	0.840725806451613	0.907258064516129	0.443548387096774	0.703629032258065	0.6875
"drug_87.txt"	0.997983870967742	1	0.98991935483871	0.546370967741935	0.86491935483871	0.766129032258065
"drug_88.txt"	0.975806451612903	0.921370967741935	0.959677419354839	0.346774193548387	0.792338709677419	0.776209677419355
"drug_89.txt"	0.971774193548387	0.977822580645161	0.953629032258065	0.19758064516129	0.455645161290323	0.457661290322581
"drug_9.txt"	0.622983870967742	0.641129032258065	0.381048387096774	0.225806451612903	0.955645161290323	0.935483870967742
"drug_90.txt"	0.850806451612903	0.830645161290323	0.913306451612903	0.774193548387097	0.620967741935484	0.298387096774194
"drug_91.txt"	0.860887096774194	0.846774193548387	0.858870967741935	0.26008064516129	0.929435483870968	0.875
"drug_92.txt"	0.987903225806452	0.917338709677419	0.981854838709677	0.379032258064516	0.8125	0.439516129032258
"drug_93.txt"	0.709677419354839	0.683467741935484	0.905241935483871	0.86491935483871	0.939516129032258	0.856854838709677
"drug_94.txt"	0.965725806451613	0.929435483870968	0.979838709677419	0.512096774193548	0.858870967741935	0.69758064516129
"drug_95.txt"	0.879032258064516	0.866935483870968	0.957661290322581	0.51008064516129	0.534274193548387	0.540322580645161
"drug_96.txt"	0.877016129032258	0.695564516129032	0.903225806451613	0.542338709677419	0.92741935483871	0.877016129032258
"drug_97.txt"	0.639112903225806	0.633064516129032	0.707661290322581	0.23991935483871	0.82258064516129	0.820564516129032
"drug_98.txt"	0.725806451612903	0.735887096774194	0.949596774193548	0.516129032258065	0.905241935483871	0.943548387096774
"drug_99.txt"	1	0.987903225806452	0.973790322580645	0.262096774193548	0.893145161290323	0.887096774193548
