"SSlincs"	"SSlincs_Norm"	"SSpearson_corr"	"SSspearman_corr"	"SSzhang"	"SSzhang_Norm"
"drug_1.txt"	0.82258064516129	0.826612903225806	0.532258064516129	0.798387096774194	0.981854838709677	0.979838709677419
"drug_10.txt"	0.959677419354839	0.963709677419355	0.219758064516129	0.360887096774194	0.625	0.723790322580645
"drug_100.txt"	0.810483870967742	0.796370967741935	0.9375	0.977822580645161	0.82258064516129	0.741935483870968
"drug_101.txt"	0.901209677419355	0.883064516129032	0.911290322580645	0.979838709677419	0.899193548387097	0.953629032258065
"drug_102.txt"	0.879032258064516	0.870967741935484	0.870967741935484	0.6875	0.131048387096774	0.443548387096774
"drug_103.txt"	0.76008064516129	0.707661290322581	0.830645161290323	0.816532258064516	0.342741935483871	0.558467741935484
"drug_104.txt"	0.538306451612903	0.477822580645161	0.701612903225806	0.199596774193548	0.0282258064516129	0.0241935483870968
"drug_105.txt"	0.786290322580645	0.786290322580645	0.895161290322581	0.856854838709677	0.506048387096774	0.57258064516129
"drug_106.txt"	0.854838709677419	0.830645161290323	0.88508064516129	0.586693548387097	0.100806451612903	0.151209677419355
"drug_107.txt"	0.6875	0.67741935483871	0.862903225806452	0.933467741935484	0.683467741935484	0.6875
"drug_108.txt"	0.772177419354839	0.792338709677419	0.868951612903226	0.850806451612903	0.556451612903226	0.600806451612903
"drug_109.txt"	0.836693548387097	0.828629032258065	0.808467741935484	0.903225806451613	0.616935483870968	0.574596774193548
"drug_11.txt"	0.832661290322581	0.818548387096774	0.600806451612903	0.651209677419355	0.901209677419355	0.969758064516129
"drug_110.txt"	0.38508064516129	0.38508064516129	0.637096774193548	0.538306451612903	0.627016129032258	0.625
"drug_111.txt"	0.387096774193548	0.36491935483871	0.719758064516129	0.754032258064516	0.548387096774194	0.544354838709677
"drug_112.txt"	0.288306451612903	0.318548387096774	0.57258064516129	0.556451612903226	0.421370967741935	0.479838709677419
"drug_113.txt"	0.429435483870968	0.393145161290323	0.715725806451613	0.788306451612903	0.397177419354839	0.471774193548387
"drug_114.txt"	0.32258064516129	0.379032258064516	0.479838709677419	0.51008064516129	0.292338709677419	0.423387096774194
"drug_115.txt"	0.262096774193548	0.286290322580645	0.558467741935484	0.387096774193548	0.407258064516129	0.548387096774194
"drug_116.txt"	0.389112903225806	0.375	0.542338709677419	0.362903225806452	0.0201612903225806	0.0181451612903226
"drug_117.txt"	0.310483870967742	0.316532258064516	0.649193548387097	0.217741935483871	0.116935483870968	0.139112903225806
"drug_118.txt"	0.370967741935484	0.399193548387097	0.631048387096774	0.0887096774193548	0.00201612903225806	0.00201612903225806
"drug_119.txt"	0.320564516129032	0.326612903225806	0.530241935483871	0.3125	0.409274193548387	0.352822580645161
"drug_12.txt"	0.669354838709677	0.592741935483871	0.495967741935484	0.304435483870968	0.6875	0.465725806451613
"drug_120.txt"	0.455645161290323	0.469758064516129	0.758064516129032	0.413306451612903	0.0806451612903226	0.133064516129032
"drug_121.txt"	0.270161290322581	0.30241935483871	0.512096774193548	0.19758064516129	0.0100806451612903	0.0766129032258065
"drug_122.txt"	0.330645161290323	0.334677419354839	0.788306451612903	0.828629032258065	0.834677419354839	0.854838709677419
"drug_123.txt"	0.401209677419355	0.457661290322581	0.745967741935484	0.445564516129032	0.786290322580645	0.671370967741935
"drug_124.txt"	0.292338709677419	0.310483870967742	0.598790322580645	0.477822580645161	0.399193548387097	0.566532258064516
"drug_125.txt"	0.298387096774194	0.320564516129032	0.574596774193548	0.522177419354839	0.395161290322581	0.330645161290323
"drug_126.txt"	0.282258064516129	0.308467741935484	0.770161290322581	0.542338709677419	0.574596774193548	0.705645161290323
"drug_127.txt"	0.483870967741935	0.4375	0.820564516129032	0.604838709677419	0.435483870967742	0.695564516129032
"drug_128.txt"	0.358870967741935	0.342741935483871	0.582661290322581	0.0725806451612903	0.0241935483870968	0.0725806451612903
"drug_129.txt"	0.308467741935484	0.330645161290323	0.564516129032258	0.393145161290323	0.44758064516129	0.314516129032258
"drug_13.txt"	0.713709677419355	0.731854838709677	0.316532258064516	0.316532258064516	0.758064516129032	0.584677419354839
"drug_130.txt"	0.477822580645161	0.421370967741935	0.866935483870968	0.558467741935484	0.334677419354839	0.336693548387097
"drug_131.txt"	0.667338709677419	0.671370967741935	0.786290322580645	0.465725806451613	0.213709677419355	0.129032258064516
"drug_132.txt"	0.36491935483871	0.354838709677419	0.806451612903226	0.161290322580645	0.0524193548387097	0.153225806451613
"drug_133.txt"	0.602822580645161	0.580645161290323	0.842741935483871	0.300403225806452	0.276209677419355	0.298387096774194
"drug_134.txt"	0.5625	0.564516129032258	0.844758064516129	0.592741935483871	0.199596774193548	0.272177419354839
"drug_135.txt"	0.443548387096774	0.453629032258065	0.774193548387097	0.30241935483871	0.229838709677419	0.306451612903226
"drug_136.txt"	0.356854838709677	0.395161290322581	0.469758064516129	0.179435483870968	0.0463709677419355	0.0987903225806452
"drug_137.txt"	0.318548387096774	0.324596774193548	0.741935483870968	0.383064516129032	0.243951612903226	0.366935483870968
"drug_138.txt"	0.407258064516129	0.431451612903226	0.707661290322581	0.225806451612903	0.0826612903225806	0.0625
"drug_139.txt"	0.316532258064516	0.32258064516129	0.727822580645161	0.366935483870968	0.120967741935484	0.147177419354839
"drug_14.txt"	0.725806451612903	0.717741935483871	0.695564516129032	0.596774193548387	0.776209677419355	0.88508064516129
"drug_140.txt"	0.338709677419355	0.352822580645161	0.711693548387097	0.167338709677419	0.0141129032258065	0.00604838709677419
"drug_141.txt"	0.268145161290323	0.296370967741935	0.608870967741935	0.118951612903226	0.032258064516129	0.0826612903225806
"drug_142.txt"	0.290322580645161	0.258064516129032	0.122983870967742	0.284274193548387	0.55241935483871	0.647177419354839
"drug_143.txt"	0.276209677419355	0.340725806451613	0.0826612903225806	0.423387096774194	0.866935483870968	0.826612903225806
"drug_144.txt"	0.266129032258065	0.262096774193548	0.102822580645161	0.173387096774194	0.381048387096774	0.417338709677419
"drug_145.txt"	0.413306451612903	0.502016129032258	0.153225806451613	0.582661290322581	0.877016129032258	0.588709677419355
"drug_146.txt"	0.508064516129032	0.274193548387097	0.133064516129032	0.36491935483871	0.475806451612903	0.661290322580645
"drug_147.txt"	0.344758064516129	0.278225806451613	0.1875	0.723790322580645	0.965725806451613	0.917338709677419
"drug_148.txt"	0.254032258064516	0.256048387096774	0.0806451612903226	0.292338709677419	0.703629032258065	0.578629032258065
"drug_149.txt"	0.294354838709677	0.370967741935484	0.143145161290323	0.211693548387097	0.594758064516129	0.653225806451613
"drug_15.txt"	0.594758064516129	0.633064516129032	0.689516129032258	0.588709677419355	0.949596774193548	0.862903225806452
"drug_150.txt"	0.332661290322581	0.276209677419355	0.181451612903226	0.298387096774194	0.691532258064516	0.691532258064516
"drug_151.txt"	0.540322580645161	0.439516129032258	0.195564516129032	0.524193548387097	0.854838709677419	0.788306451612903
"drug_152.txt"	0.467741935483871	0.449596774193548	0.211693548387097	0.429435483870968	0.286290322580645	0.36491935483871
"drug_153.txt"	0.360887096774194	0.372983870967742	0.149193548387097	0.455645161290323	0.76008064516129	0.762096774193548
"drug_154.txt"	0.449596774193548	0.512096774193548	0.205645161290323	0.252016129032258	0.221774193548387	0.262096774193548
"drug_155.txt"	0.326612903225806	0.268145161290323	0.129032258064516	0.731854838709677	0.907258064516129	0.631048387096774
"drug_156.txt"	0.286290322580645	0.254032258064516	0.104838709677419	0.231854838709677	0.689516129032258	0.542338709677419
"drug_157.txt"	0.3125	0.292338709677419	0.145161290322581	0.381048387096774	0.566532258064516	0.48991935483871
"drug_158.txt"	0.296370967741935	0.280241935483871	0.131048387096774	0.391129032258065	0.800403225806452	0.86491935483871
"drug_159.txt"	0.274193548387097	0.288306451612903	0.147177419354839	0.346774193548387	0.782258064516129	0.610887096774194
"drug_16.txt"	0.729838709677419	0.782258064516129	0.657258064516129	0.584677419354839	0.747983870967742	0.806451612903226
"drug_160.txt"	0.368951612903226	0.264112903225806	0.173387096774194	0.576612903225806	0.975806451612903	0.961693548387097
"drug_161.txt"	0.431451612903226	0.294354838709677	0.203629032258065	0.540322580645161	0.828629032258065	0.858870967741935
"drug_162.txt"	0.280241935483871	0.26008064516129	0.125	0.425403225806452	0.685483870967742	0.598790322580645
"drug_163.txt"	0.346774193548387	0.270161290322581	0.0967741935483871	0.241935483870968	0.850806451612903	0.778225806451613
"drug_164.txt"	0.578629032258065	0.544354838709677	0.308467741935484	0.397177419354839	0.818548387096774	0.618951612903226
"drug_165.txt"	0.137096774193548	0.169354838709677	0.112903225806452	0.0564516129032258	0.735887096774194	0.790322580645161
"drug_166.txt"	0.469758064516129	0.610887096774194	0.137096774193548	0.399193548387097	0.709677419354839	0.675403225806452
"drug_167.txt"	0.42741935483871	0.685483870967742	0.286290322580645	0.485887096774194	0.518145161290323	0.459677419354839
"drug_168.txt"	0.131048387096774	0.125	0.116935483870968	0.0645161290322581	0.193548387096774	0.0685483870967742
"drug_169.txt"	0.493951612903226	0.346774193548387	0.191532258064516	0.358870967741935	0.717741935483871	0.643145161290323
"drug_17.txt"	0.796370967741935	0.768145161290323	0.75	0.80241935483871	0.842741935483871	0.683467741935484
"drug_170.txt"	0.13508064516129	0.181451612903226	0.157258064516129	0.201612903225806	0.713709677419355	0.933467741935484
"drug_171.txt"	0.997983870967742	0.985887096774194	0.991935483870968	0.965725806451613	0.923387096774194	0.941532258064516
"drug_172.txt"	0.909274193548387	0.903225806451613	0.979838709677419	0.893145161290323	0.69758064516129	0.63508064516129
"drug_173.txt"	0.895161290322581	0.899193548387097	0.971774193548387	0.929435483870968	0.941532258064516	0.94758064516129
"drug_174.txt"	0.973790322580645	0.975806451612903	0.963709677419355	0.909274193548387	0.870967741935484	0.995967741935484
"drug_175.txt"	0.917338709677419	0.917338709677419	0.98991935483871	0.971774193548387	0.860887096774194	0.592741935483871
"drug_176.txt"	0.875	0.846774193548387	0.923387096774194	0.862903225806452	0.971774193548387	0.679435483870968
"drug_177.txt"	0.752016129032258	0.747983870967742	0.917338709677419	0.655241935483871	0.368951612903226	0.268145161290323
"drug_178.txt"	0.891129032258065	0.887096774193548	0.955645161290323	0.887096774193548	0.86491935483871	0.766129032258065
"drug_179.txt"	0.991935483870968	0.997983870967742	0.997983870967742	1	0.98991935483871	0.955645161290323
"drug_18.txt"	0.73991935483871	0.776209677419355	0.590725806451613	0.32258064516129	0.699596774193548	0.645161290322581
"drug_180.txt"	0.913306451612903	0.911290322580645	0.965725806451613	0.949596774193548	0.669354838709677	0.685483870967742
"drug_181.txt"	0.899193548387097	0.88508064516129	0.939516129032258	0.792338709677419	0.681451612903226	0.798387096774194
"drug_182.txt"	0.995967741935484	0.969758064516129	0.959677419354839	0.995967741935484	0.913306451612903	0.866935483870968
"drug_183.txt"	0.848790322580645	0.808467741935484	0.941532258064516	0.915322580645161	0.826612903225806	0.832661290322581
"drug_184.txt"	0.911290322580645	0.919354838709677	0.983870967741935	0.917338709677419	0.943548387096774	0.997983870967742
"drug_185.txt"	0.987903225806452	0.979838709677419	0.969758064516129	0.92741935483871	0.832661290322581	0.735887096774194
"drug_186.txt"	1	0.987903225806452	1	0.975806451612903	0.935483870967742	0.818548387096774
"drug_187.txt"	0.98991935483871	0.977822580645161	0.931451612903226	0.957661290322581	0.979838709677419	0.842741935483871
"drug_188.txt"	0.897177419354839	0.893145161290323	0.973790322580645	0.9375	0.733870967741935	0.493951612903226
"drug_189.txt"	0.907258064516129	0.891129032258065	0.975806451612903	0.889112903225806	0.788306451612903	0.641129032258065
"drug_19.txt"	0.8125	0.814516129032258	0.588709677419355	0.514112903225806	0.887096774193548	0.929435483870968
"drug_190.txt"	0.905241935483871	0.905241935483871	0.957661290322581	0.810483870967742	0.534274193548387	0.481854838709677
"drug_191.txt"	0.943548387096774	0.983870967741935	0.860887096774194	0.782258064516129	0.584677419354839	0.483870967741935
"drug_192.txt"	0.993951612903226	0.981854838709677	0.981854838709677	0.919354838709677	0.560483870967742	0.397177419354839
"drug_193.txt"	0.921370967741935	0.921370967741935	0.993951612903226	0.953629032258065	0.544354838709677	0.383064516129032
"drug_194.txt"	0.915322580645161	0.913306451612903	0.977822580645161	0.951612903225806	0.348790322580645	0.332661290322581
"drug_195.txt"	0.824596774193548	0.856854838709677	0.961693548387097	0.939516129032258	0.852822580645161	0.909274193548387
"drug_196.txt"	0.903225806451613	0.915322580645161	0.967741935483871	0.772177419354839	0.258064516129032	0.175403225806452
"drug_197.txt"	0.919354838709677	0.907258064516129	0.985887096774194	0.945564516129032	0.848790322580645	0.856854838709677
"drug_198.txt"	0.868951612903226	0.86491935483871	0.943548387096774	0.844758064516129	0.814516129032258	0.737903225806452
"drug_199.txt"	0.844758064516129	0.875	0.913306451612903	0.895161290322581	0.856854838709677	0.949596774193548
"drug_2.txt"	0.707661290322581	0.743951612903226	0.381048387096774	0.534274193548387	0.94758064516129	0.891129032258065
"drug_20.txt"	0.780241935483871	0.788306451612903	0.733870967741935	0.661290322580645	0.945564516129032	0.846774193548387
"drug_200.txt"	0.889112903225806	0.881048387096774	0.951612903225806	0.711693548387097	0.280241935483871	0.179435483870968
"drug_201.txt"	0.116935483870968	0.131048387096774	0.106854838709677	0.0504032258064516	0.141129032258065	0.0262096774193548
"drug_202.txt"	0.278225806451613	0.300403225806452	0.118951612903226	0.0524193548387097	0.326612903225806	0.403225806451613
"drug_203.txt"	0.256048387096774	0.266129032258065	0.0745967741935484	0.0342741935483871	0.0866935483870968	0.0705645161290323
"drug_204.txt"	0.284274193548387	0.314516129032258	0.110887096774194	0.0745967741935484	0.0846774193548387	0.0604838709677419
"drug_205.txt"	0.0483870967741935	0.0524193548387097	0.0564516129032258	0.00806451612903226	0.0544354838709677	0.00806451612903226
"drug_206.txt"	0.100806451612903	0.149193548387097	0.0725806451612903	0.0685483870967742	0.294354838709677	0.294354838709677
"drug_207.txt"	0.0826612903225806	0.0967741935483871	0.120967741935484	0.157258064516129	0.417338709677419	0.590725806451613
"drug_208.txt"	0.0584677419354839	0.0584677419354839	0.0403225806451613	0.0241935483870968	0.209677419354839	0.167338709677419
"drug_209.txt"	0.102822580645161	0.0504032258064516	0.0443548387096774	0.0282258064516129	0.108870967741935	0.173387096774194
"drug_21.txt"	0.816532258064516	0.840725806451613	0.544354838709677	0.407258064516129	0.705645161290323	0.768145161290323
"drug_210.txt"	0.0524193548387097	0.108870967741935	0.0786290322580645	0.0766129032258065	0.284274193548387	0.362903225806452
"drug_211.txt"	0.264112903225806	0.290322580645161	0.161290322580645	0.143145161290323	0.0221774193548387	0.0221774193548387
"drug_212.txt"	0.26008064516129	0.272177419354839	0.141129032258065	0.129032258064516	0.467741935483871	0.606854838709677
"drug_213.txt"	0.0866935483870968	0.120967741935484	0.0705645161290323	0.145161290322581	0.443548387096774	0.51008064516129
"drug_214.txt"	0.0443548387096774	0.0907258064516129	0.0463709677419355	0.0141129032258065	0.030241935483871	0.110887096774194
"drug_215.txt"	0.118951612903226	0.0665322580645161	0.0584677419354839	0.0806451612903226	0.362903225806452	0.44758064516129
"drug_216.txt"	0.0786290322580645	0.211693548387097	0.0766129032258065	0.0584677419354839	0.237903225806452	0.223790322580645
"drug_217.txt"	0.411290322580645	0.419354838709677	0.139112903225806	0.147177419354839	0.0403225806451613	0.0504032258064516
"drug_218.txt"	0.0645161290322581	0.092741935483871	0.092741935483871	0.00604838709677419	0.0625	0.118951612903226
"drug_219.txt"	0.127016129032258	0.110887096774194	0.094758064516129	0.0463709677419355	0.245967741935484	0.181451612903226
"drug_22.txt"	0.653225806451613	0.620967741935484	0.826612903225806	0.707661290322581	0.794354838709677	0.967741935483871
"drug_220.txt"	0.348790322580645	0.344758064516129	0.189516129032258	0.254032258064516	0.225806451612903	0.201612903225806
"drug_221.txt"	0.0625	0.137096774193548	0.0846774193548387	0.0262096774193548	0.0887096774193548	0.0342741935483871
"drug_222.txt"	0.258064516129032	0.284274193548387	0.100806451612903	0.0362903225806452	0.0362903225806452	0.094758064516129
"drug_223.txt"	0.0725806451612903	0.143145161290323	0.0625	0.0100806451612903	0.106854838709677	0.145161290322581
"drug_224.txt"	0.395161290322581	0.42741935483871	0.268145161290323	0.131048387096774	0.0725806451612903	0.161290322580645
"drug_225.txt"	0.0806451612903226	0.118951612903226	0.11491935483871	0.229838709677419	0.473790322580645	0.284274193548387
"drug_226.txt"	0.143145161290323	0.106854838709677	0.0201612903225806	0.00403225806451613	0.0504032258064516	0.185483870967742
"drug_227.txt"	0.0383064516129032	0.0806451612903226	0.0362903225806452	0.00201612903225806	0.00403225806451613	0.0141129032258065
"drug_228.txt"	0.306451612903226	0.332661290322581	0.183467741935484	0.139112903225806	0.318548387096774	0.290322580645161
"drug_229.txt"	0.0967741935483871	0.173387096774194	0.0866935483870968	0.094758064516129	0.393145161290323	0.310483870967742
"drug_23.txt"	0.703629032258065	0.673387096774194	0.67741935483871	0.649193548387097	0.778225806451613	0.828629032258065
"drug_230.txt"	0.397177419354839	0.435483870967742	0.0907258064516129	0.0443548387096774	0.0181451612903226	0.0584677419354839
"drug_231.txt"	0.9375	0.953629032258065	0.804435483870968	0.852822580645161	0.774193548387097	0.810483870967742
"drug_232.txt"	0.75	0.909274193548387	0.594758064516129	0.608870967741935	0.919354838709677	0.875
"drug_233.txt"	0.655241935483871	0.514112903225806	0.647177419354839	0.433467741935484	0.179435483870968	0.25
"drug_234.txt"	0.808467741935484	0.754032258064516	0.61491935483871	0.766129032258065	0.695564516129032	0.709677419354839
"drug_235.txt"	0.598790322580645	0.546370967741935	0.645161290322581	0.352822580645161	0.270161290322581	0.304435483870968
"drug_236.txt"	0.985887096774194	0.973790322580645	0.766129032258065	0.925403225806452	0.955645161290323	0.973790322580645
"drug_237.txt"	0.979838709677419	0.929435483870968	0.752016129032258	0.665322580645161	0.485887096774194	0.55241935483871
"drug_238.txt"	0.92741935483871	0.92741935483871	0.792338709677419	0.854838709677419	0.520161290322581	0.564516129032258
"drug_239.txt"	0.590725806451613	0.639112903225806	0.504032258064516	0.288306451612903	0.504032258064516	0.711693548387097
"drug_24.txt"	0.556451612903226	0.522177419354839	0.538306451612903	0.439516129032258	0.657258064516129	0.516129032258065
"drug_240.txt"	0.965725806451613	0.933467741935484	0.731854838709677	0.338709677419355	0.181451612903226	0.183467741935484
"drug_241.txt"	0.604838709677419	0.637096774193548	0.665322580645161	0.449596774193548	0.528225806451613	0.834677419354839
"drug_242.txt"	0.969758064516129	0.951612903225806	0.651209677419355	0.334677419354839	0.219758064516129	0.381048387096774
"drug_243.txt"	0.925403225806452	0.935483870967742	0.671370967741935	0.743951612903226	0.641129032258065	0.570564516129032
"drug_244.txt"	0.756048387096774	0.713709677419355	0.445564516129032	0.564516129032258	0.453629032258065	0.375
"drug_245.txt"	0.963709677419355	0.98991935483871	0.80241935483871	0.840725806451613	0.661290322580645	0.689516129032258
"drug_246.txt"	0.953629032258065	0.965725806451613	0.723790322580645	0.921370967741935	0.75	0.703629032258065
"drug_247.txt"	0.981854838709677	0.993951612903226	0.73991935483871	0.897177419354839	0.673387096774194	0.693548387096774
"drug_248.txt"	0.923387096774194	0.959677419354839	0.524193548387097	0.598790322580645	0.526209677419355	0.620967741935484
"drug_249.txt"	0.949596774193548	0.943548387096774	0.643145161290323	0.745967741935484	0.620967741935484	0.457661290322581
"drug_25.txt"	0.798387096774194	0.752016129032258	0.905241935483871	0.790322580645161	0.768145161290323	0.782258064516129
"drug_250.txt"	0.558467741935484	0.493951612903226	0.278225806451613	0.493951612903226	0.647177419354839	0.897177419354839
"drug_251.txt"	0.858870967741935	0.897177419354839	0.703629032258065	0.717741935483871	0.383064516129032	0.395161290322581
"drug_252.txt"	0.945564516129032	0.971774193548387	0.602822580645161	0.8125	0.806451612903226	0.889112903225806
"drug_253.txt"	0.834677419354839	0.844758064516129	0.76008064516129	0.923387096774194	0.719758064516129	0.747983870967742
"drug_254.txt"	0.804435483870968	0.838709677419355	0.580645161290323	0.86491935483871	0.879032258064516	0.75
"drug_255.txt"	0.955645161290323	0.9375	0.754032258064516	0.943548387096774	0.731854838709677	0.663306451612903
"drug_256.txt"	0.967741935483871	0.949596774193548	0.725806451612903	0.872983870967742	0.862903225806452	0.820564516129032
"drug_257.txt"	0.691532258064516	0.745967741935484	0.467741935483871	0.770161290322581	0.796370967741935	0.729838709677419
"drug_258.txt"	0.877016129032258	0.862903225806452	0.679435483870968	0.737903225806452	0.570564516129032	0.796370967741935
"drug_259.txt"	0.977822580645161	0.991935483870968	0.852822580645161	0.88508064516129	0.824596774193548	0.667338709677419
"drug_26.txt"	0.764112903225806	0.810483870967742	0.903225806451613	0.55241935483871	0.727822580645161	0.82258064516129
"drug_260.txt"	0.695564516129032	0.689516129032258	0.457661290322581	0.870967741935484	0.536290322580645	0.431451612903226
"drug_261.txt"	0.961693548387097	0.961693548387097	0.433467741935484	0.846774193548387	0.223790322580645	0.266129032258065
"drug_262.txt"	0.55241935483871	0.590725806451613	0.356854838709677	0.774193548387097	0.532258064516129	0.338709677419355
"drug_263.txt"	0.80241935483871	0.758064516129032	0.455645161290323	0.879032258064516	0.598790322580645	0.639112903225806
"drug_264.txt"	0.536290322580645	0.467741935483871	0.334677419354839	0.639112903225806	0.457661290322581	0.534274193548387
"drug_265.txt"	0.790322580645161	0.762096774193548	0.485887096774194	0.875	0.411290322580645	0.425403225806452
"drug_266.txt"	0.421370967741935	0.423387096774194	0.243951612903226	0.544354838709677	0.328629032258065	0.354838709677419
"drug_267.txt"	0.842741935483871	0.842741935483871	0.762096774193548	0.981854838709677	0.469758064516129	0.637096774193548
"drug_268.txt"	0.866935483870968	0.879032258064516	0.713709677419355	0.987903225806452	0.953629032258065	0.959677419354839
"drug_269.txt"	0.983870967741935	0.955645161290323	0.832661290322581	0.993951612903226	0.810483870967742	0.665322580645161
"drug_27.txt"	0.820564516129032	0.806451612903226	0.883064516129032	0.725806451612903	0.868951612903226	0.975806451612903
"drug_270.txt"	0.971774193548387	0.945564516129032	0.449596774193548	0.800403225806452	0.344758064516129	0.320564516129032
"drug_271.txt"	0.592741935483871	0.536290322580645	0.324596774193548	0.756048387096774	0.622983870967742	0.326612903225806
"drug_272.txt"	0.689516129032258	0.669354838709677	0.326612903225806	0.741935483870968	0.310483870967742	0.308467741935484
"drug_273.txt"	0.580645161290323	0.570564516129032	0.290322580645161	0.610887096774194	0.455645161290323	0.538306451612903
"drug_274.txt"	0.209677419354839	0.11491935483871	0.179435483870968	0.330645161290323	0.278225806451613	0.219758064516129
"drug_275.txt"	0.588709677419355	0.55241935483871	0.270161290322581	0.469758064516129	0.324596774193548	0.221774193548387
"drug_276.txt"	0.770161290322581	0.766129032258065	0.747983870967742	0.703629032258065	0.387096774193548	0.518145161290323
"drug_277.txt"	0.516129032258065	0.451612903225806	0.23991935483871	0.532258064516129	0.491935483870968	0.528225806451613
"drug_278.txt"	0.645161290322581	0.606854838709677	0.735887096774194	0.689516129032258	0.522177419354839	0.360887096774194
"drug_279.txt"	0.544354838709677	0.532258064516129	0.227822580645161	0.487903225806452	0.290322580645161	0.274193548387097
"drug_28.txt"	0.671370967741935	0.643145161290323	0.875	0.752016129032258	0.883064516129032	0.80241935483871
"drug_280.txt"	0.741935483870968	0.784274193548387	0.566532258064516	0.508064516129032	0.32258064516129	0.350806451612903
"drug_281.txt"	0.641129032258065	0.5625	0.471774193548387	0.5	0.173387096774194	0.195564516129032
"drug_282.txt"	0.48991935483871	0.44758064516129	0.596774193548387	0.727822580645161	0.564516129032258	0.506048387096774
"drug_283.txt"	0.721774193548387	0.6875	0.254032258064516	0.409274193548387	0.282258064516129	0.264112903225806
"drug_284.txt"	0.693548387096774	0.651209677419355	0.691532258064516	0.667338709677419	0.215725806451613	0.137096774193548
"drug_285.txt"	0.699596774193548	0.516129032258065	0.816532258064516	0.899193548387097	0.844758064516129	0.715725806451613
"drug_286.txt"	0.768145161290323	0.723790322580645	0.796370967741935	0.955645161290323	0.73991935483871	0.568548387096774
"drug_287.txt"	0.872983870967742	0.866935483870968	0.814516129032258	0.98991935483871	0.838709677419355	0.852822580645161
"drug_288.txt"	0.870967741935484	0.836693548387097	0.909274193548387	0.963709677419355	0.580645161290323	0.475806451612903
"drug_289.txt"	0.88508064516129	0.901209677419355	0.949596774193548	0.991935483870968	0.67741935483871	0.497983870967742
"drug_29.txt"	0.883064516129032	0.850806451612903	0.94758064516129	0.858870967741935	0.346774193548387	0.502016129032258
"drug_290.txt"	0.104838709677419	0.133064516129032	0.518145161290323	0.100806451612903	0.161290322580645	0.122983870967742
"drug_291.txt"	0.108870967741935	0.157258064516129	0.360887096774194	0.133064516129032	0.429435483870968	0.586693548387097
"drug_292.txt"	0.522177419354839	0.483870967741935	0.627016129032258	0.25	0.189516129032258	0.270161290322581
"drug_293.txt"	0.141129032258065	0.145161290322581	0.387096774193548	0.149193548387097	0.205645161290323	0.370967741935484
"drug_294.txt"	0.377016129032258	0.356854838709677	0.431451612903226	0.203629032258065	0.0161290322580645	0.0201612903225806
"drug_295.txt"	0.163306451612903	0.147177419354839	0.477822580645161	0.324596774193548	0.256048387096774	0.243951612903226
"drug_296.txt"	0.129032258064516	0.127016129032258	0.314516129032258	0.280241935483871	0.3125	0.413306451612903
"drug_297.txt"	0.155241935483871	0.203629032258065	0.681451612903226	0.602822580645161	0.366935483870968	0.4375
"drug_298.txt"	0.0665322580645161	0.0766129032258065	0.300403225806452	0.0403225806451613	0.129032258064516	0.141129032258065
"drug_299.txt"	0.453629032258065	0.455645161290323	0.528225806451613	0.193548387096774	0.0584677419354839	0.0665322580645161
"drug_3.txt"	0.935483870967742	0.995967741935484	0.516129032258065	0.695564516129032	0.969758064516129	0.931451612903226
"drug_30.txt"	0.735887096774194	0.709677419354839	0.897177419354839	0.578629032258065	0.133064516129032	0.092741935483871
"drug_300.txt"	0.169354838709677	0.0463709677419355	0.399193548387097	0.274193548387097	0.13508064516129	0.13508064516129
"drug_301.txt"	0.122983870967742	0.159274193548387	0.336693548387097	0.185483870967742	0.163306451612903	0.3125
"drug_302.txt"	0.405241935483871	0.391129032258065	0.699596774193548	0.683467741935484	0.57258064516129	0.92741935483871
"drug_303.txt"	0.112903225806452	0.167338709677419	0.417338709677419	0.243951612903226	0.203629032258065	0.245967741935484
"drug_304.txt"	0.199596774193548	0.221774193548387	0.51008064516129	0.0987903225806452	0.0443548387096774	0.0383064516129032
"drug_305.txt"	0.235887096774194	0.151209677419355	0.554435483870968	0.310483870967742	0.0665322580645161	0.157258064516129
"drug_306.txt"	0.0846774193548387	0.122983870967742	0.32258064516129	0.0665322580645161	0.0342741935483871	0.0846774193548387
"drug_307.txt"	0.173387096774194	0.104838709677419	0.461693548387097	0.270161290322581	0.171370967741935	0.23991935483871
"drug_308.txt"	0.366935483870968	0.360887096774194	0.493951612903226	0.219758064516129	0.094758064516129	0.102822580645161
"drug_309.txt"	0.149193548387097	0.231854838709677	0.352822580645161	0.032258064516129	0.0120967741935484	0.0161290322580645
"drug_31.txt"	0.766129032258065	0.764112903225806	0.881048387096774	0.590725806451613	0.693548387096774	0.602822580645161
"drug_310.txt"	0.153225806451613	0.227822580645161	0.667338709677419	0.570564516129032	0.332661290322581	0.514112903225806
"drug_311.txt"	0.147177419354839	0.241935483870968	0.421370967741935	0.0967741935483871	0.0786290322580645	0.227822580645161
"drug_312.txt"	0.094758064516129	0.129032258064516	0.30241935483871	0.11491935483871	0.145161290322581	0.276209677419355
"drug_313.txt"	0.495967741935484	0.495967741935484	0.612903225806452	0.441532258064516	0.423387096774194	0.526209677419355
"drug_314.txt"	0.229838709677419	0.217741935483871	0.55241935483871	0.191532258064516	0.247983870967742	0.217741935483871
"drug_315.txt"	0.0907258064516129	0.0866935483870968	0.346774193548387	0.0786290322580645	0.167338709677419	0.237903225806452
"drug_316.txt"	0.151209677419355	0.175403225806452	0.358870967741935	0.268145161290323	0.127016129032258	0.11491935483871
"drug_317.txt"	0.17741935483871	0.116935483870968	0.459677419354839	0.175403225806452	0.195564516129032	0.286290322580645
"drug_318.txt"	0.175403225806452	0.25	0.48991935483871	0.237903225806452	0.0685483870967742	0.112903225806452
"drug_319.txt"	0.0887096774193548	0.161290322580645	0.403225806451613	0.453629032258065	0.23991935483871	0.282258064516129
"drug_32.txt"	0.788306451612903	0.772177419354839	0.901209677419355	0.877016129032258	0.5625	0.594758064516129
"drug_320.txt"	0.1875	0.229838709677419	0.298387096774194	0.618951612903226	0.729838709677419	0.73991935483871
"drug_321.txt"	0.542338709677419	0.51008064516129	0.375	0.796370967741935	0.997983870967742	0.945564516129032
"drug_322.txt"	0.195564516129032	0.1875	0.247983870967742	0.659274193548387	0.889112903225806	0.840725806451613
"drug_323.txt"	0.423387096774194	0.401209677419355	0.282258064516129	0.580645161290323	0.752016129032258	0.772177419354839
"drug_324.txt"	0.473790322580645	0.459677419354839	0.175403225806452	0.377016129032258	0.667338709677419	0.69758064516129
"drug_325.txt"	0.125	0.155241935483871	0.155241935483871	0.223790322580645	0.816532258064516	0.764112903225806
"drug_326.txt"	0.445564516129032	0.461693548387097	0.19758064516129	0.308467741935484	0.766129032258065	0.774193548387097
"drug_327.txt"	0.0987903225806452	0.0645161290322581	0.165322580645161	0.348790322580645	0.439516129032258	0.582661290322581
"drug_328.txt"	0.0504032258064516	0.0685483870967742	0.0887096774193548	0.151209677419355	0.514112903225806	0.455645161290323
"drug_329.txt"	0.57258064516129	0.542338709677419	0.606854838709677	0.627016129032258	0.596774193548387	0.655241935483871
"drug_33.txt"	0.794354838709677	0.774193548387097	0.872983870967742	0.685483870967742	0.608870967741935	0.784274193548387
"drug_330.txt"	0.110887096774194	0.183467741935484	0.292338709677419	0.276209677419355	0.377016129032258	0.379032258064516
"drug_331.txt"	0.63508064516129	0.576612903225806	0.395161290322581	0.227822580645161	0.092741935483871	0.0483870967741935
"drug_332.txt"	0.709677419354839	0.63508064516129	0.38508064516129	0.75	0.993951612903226	0.870967741935484
"drug_333.txt"	0.362903225806452	0.387096774193548	0.401209677419355	0.758064516129032	0.951612903225806	1
"drug_334.txt"	0.157258064516129	0.13508064516129	0.304435483870968	0.38508064516129	0.588709677419355	0.546370967741935
"drug_335.txt"	0.69758064516129	0.705645161290323	0.6875	0.907258064516129	0.957661290322581	0.9375
"drug_336.txt"	0.342741935483871	0.336693548387097	0.163306451612903	0.256048387096774	0.633064516129032	0.477822580645161
"drug_337.txt"	0.399193548387097	0.348790322580645	0.368951612903226	0.794354838709677	0.836693548387097	0.905241935483871
"drug_338.txt"	0.272177419354839	0.298387096774194	0.169354838709677	0.221774193548387	0.320564516129032	0.469758064516129
"drug_339.txt"	0.304435483870968	0.306451612903226	0.215725806451613	0.568548387096774	0.649193548387097	0.919354838709677
"drug_34.txt"	0.782258064516129	0.725806451612903	0.850806451612903	0.747983870967742	0.590725806451613	0.699596774193548
"drug_340.txt"	0.491935483870968	0.465725806451613	0.235887096774194	0.233870967741935	0.340725806451613	0.241935483870968
"drug_341.txt"	0.417338709677419	0.417338709677419	0.258064516129032	0.306451612903226	0.606854838709677	0.495967741935484
"drug_342.txt"	0.383064516129032	0.538306451612903	0.348790322580645	0.512096774193548	0.917338709677419	0.780241935483871
"drug_343.txt"	0.300403225806452	0.3125	0.36491935483871	0.213709677419355	0.449596774193548	0.449596774193548
"drug_344.txt"	0.441532258064516	0.479838709677419	0.344758064516129	0.389112903225806	0.360887096774194	0.368951612903226
"drug_345.txt"	0.554435483870968	0.534274193548387	0.26008064516129	0.481854838709677	0.338709677419355	0.229838709677419
"drug_346.txt"	0.092741935483871	0.0987903225806452	0.201612903225806	0.471774193548387	0.546370967741935	0.377016129032258
"drug_347.txt"	0.570564516129032	0.578629032258065	0.475806451612903	0.457661290322581	0.233870967741935	0.231854838709677
"drug_348.txt"	0.461693548387097	0.443548387096774	0.280241935483871	0.48991935483871	0.1875	0.0967741935483871
"drug_349.txt"	0.227822580645161	0.195564516129032	0.463709677419355	0.159274193548387	0.304435483870968	0.387096774193548
"drug_35.txt"	0.856854838709677	0.860887096774194	0.945564516129032	0.941532258064516	0.92741935483871	0.915322580645161
"drug_350.txt"	0.191532258064516	0.193548387096774	0.366935483870968	0.13508064516129	0.497983870967742	0.209677419354839
"drug_351.txt"	0.931451612903226	0.923387096774194	0.5	0.294354838709677	0.512096774193548	0.411290322580645
"drug_352.txt"	0.237903225806452	0.205645161290323	0.570564516129032	0.405241935483871	0.772177419354839	0.844758064516129
"drug_353.txt"	0.957661290322581	0.941532258064516	0.693548387096774	0.63508064516129	0.995967741935484	0.939516129032258
"drug_354.txt"	0.532258064516129	0.699596774193548	0.405241935483871	0.215725806451613	0.231854838709677	0.199596774193548
"drug_355.txt"	0.133064516129032	0.179435483870968	0.411290322580645	0.417338709677419	0.743951612903226	0.681451612903226
"drug_356.txt"	0.179435483870968	0.0826612903225806	0.272177419354839	0.169354838709677	0.542338709677419	0.372983870967742
"drug_357.txt"	0.393145161290323	0.381048387096774	0.522177419354839	0.600806451612903	0.933467741935484	0.907258064516129
"drug_358.txt"	0.425403225806452	0.586693548387097	0.465725806451613	0.574596774193548	0.985887096774194	0.935483870967742
"drug_359.txt"	0.350806451612903	0.415322580645161	0.318548387096774	0.296370967741935	0.651209677419355	0.649193548387097
"drug_36.txt"	0.643145161290323	0.655241935483871	0.798387096774194	0.693548387096774	0.403225806451613	0.596774193548387
"drug_360.txt"	0.215725806451613	0.201612903225806	0.534274193548387	0.612903225806452	0.741935483870968	0.540322580645161
"drug_361.txt"	0.504032258064516	0.403225806451613	0.685483870967742	0.735887096774194	0.929435483870968	0.836693548387097
"drug_362.txt"	0.534274193548387	0.518145161290323	0.514112903225806	0.332661290322581	0.663306451612903	0.393145161290323
"drug_363.txt"	0.685483870967742	0.653225806451613	0.546370967741935	0.82258064516129	1	0.98991935483871
"drug_364.txt"	0.459677419354839	0.409274193548387	0.673387096774194	0.431451612903226	0.465725806451613	0.524193548387097
"drug_365.txt"	0.211693548387097	0.245967741935484	0.389112903225806	0.318548387096774	0.508064516129032	0.612903225806452
"drug_366.txt"	0.622983870967742	0.641129032258065	0.453629032258065	0.566532258064516	0.846774193548387	0.824596774193548
"drug_367.txt"	0.205645161290323	0.233870967741935	0.604838709677419	0.629032258064516	0.875	0.848790322580645
"drug_368.txt"	0.201612903225806	0.243951612903226	0.497983870967742	0.395161290322581	0.893145161290323	0.981854838709677
"drug_369.txt"	0.941532258064516	0.931451612903226	0.423387096774194	0.262096774193548	0.487903225806452	0.467741935483871
"drug_37.txt"	0.586693548387097	0.554435483870968	0.879032258064516	0.701612903225806	0.578629032258065	0.604838709677419
"drug_370.txt"	0.566532258064516	0.568548387096774	0.641129032258065	0.679435483870968	0.891129032258065	0.951612903225806
"drug_371.txt"	0.159274193548387	0.171370967741935	0.370967741935484	0.443548387096774	0.671370967741935	0.608870967741935
"drug_372.txt"	0.181451612903226	0.207661290322581	0.578629032258065	0.354838709677419	0.790322580645161	0.701612903225806
"drug_373.txt"	0.379032258064516	0.548387096774194	0.342741935483871	0.155241935483871	0.5	0.429435483870968
"drug_374.txt"	0.25	0.23991935483871	0.379032258064516	0.120967741935484	0.643145161290323	0.512096774193548
"drug_375.txt"	0.485887096774194	0.411290322580645	0.592741935483871	0.290322580645161	0.830645161290323	0.707661290322581
"drug_376.txt"	0.637096774193548	0.602822580645161	0.683467741935484	0.411290322580645	0.48991935483871	0.407258064516129
"drug_377.txt"	0.219758064516129	0.0745967741935484	0.209677419354839	0.0907258064516129	0.149193548387097	0.0524193548387097
"drug_378.txt"	0.225806451612903	0.0786290322580645	0.354838709677419	0.106854838709677	0.0907258064516129	0.0544354838709677
"drug_379.txt"	0.639112903225806	0.596774193548387	0.5625	0.342741935483871	0.254032258064516	0.342741935483871
"drug_38.txt"	0.893145161290323	0.895161290322581	0.935483870967742	0.881048387096774	0.858870967741935	0.921370967741935
"drug_380.txt"	0.711693548387097	0.721774193548387	0.4375	0.518145161290323	0.61491935483871	0.754032258064516
"drug_381.txt"	0.67741935483871	0.675403225806452	0.717741935483871	0.57258064516129	0.451612903225806	0.556451612903226
"drug_382.txt"	0.512096774193548	0.574596774193548	0.407258064516129	0.245967741935484	0.401209677419355	0.491935483870968
"drug_383.txt"	0.774193548387097	0.735887096774194	0.675403225806452	0.497983870967742	0.227822580645161	0.32258064516129
"drug_384.txt"	0.189516129032258	0.0887096774193548	0.233870967741935	0.0826612903225806	0.0383064516129032	0.0645161290322581
"drug_385.txt"	0.860887096774194	0.877016129032258	0.987903225806452	0.959677419354839	0.502016129032258	0.808467741935484
"drug_386.txt"	0.161290322580645	0.163306451612903	0.193548387096774	0.181451612903226	0.413306451612903	0.280241935483871
"drug_387.txt"	0.223790322580645	0.17741935483871	0.350806451612903	0.350806451612903	0.308467741935484	0.203629032258065
"drug_388.txt"	0.606854838709677	0.631048387096774	0.310483870967742	0.207661290322581	0.112903225806452	0.100806451612903
"drug_389.txt"	0.5	0.508064516129032	0.276209677419355	0.375	0.679435483870968	0.532258064516129
"drug_39.txt"	0.806451612903226	0.820564516129032	0.915322580645161	0.961693548387097	0.921370967741935	0.957661290322581
"drug_390.txt"	0.381048387096774	0.328629032258065	0.241935483870968	0.125	0.316532258064516	0.247983870967742
"drug_391.txt"	0.733870967741935	0.679435483870968	0.526209677419355	0.0625	0.0604838709677419	0.116935483870968
"drug_392.txt"	0.94758064516129	0.925403225806452	0.556451612903226	0.554435483870968	0.19758064516129	0.340725806451613
"drug_393.txt"	0.518145161290323	0.530241935483871	0.425403225806452	0.264112903225806	0.175403225806452	0.401209677419355
"drug_394.txt"	0.754032258064516	0.737903225806452	0.618951612903226	0.340725806451613	0.183467741935484	0.193548387096774
"drug_395.txt"	0.165322580645161	0.235887096774194	0.294354838709677	0.328629032258065	0.375	0.292338709677419
"drug_396.txt"	0.324596774193548	0.304435483870968	0.391129032258065	0.235887096774194	0.118951612903226	0.171370967741935
"drug_397.txt"	0.600806451612903	0.618951612903226	0.487903225806452	0.550403225806452	0.483870967741935	0.409274193548387
"drug_398.txt"	0.193548387096774	0.139112903225806	0.252016129032258	0.153225806451613	0.379032258064516	0.42741935483871
"drug_399.txt"	0.183467741935484	0.223790322580645	0.419354838709677	0.67741935483871	0.9375	0.993951612903226
"drug_4.txt"	0.665322580645161	0.645161290322581	0.332661290322581	0.4375	0.925403225806452	0.814516129032258
"drug_40.txt"	0.792338709677419	0.76008064516129	0.887096774193548	0.834677419354839	0.4375	0.508064516129032
"drug_400.txt"	0.471774193548387	0.441532258064516	0.451612903225806	0.320564516129032	0.63508064516129	0.328629032258065
"drug_401.txt"	0.975806451612903	1	0.995967741935484	0.997983870967742	0.973790322580645	0.943548387096774
"drug_402.txt"	0.457661290322581	0.471774193548387	0.266129032258065	0.209677419354839	0.582661290322581	0.453629032258065
"drug_403.txt"	0.627016129032258	0.627016129032258	0.584677419354839	0.44758064516129	0.754032258064516	0.627016129032258
"drug_404.txt"	0.564516129032258	0.612903225806452	0.338709677419355	0.247983870967742	0.425403225806452	0.399193548387097
"drug_405.txt"	0.243951612903226	0.185483870967742	0.213709677419355	0.26008064516129	0.554435483870968	0.344758064516129
"drug_406.txt"	0.61491935483871	0.588709677419355	0.413306451612903	0.421370967741935	0.612903225806452	0.554435483870968
"drug_407.txt"	0.0604838709677419	0.032258064516129	0.00806451612903226	0.0181451612903226	0.11491935483871	0.159274193548387
"drug_408.txt"	0.0161290322580645	0.0483870967741935	0.0100806451612903	0.030241935483871	0.0262096774193548	0.0463709677419355
"drug_409.txt"	0.0564516129032258	0.0383064516129032	0.0342741935483871	0.112903225806452	0.102822580645161	0.169354838709677
"drug_41.txt"	0.830645161290323	0.824596774193548	0.929435483870968	0.776209677419355	0.639112903225806	0.487903225806452
"drug_410.txt"	0.00403225806451613	0.153225806451613	0.00403225806451613	0.0120967741935484	0.110887096774194	0.235887096774194
"drug_411.txt"	0.0181451612903226	0.0181451612903226	0.0161290322580645	0.0201612903225806	0.185483870967742	0.278225806451613
"drug_412.txt"	0.0262096774193548	0.0201612903225806	0.00604838709677419	0.403225806451613	0.764112903225806	0.883064516129032
"drug_413.txt"	0.0745967741935484	0.0625	0.0645161290322581	0.165322580645161	0.252016129032258	0.211693548387097
"drug_414.txt"	0.0100806451612903	0.0342741935483871	0.0181451612903226	0.344758064516129	0.477822580645161	0.473790322580645
"drug_415.txt"	0.0282258064516129	0.0544354838709677	0.0262096774193548	0.092741935483871	0.207661290322581	0.155241935483871
"drug_416.txt"	0.00201612903225806	0.00201612903225806	0.00201612903225806	0.0383064516129032	0.151209677419355	0.346774193548387
"drug_417.txt"	0.0120967741935484	0.0120967741935484	0.0141129032258065	0.1875	0.36491935483871	0.439516129032258
"drug_418.txt"	0.0141129032258065	0.0100806451612903	0.0282258064516129	0.104838709677419	0.38508064516129	0.205645161290323
"drug_419.txt"	0.0362903225806452	0.0443548387096774	0.0524193548387097	0.116935483870968	0.274193548387097	0.296370967741935
"drug_42.txt"	0.826612903225806	0.800403225806452	0.933467741935484	0.868951612903226	0.637096774193548	0.733870967741935
"drug_420.txt"	0.0403225806451613	0.0221774193548387	0.0685483870967742	0.0544354838709677	0.272177419354839	0.191532258064516
"drug_421.txt"	0.032258064516129	0.0564516129032258	0.108870967741935	0.0866935483870968	0.0564516129032258	0.030241935483871
"drug_422.txt"	0.00806451612903226	0.00403225806451613	0.0120967741935484	0.127016129032258	0.298387096774194	0.358870967741935
"drug_423.txt"	0.00604838709677419	0.0403225806451613	0.0483870967741935	0.108870967741935	0.17741935483871	0.30241935483871
"drug_424.txt"	0.0201612903225806	0.0141129032258065	0.0221774193548387	0.205645161290323	0.336693548387097	0.421370967741935
"drug_425.txt"	0.0766129032258065	0.00806451612903226	0.032258064516129	0.0705645161290323	0.155241935483871	0.0806451612903226
"drug_426.txt"	0.0423387096774194	0.0604838709677419	0.0383064516129032	0.415322580645161	0.306451612903226	0.300403225806452
"drug_427.txt"	0.030241935483871	0.030241935483871	0.0544354838709677	0.0846774193548387	0.0423387096774194	0.125
"drug_428.txt"	0.0342741935483871	0.0161290322580645	0.0241935483870968	0.0161290322580645	0.137096774193548	0.127016129032258
"drug_429.txt"	0.0241935483870968	0.0362903225806452	0.030241935483871	0.0604838709677419	0.235887096774194	0.463709677419355
"drug_43.txt"	0.86491935483871	0.872983870967742	0.899193548387097	0.733870967741935	0.445564516129032	0.233870967741935
"drug_430.txt"	0.0705645161290323	0.0282258064516129	0.0423387096774194	0.0423387096774194	0.0645161290322581	0.0282258064516129
"drug_431.txt"	0.0544354838709677	0.0705645161290323	0.0665322580645161	0.141129032258065	0.0483870967741935	0.0866935483870968
"drug_432.txt"	0.0463709677419355	0.0241935483870968	0.0504032258064516	0.526209677419355	0.723790322580645	0.719758064516129
"drug_433.txt"	0.0221774193548387	0.00604838709677419	0.0604838709677419	0.137096774193548	0.354838709677419	0.256048387096774
"drug_434.txt"	0.0685483870967742	0.0423387096774194	0.127016129032258	0.17741935483871	0.538306451612903	0.149193548387097
"drug_435.txt"	0.106854838709677	0.199596774193548	0.245967741935484	0.625	0.370967741935484	0.530241935483871
"drug_436.txt"	0.120967741935484	0.0262096774193548	0.207661290322581	0.189516129032258	0.139112903225806	0.108870967741935
"drug_437.txt"	0.675403225806452	0.691532258064516	0.729838709677419	0.818548387096774	0.711693548387097	0.800403225806452
"drug_438.txt"	0.629032258064516	0.622983870967742	0.625	0.606854838709677	0.165322580645161	0.215725806451613
"drug_439.txt"	0.548387096774194	0.560483870967742	0.560483870967742	0.69758064516129	0.350806451612903	0.258064516129032
"drug_44.txt"	0.838709677419355	0.816532258064516	0.953629032258065	0.901209677419355	0.820564516129032	0.879032258064516
"drug_440.txt"	0.596774193548387	0.584677419354839	0.655241935483871	0.631048387096774	0.217741935483871	0.120967741935484
"drug_441.txt"	0.663306451612903	0.659274193548387	0.629032258064516	0.719758064516129	0.157258064516129	0.0564516129032258
"drug_442.txt"	0.701612903225806	0.711693548387097	0.838709677419355	0.76008064516129	0.629032258064516	0.622983870967742
"drug_443.txt"	0.776209677419355	0.790322580645161	0.907258064516129	0.985887096774194	0.610887096774194	0.881048387096774
"drug_444.txt"	0.679435483870968	0.681451612903226	0.810483870967742	0.94758064516129	0.804435483870968	0.786290322580645
"drug_445.txt"	0.717741935483871	0.69758064516129	0.921370967741935	0.935483870967742	0.463709677419355	0.405241935483871
"drug_446.txt"	0.800403225806452	0.770161290322581	0.86491935483871	0.973790322580645	0.352822580645161	0.165322580645161
"drug_447.txt"	0.372983870967742	0.350806451612903	0.550403225806452	0.548387096774194	0.737903225806452	0.794354838709677
"drug_448.txt"	0.715725806451613	0.701612903225806	0.661290322580645	0.808467741935484	0.701612903225806	0.743951612903226
"drug_449.txt"	0.631048387096774	0.594758064516129	0.663306451612903	0.620967741935484	0.143145161290323	0.104838709677419
"drug_45.txt"	0.828629032258065	0.832661290322581	0.92741935483871	0.806451612903226	0.80241935483871	0.860887096774194
"drug_450.txt"	0.403225806451613	0.377016129032258	0.508064516129032	0.645161290322581	0.268145161290323	0.26008064516129
"drug_451.txt"	0.762096774193548	0.794354838709677	0.69758064516129	0.905241935483871	0.576612903225806	0.669354838709677
"drug_452.txt"	0.840725806451613	0.848790322580645	0.82258064516129	0.891129032258065	0.30241935483871	0.38508064516129
"drug_453.txt"	0.673387096774194	0.661290322580645	0.669354838709677	0.673387096774194	0.51008064516129	0.629032258064516
"drug_454.txt"	0.568548387096774	0.506048387096774	0.548387096774194	0.475806451612903	0.125	0.19758064516129
"drug_455.txt"	0.651209677419355	0.566532258064516	0.63508064516129	0.671370967741935	0.211693548387097	0.254032258064516
"drug_456.txt"	0.683467741935484	0.719758064516129	0.705645161290323	0.764112903225806	0.461693548387097	0.717741935483871
"drug_457.txt"	0.560483870967742	0.540322580645161	0.491935483870968	0.461693548387097	0.479838709677419	0.616935483870968
"drug_458.txt"	0.618951612903226	0.649193548387097	0.633064516129032	0.762096774193548	0.707661290322581	0.727822580645161
"drug_459.txt"	0.465725806451613	0.473790322580645	0.576612903225806	0.641129032258065	0.495967741935484	0.659274193548387
"drug_46.txt"	0.743951612903226	0.780241935483871	0.893145161290323	0.786290322580645	0.600806451612903	0.67741935483871
"drug_460.txt"	0.530241935483871	0.524193548387097	0.610887096774194	0.780241935483871	0.524193548387097	0.731854838709677
"drug_461.txt"	0.463709677419355	0.397177419354839	0.639112903225806	0.675403225806452	0.725806451612903	0.673387096774194
"drug_462.txt"	0.439516129032258	0.429435483870968	0.620967741935484	0.866935483870968	0.911290322580645	0.985887096774194
"drug_463.txt"	0.633064516129032	0.647177419354839	0.846774193548387	0.681451612903226	0.358870967741935	0.324596774193548
"drug_464.txt"	0.520161290322581	0.463709677419355	0.653225806451613	0.699596774193548	0.881048387096774	0.745967741935484
"drug_465.txt"	0.328629032258065	0.366935483870968	0.44758064516129	0.451612903225806	0.568548387096774	0.804435483870968
"drug_466.txt"	0.487903225806452	0.729838709677419	0.13508064516129	0.370967741935484	0.721774193548387	0.633064516129032
"drug_467.txt"	0.245967741935484	0.19758064516129	0.217741935483871	0.520161290322581	0.655241935483871	0.445564516129032
"drug_468.txt"	0.933467741935484	0.967741935483871	0.794354838709677	0.913306451612903	0.909274193548387	0.770161290322581
"drug_469.txt"	0.881048387096774	0.889112903225806	0.877016129032258	0.931451612903226	0.808467741935484	0.983870967741935
"drug_47.txt"	0.727822580645161	0.804435483870968	0.889112903225806	0.838709677419355	0.762096774193548	0.76008064516129
"drug_470.txt"	0.582661290322581	0.616935483870968	0.622983870967742	0.356854838709677	0.147177419354839	0.0786290322580645
"drug_471.txt"	0.784274193548387	0.778225806451613	0.8125	0.848790322580645	0.459677419354839	0.435483870967742
"drug_472.txt"	0.247983870967742	0.225806451612903	0.377016129032258	0.784274193548387	0.8125	0.5
"drug_473.txt"	0.30241935483871	0.504032258064516	0.17741935483871	0.286290322580645	0.0705645161290323	0.032258064516129
"drug_474.txt"	0.584677419354839	0.556451612903226	0.3125	0.504032258064516	0.441532258064516	0.485887096774194
"drug_475.txt"	0.252016129032258	0.252016129032258	0.25	0.314516129032258	0.159274193548387	0.0745967741935484
"drug_476.txt"	0.336693548387097	0.282258064516129	0.199596774193548	0.326612903225806	0.481854838709677	0.288306451612903
"drug_477.txt"	0.23991935483871	0.213709677419355	0.288306451612903	0.516129032258065	0.592741935483871	0.550403225806452
"drug_478.txt"	0.139112903225806	0.0846774193548387	0.0987903225806452	0.122983870967742	0.288306451612903	0.207661290322581
"drug_479.txt"	0.167338709677419	0.0725806451612903	0.171370967741935	0.272177419354839	0.25	0.0403225806451613
"drug_48.txt"	0.719758064516129	0.741935483870968	0.756048387096774	0.663306451612903	0.241935483870968	0.131048387096774
"drug_480.txt"	0.731854838709677	0.715725806451613	0.328629032258065	0.657258064516129	0.915322580645161	0.872983870967742
"drug_481.txt"	0.354838709677419	0.693548387096774	0.151209677419355	0.506048387096774	0.419354838709677	0.451612903225806
"drug_482.txt"	0.616935483870968	0.80241935483871	0.506048387096774	0.836693548387097	0.987903225806452	0.838709677419355
"drug_483.txt"	0.217741935483871	0.237903225806452	0.274193548387097	0.502016129032258	0.618951612903226	0.721774193548387
"drug_484.txt"	0.19758064516129	0.165322580645161	0.229838709677419	0.491935483870968	0.895161290322581	0.756048387096774
"drug_485.txt"	0.334677419354839	0.383064516129032	0.185483870967742	0.401209677419355	0.959677419354839	0.887096774193548
"drug_486.txt"	0.546370967741935	0.550403225806452	0.296370967741935	0.647177419354839	0.665322580645161	0.923387096774194
"drug_487.txt"	0.526209677419355	0.491935483870968	0.237903225806452	0.669354838709677	0.897177419354839	0.893145161290323
"drug_488.txt"	0.647177419354839	0.663306451612903	0.473790322580645	0.616935483870968	0.550403225806452	0.461693548387097
"drug_489.txt"	0.524193548387097	0.858870967741935	0.223790322580645	0.643145161290323	0.715725806451613	0.651209677419355
"drug_49.txt"	0.723790322580645	0.695564516129032	0.768145161290323	0.61491935483871	0.153225806451613	0.318548387096774
"drug_490.txt"	0.231854838709677	0.247983870967742	0.443548387096774	0.633064516129032	0.530241935483871	0.657258064516129
"drug_491.txt"	0.213709677419355	0.191532258064516	0.256048387096774	0.530241935483871	0.645161290322581	0.419354838709677
"drug_492.txt"	0.207661290322581	0.219758064516129	0.167338709677419	0.5625	0.88508064516129	0.850806451612903
"drug_493.txt"	0.51008064516129	0.598790322580645	0.284274193548387	0.622983870967742	0.653225806451613	0.334677419354839
"drug_494.txt"	0.233870967741935	0.094758064516129	0.221774193548387	0.163306451612903	0.431451612903226	0.0907258064516129
"drug_495.txt"	0.497983870967742	0.727822580645161	0.231854838709677	0.814516129032258	0.967741935483871	0.899193548387097
"drug_496.txt"	0.203629032258065	0.215725806451613	0.159274193548387	0.368951612903226	0.558467741935484	0.758064516129032
"drug_5.txt"	0.625	0.608870967741935	0.415322580645161	0.713709677419355	0.983870967741935	0.971774193548387
"drug_50.txt"	0.681451612903226	0.665322580645161	0.784274193548387	0.594758064516129	0.264112903225806	0.189516129032258
"drug_51.txt"	0.528225806451613	0.526209677419355	0.429435483870968	0.258064516129032	0.405241935483871	0.522177419354839
"drug_52.txt"	0.778225806451613	0.703629032258065	0.800403225806452	0.721774193548387	0.433467741935484	0.391129032258065
"drug_53.txt"	0.514112903225806	0.487903225806452	0.709677419354839	0.336693548387097	0.00806451612903226	0.0100806451612903
"drug_54.txt"	0.352822580645161	0.362903225806452	0.397177419354839	0.463709677419355	0.389112903225806	0.441532258064516
"drug_55.txt"	0.451612903225806	0.413306451612903	0.483870967741935	0.528225806451613	0.169354838709677	0.356854838709677
"drug_56.txt"	0.475806451612903	0.48991935483871	0.721774193548387	0.637096774193548	0.356854838709677	0.389112903225806
"drug_57.txt"	0.506048387096774	0.520161290322581	0.737903225806452	0.42741935483871	0.26008064516129	0.252016129032258
"drug_58.txt"	0.550403225806452	0.57258064516129	0.439516129032258	0.266129032258065	0.415322580645161	0.5625
"drug_59.txt"	0.481854838709677	0.5	0.362903225806452	0.102822580645161	0.266129032258065	0.225806451612903
"drug_6.txt"	0.939516129032258	0.94758064516129	0.409274193548387	0.495967741935484	0.872983870967742	0.903225806451613
"drug_60.txt"	0.391129032258065	0.445564516129032	0.536290322580645	0.546370967741935	0.296370967741935	0.348790322580645
"drug_61.txt"	0.435483870967742	0.433467741935484	0.372983870967742	0.171370967741935	0.262096774193548	0.143145161290323
"drug_62.txt"	0.4375	0.485887096774194	0.306451612903226	0.110887096774194	0.122983870967742	0.1875
"drug_63.txt"	0.375	0.358870967741935	0.42741935483871	0.195564516129032	0.0987903225806452	0.163306451612903
"drug_64.txt"	0.419354838709677	0.425403225806452	0.502016129032258	0.372983870967742	0.104838709677419	0.0423387096774194
"drug_65.txt"	0.340725806451613	0.368951612903226	0.262096774193548	0.0483870967741935	0.0967741935483871	0.0120967741935484
"drug_66.txt"	0.11491935483871	0.100806451612903	0.225806451612903	0.0221774193548387	0.00604838709677419	0.00403225806451613
"drug_67.txt"	0.44758064516129	0.405241935483871	0.540322580645161	0.419354838709677	0.372983870967742	0.504032258064516
"drug_68.txt"	0.314516129032258	0.338709677419355	0.383064516129032	0.483870967741935	0.300403225806452	0.0887096774193548
"drug_69.txt"	0.649193548387097	0.61491935483871	0.778225806451613	0.653225806451613	0.314516129032258	0.0443548387096774
"drug_7.txt"	0.818548387096774	0.8125	0.520161290322581	0.709677419354839	0.977822580645161	0.925403225806452
"drug_70.txt"	0.574596774193548	0.558467741935484	0.481854838709677	0.479838709677419	0.659274193548387	0.725806451612903
"drug_71.txt"	0.185483870967742	0.141129032258065	0.393145161290323	0.183467741935484	0.391129032258065	0.415322580645161
"drug_72.txt"	0.241935483870968	0.209677419354839	0.435483870967742	0.435483870967742	0.602822580645161	0.61491935483871
"drug_73.txt"	0.221774193548387	0.189516129032258	0.320564516129032	0.278225806451613	0.516129032258065	0.433467741935484
"drug_74.txt"	0.479838709677419	0.475806451612903	0.616935483870968	0.715725806451613	0.586693548387097	0.536290322580645
"drug_75.txt"	0.409274193548387	0.389112903225806	0.340725806451613	0.282258064516129	0.0745967741935484	0.106854838709677
"drug_76.txt"	0.171370967741935	0.102822580645161	0.441532258064516	0.459677419354839	0.42741935483871	0.580645161290323
"drug_77.txt"	0.145161290322581	0.112903225806452	0.568548387096774	0.467741935483871	0.330645161290323	0.316532258064516
"drug_78.txt"	0.608870967741935	0.604838709677419	0.743951612903226	0.560483870967742	0.191532258064516	0.213709677419355
"drug_79.txt"	0.576612903225806	0.528225806451613	0.824596774193548	0.820564516129032	0.201612903225806	0.17741935483871
"drug_8.txt"	0.929435483870968	0.939516129032258	0.330645161290323	0.536290322580645	0.840725806451613	0.895161290322581
"drug_80.txt"	0.415322580645161	0.407258064516129	0.586693548387097	0.23991935483871	0.0766129032258065	0.0362903225806452
"drug_81.txt"	0.758064516129032	0.75	0.780241935483871	0.705645161290323	0.604838709677419	0.560483870967742
"drug_82.txt"	0.852822580645161	0.834677419354839	0.848790322580645	0.826612903225806	0.792338709677419	0.911290322580645
"drug_83.txt"	0.747983870967742	0.756048387096774	0.856854838709677	0.768145161290323	0.675403225806452	0.830645161290323
"drug_84.txt"	0.612903225806452	0.625	0.782258064516129	0.778225806451613	0.493951612903226	0.713709677419355
"drug_85.txt"	0.737903225806452	0.73991935483871	0.840725806451613	0.967741935483871	0.961693548387097	0.977822580645161
"drug_86.txt"	0.657258064516129	0.629032258064516	0.834677419354839	0.832661290322581	0.905241935483871	0.913306451612903
"drug_87.txt"	0.705645161290323	0.657258064516129	0.764112903225806	0.729838709677419	0.963709677419355	0.965725806451613
"drug_88.txt"	0.620967741935484	0.600806451612903	0.919354838709677	0.983870967741935	0.991935483870968	0.987903225806452
"drug_89.txt"	0.862903225806452	0.854838709677419	0.925403225806452	0.969758064516129	0.931451612903226	0.816532258064516
"drug_9.txt"	0.951612903225806	0.957661290322581	0.264112903225806	0.379032258064516	0.780241935483871	0.752016129032258
"drug_90.txt"	0.502016129032258	0.481854838709677	0.790322580645161	0.842741935483871	0.471774193548387	0.576612903225806
"drug_91.txt"	0.745967741935484	0.733870967741935	0.836693548387097	0.883064516129032	0.798387096774194	0.877016129032258
"drug_92.txt"	0.814516129032258	0.798387096774194	0.818548387096774	0.691532258064516	0.540322580645161	0.520161290322581
"drug_93.txt"	0.850806451612903	0.852822580645161	0.891129032258065	0.73991935483871	0.631048387096774	0.868951612903226
"drug_94.txt"	0.661290322580645	0.667338709677419	0.828629032258065	0.860887096774194	0.745967741935484	0.901209677419355
"drug_95.txt"	0.846774193548387	0.82258064516129	0.854838709677419	0.911290322580645	0.903225806451613	0.776209677419355
"drug_96.txt"	0.433467741935484	0.497983870967742	0.776209677419355	0.830645161290323	0.939516129032258	0.963709677419355
"drug_97.txt"	0.610887096774194	0.582661290322581	0.659274193548387	0.473790322580645	0.770161290322581	0.991935483870968
"drug_98.txt"	0.887096774193548	0.868951612903226	0.858870967741935	0.804435483870968	0.756048387096774	0.792338709677419
"drug_99.txt"	0.659274193548387	0.683467741935484	0.772177419354839	0.824596774193548	0.784274193548387	0.8125
