	SScmap	SSfisher	SSlincs	SSlincs_Norm	SSpearson_corr	SSspearman_corr	SSzhang	SSzhang_Norm
drug_1.txt	-0.0547789426970654	0.6187951607004576	0.18728537280295668	0.26212996297847063	0.06484106298528734	0.029034804935634373	157.54782608695652	0.5441784386979928

drug_10.txt	-0.14030066012093	0.28030329070715554	0.22221242541377906	0.6152542930482733	0.0453875321541027	0.10210227238723871	176.42815734989648	0.8918045040654585

drug_100.txt	0.0262717035557775	-1.0745457715361915	-0.19145712862063055	-0.2288003174963591	0.18097616911228293	0.05183382067337226	105.71884057971015	-0.6989196934099222

drug_101.txt	-0.140178620957453	-0.5642645639895808	-0.0909813373952307	-0.062484715929718715	0.20518704313145542	0.09078445068821421	146.38550724637682	0.11710604113901436

drug_102.txt	-1.63839241138293	-1.0348615399857293	-0.06471172489809157	-0.012589659355195182	0.17961860119020007	0.07872670542454666	59.33623188405797	-2.2576015897915607

drug_103.txt	-1.78627059410884	-0.7694271510177032	-0.0507414049577386	0.006888876105051789	0.16792864240298078	0.021168207802974782	162.8463768115942	0.35736666940261486

drug_104.txt	-1.77184223664503	-0.8693242245637194	-0.07765633982307243	-0.06186808519201126	0.1460507474784099	0.062462336688747136	109.06418219461698	-1.0196113228602435

drug_105.txt	0.00909746491374042	-1.28644651180088	-0.027853737327677153	0.028732842182229268	0.22872937116420905	0.0790560293143077	166.07453416149067	1.2062420323297454

drug_106.txt	-1.80339490763854	-0.8298582745201556	-0.08948930389038698	-0.10110629856482367	0.18575028618395625	0.15302723610564764	95.12463768115941	-1.905052403945144

drug_107.txt	-0.14307427747268	-0.8579792145927063	-0.07825199412747849	-0.052741003440434364	0.24176720288240225	0.22074050736664744	185.17060041407868	1.5016259450778136

drug_108.txt	-0.146019859100239	0.901660254123339	-0.021689950523313517	0.048184084407137284	0.2779290787163645	0.25652501435221203	169.09233954451346	1.6428943135604401

drug_109.txt	-0.148166638930493	-0.8559944275284904	-0.07835252430256659	-0.07251484278153597	0.24082116469722822	0.23490156436638096	180.30683229813664	1.0653133508842116

drug_11.txt	1.78583236256726	0.41407864934336563	0.5571546712371224	1.0969880595443757	0.25814517000305365	0.25976313802183304	138.70020703933747	-0.21991190769739857

drug_110.txt	-0.0489654407277973	-1.1467190005859051	-0.030837512124118005	-0.0025775564811558738	0.12028140188631768	0.13337143676864927	151.10351966873705	0.8289905501668244

drug_111.txt	-0.0282964442225552	-1.4719003627902811	-0.026096388093394207	0.020100781942915535	0.17199138096300912	0.16507446972712145	168.0062111801242	0.8948570048385089

drug_112.txt	-0.0731291950962445	-1.0846677184477616	-0.04491730684268705	0.010785516329917644	0.1364801579880375	0.20247343701592496	164.53540372670807	1.7072248523167701

drug_113.txt	0.0765962167859322	-0.9268724028298492	-0.10231262192100801	-0.09635574707489514	0.05291820195739312	0.0584316963593857	187.40703933747412	1.2757036798267485

drug_114.txt	0.0584234758972652	-0.9967163160986097	-0.05897235399656231	-0.012887237866347767	0.14569144864853334	0.21567739552201828	216.4608695652174	2.2764775237734987

drug_115.txt	-0.252410273478671	-1.2874207465888328	-0.027217589811108556	0.018201522154931427	0.09612486995160316	0.08559495447847981	173.42939958592132	1.235549839338169

drug_116.txt	-0.0286459200088756	-0.6915072163047749	-0.07345585529090978	-0.05593857093991467	0.08812814049909294	0.12392938106298285	118.49772256728778	-0.2850647504190778

drug_117.txt	-1.87029455816276	0.9487842724079294	-0.06040772957337795	-0.02241079329216694	0.12801442413054578	0.14249132971850198	99.77060041407867	-0.4455693760472958

drug_118.txt	-0.00607976923503639	0.8809279230523024	-0.09185927939697747	-0.09466234609342478	0.04889865584716867	-0.010580676847031623	82.3913043478261	-1.949527800136729

drug_119.txt	-0.117412769734287	-0.79069077955659	-0.03559846161374758	0.0337059734790921	0.12816892812812034	0.1040831717631814	55.66583850931677	-1.631301635237997

drug_12.txt	0.0364841626449215	0.3686447879540108	0.5259200945712392	1.2817312504400282	0.24743717399215254	0.3401712377557873	69.5151138716356	-0.8379707790002204

drug_120.txt	-1.83729405891163	0.7348165650011516	-0.01631807987257128	0.020927358214885228	0.10405446142879596	0.06423282619011669	72.33126293995859	-1.9234576681614328

drug_121.txt	-0.100038830642925	-1.161579635565452	-0.02187549849737591	0.030249891708239274	0.1340732781651908	0.17992147296171473	52.40745341614907	-2.192967617421373

drug_122.txt	-1.7722638264825	0.7898439827159034	-0.05025183455242002	-0.02214398782209609	0.042296720545440564	-0.11264098188562728	61.37267080745342	-2.5560476348086287

drug_123.txt	-0.0517612470183614	-0.8731022681913102	-0.0006241721412546808	0.08631747544176305	0.06591807760582762	-0.04693573604807799	87.99047619047619	-0.8356412909734767

drug_124.txt	-0.153558551062295	-0.7068527376072602	-0.03063244486179706	-0.019860530196201653	0.04950594309195908	-0.13384737107498812	66.13871635610766	-2.013109963344574

drug_125.txt	-1.76377655738614	-0.7252119165776021	-0.021599341344403222	0.04405045486278797	0.045182708904130855	-0.12927107966788376	76.31884057971014	-3.683690876140462

drug_126.txt	-1.6291562656016	0.5900643879523443	-0.00841348162881947	0.04234688479943216	0.02114292885531817	-0.11772273010272619	44.17018633540373	-2.515262293994686

drug_127.txt	-0.167687357852111	-0.6908546079354377	-0.08899617959319323	-0.07653345779095871	-0.01636204485490089	-0.17881961824456483	77.96604554865425	-1.6887757796595622

drug_128.txt	-0.044572030842625	0.7896730979765647	-0.03693355384596975	0.030541917136562624	0.09782627041720084	0.056929065104378146	113.34782608695652	-1.3673932247168485

drug_129.txt	-0.189354856603983	-1.2195478785362992	-0.02471056683800482	0.05520744368850056	0.1289750665441426	0.08132985088705857	136.75983436853002	-0.5205386015997796

drug_13.txt	0.0459311033449826	0.3704147463922146	0.5435977044931668	1.1444312128020193	0.2845511217233396	0.430475722546962	83.10517598343685	-2.0002019666919435

drug_130.txt	-0.125650413268985	-0.6855349781218842	-0.031971800607051404	0.03705839243407255	0.09351465335614742	-0.08804703918689888	90.03685300207039	-1.3017559495478879

drug_131.txt	-0.152759749264991	-0.862533831101151	-0.11062868625407879	-0.1080056793503878	0.05279238449288641	0.02277350584523327	151.75072463768117	0.7575282852246945

drug_132.txt	-0.187008376324402	-1.0111099618603359	-0.05215657892667566	-0.04009889981560655	0.05539925215560482	-0.13543992048466044	113.2935817805383	-0.4814227003946617

drug_133.txt	-0.0286958451212072	-1.0254785531552688	-0.055618963026881185	-0.015491801746787326	0.08650012771973614	0.04927705394826024	114.54658385093168	-0.8217264740249807

drug_134.txt	0.0865812392522328	-0.7584820484043912	-0.0533819346140057	0.01810809999294899	0.07865534146038611	0.017518043506395464	58.262939958592135	-1.769922972756389

drug_135.txt	0.0257724524324624	-1.1132798647940652	-0.023491476550686563	0.03143009023356824	0.09330420034802271	-0.07483083080998808	148.70766045548655	0.24621357782639092

drug_136.txt	-1.75416874687968	-0.7654085509674752	-0.05611438989944681	-0.01119905757309142	0.020877980126211126	-0.1504726015269895	117.13126293995859	-1.3334685122038386

drug_137.txt	-1.89785322016975	-0.7859781944242399	-0.055565905385288744	-0.05272183914815226	0.031336837439502864	-0.10260892304062097	59.403312629399586	-3.7118821056446505

drug_138.txt	-1.89580629056415	0.8931147331117364	-0.029764798140456933	0.04296634519898418	0.060506185226631544	0.003734253788197152	65.65383022774327	-4.333173786558483

drug_139.txt	-0.0954457203084262	0.47773690272326375	-0.024025023570808712	0.06092088708180998	0.08281374688057101	0.0302767439494024	109.3879917184265	-0.8357997271813259

drug_14.txt	1.87325123425972	0.44389224150416784	0.4932921819986783	1.1287453567041925	0.14627276531956188	0.10169495280352542	143.82525879917185	-1.131824937805069

drug_140.txt	-1.83225162256615	-0.7882214496044249	-0.09287824506085521	-0.0820019823464852	0.008083876015380147	0.010104729445608054	112.96687370600414	-1.2694251258324483

drug_141.txt	-1.90274588117823	-1.1373723176369828	-0.03890039796902495	-0.006822456941527277	0.10293053801390786	-0.042247934811509895	99.66045548654245	-1.3616204994053593

drug_142.txt	-1.75183336106951	-1.0586619639476866	-0.5092280179751744	-1.050058443627707	-0.20987933617458204	-0.20450539480672075	98.1871635610766	-1.204895295151051

drug_143.txt	-1.86072003106451	-1.0718754881109311	-0.5338453966084484	-1.1083625203434806	-0.20086611502672255	-0.07760621579785616	58.91552795031056	-2.1946932585271672

drug_144.txt	-1.88148887779442	-1.1695556519493904	-0.4927074701748234	-0.9764812672305405	-0.16622001375120107	-0.031155780064832772	99.30600414078675	0.059535970646349134

drug_145.txt	-1.87340100959672	-1.0748914972787649	-0.5412519373812221	-1.127771345855359	-0.2173978907640633	-0.24674755745907734	117.72215320910973	-0.1697681207431683

drug_146.txt	-1.83675597714539	-0.9631282129243857	-0.5967531968514974	-1.1943639976272566	-0.14688276483749205	-0.008409200961413817	136.78923395445133	-0.025087775854588625

drug_147.txt	-1.92682087979142	-1.3309416231985283	-0.5068205488417552	-1.1589555909891134	-0.13121524671512363	-0.11776537520310391	132.08778467908903	-0.09747636811249091

drug_148.txt	-1.8882786930715	-0.8498659228242749	-0.4430591840025927	-0.9490149613195068	-0.28681199112373074	-0.2991593767072151	136.31345755693582	-0.022893937356067862

drug_149.txt	-1.7621179342098	-1.191685448171361	-0.5635413606026978	-1.155773282060606	-0.1789390329614729	-0.08345443137791465	177.74989648033127	1.7348263304763714

drug_15.txt	0.000737782215565641	0.19872443045392282	0.5277205503094557	1.3789825918161749	0.16994436403329097	0.166584450735872	160.61242236024844	0.4311233513146134

drug_150.txt	-0.00944694070006102	0.7976789117954907	-0.45871018715006784	-1.020454970282598	-0.1744257239615688	-0.10527181756803612	139.15403726708075	0.26597857888898996

drug_151.txt	-1.83610695068508	-1.2314021085035054	-0.42479431084487007	-0.8132972395945882	-0.10048673908151924	-0.11694197035975228	172.88198757763976	1.4038840863245283

drug_152.txt	-1.69751483885283	-1.1627294231358016	-0.3846940046873403	-1.050112622067253	-0.09151406941994113	0.03988120220468896	31.191304347826087	-2.783496133777467

drug_153.txt	-1.88767959172353	-0.6355967891720944	-0.48221258863397326	-1.1073999909788759	-0.13778842100205774	-0.12675439443135272	127.86045548654245	0.12308157641214365

drug_154.txt	-1.84163754368447	-1.073205298001712	-0.5216320265861828	-1.108313101003043	-0.22922819171541375	-0.106540920006782	39.519668737060044	-2.764863172904203

drug_155.txt	-1.69392023076496	-1.1347067557200206	-0.450626740141946	-1.0919953978363237	-0.09369764974652035	-0.136895194052385	108.3983436853002	-1.1641092263956265

drug_156.txt	-1.82657125422977	-0.8309947299864748	-0.3485261840928171	-0.860473061696967	-0.015305743978214869	-0.06735495913136282	97.14409937888199	-0.10807098362815065

drug_157.txt	-1.87060520330615	-1.382895445181564	-0.5392957863753264	-1.113428623481878	-0.20110455352373438	-0.2417032325186089	137.52091097308488	0.44388421138717704

drug_158.txt	-1.88538303655628	-1.2658899689330103	-0.49929231274804015	-1.1573735046413887	-0.3011017547569479	-0.28194446327665945	130.76894409937887	0.07538607394945455

drug_159.txt	-1.80270705053531	-0.7955369903679431	-0.5128607928394008	-1.4083353567713623	-0.16770578591146418	-0.20392051348259668	121.83146997929606	-0.08288995502403836

drug_16.txt	0.0160647917013369	0.36095447491871213	0.538460345994853	1.234241242359197	0.08060224958989605	0.037339104064872876	116.83561076604555	-0.8177608553770856

drug_160.txt	0.00932490153658405	-0.6447390030455284	-0.5598940964649088	-1.2496416844359293	-0.21360302902319703	-0.2035084589924003	144.14202898550724	0.19101308953963642

drug_161.txt	0.00273478670882565	-0.646692916749304	-0.4472440929516912	-0.9516195610692432	-0.041132347143246095	-0.01410612517464512	88.74368530020703	-1.7490730439343498

drug_162.txt	-1.91224274699063	-0.7673179900505807	-0.4486224796415033	-1.1088140762667564	-0.2005799728091633	-0.18447595824250923	111.08530020703934	-0.4339662564597102

drug_163.txt	-1.78438453430965	-0.9736904537826073	-0.42275185774609836	-0.8738485335358102	-0.19633676483987397	-0.20445866460141573	108.6351966873706	-0.375077320365492

drug_164.txt	-1.84055028568259	-1.086920626662689	-0.3914716622592818	-0.8599977264669892	-0.14521595215430083	-0.2755344464045603	103.75403726708075	-0.20877119540448258

drug_165.txt	-1.71164364564265	-0.8338065582854977	-0.4713851947594653	-1.0097238883305877	-0.16364127283581018	-0.327099650635643	129.1784679089027	-0.2681441709165738

drug_166.txt	-0.037754479392023	-0.990765008178169	-0.49073758814825597	-1.1130246440281426	-0.181741336478284	-0.19492006214168398	83.13002070393375	-2.15444423395124

drug_167.txt	-1.83620680090975	-1.014725102438077	-0.4653830261417309	-0.9838250042879269	-0.041076964192598035	-0.14960256386556356	86.22070393374742	-0.8540612689596089

drug_168.txt	0.0303045431852222	-1.1303723041934552	-0.3560319023269043	-0.8671233580016685	-0.030138892554586395	0.14321213467632254	38.9184265010352	-2.2509349471543145

drug_169.txt	-1.92477395018583	0.9339117742187688	-0.4639619989275641	-1.1106208352422562	-0.15898320401713	-0.2224415353256092	85.4024844720497	-0.43591432185563395

drug_17.txt	-0.113440949686581	0.8658069514603008	0.4344361848675916	0.7170152049333847	0.11191976157009992	0.1556604277250765	198.5329192546584	1.0442919461764275

drug_170.txt	-1.88698064015088	-0.8703014829274385	-0.5139164252507582	-0.9704642826830947	-0.08049842542256903	-0.07144423501666115	112.90683229813665	-0.4021580120797597

drug_171.txt	1.67569756476397	-0.9068524927953034	0.00840263552070522	0.08706373284482599	0.19818101893897455	0.0215435389390576	83.78757763975155	-1.15992389122101

drug_172.txt	-0.0367837133189105	0.9492161793772536	-0.14475255388574715	-0.18721100819534225	0.09824310078342002	-0.008266584194389954	165.4136645962733	0.5538828088538909

drug_173.txt	0.00610195817385029	-1.2305263378477416	-0.10638846359367671	-0.13359284885727923	0.13995960017231368	0.046342807653618937	105.53374741200828	-1.0195226753315296

drug_174.txt	-0.0650413268985411	0.9961737515584502	-0.012141660567067558	0.06251647340069433	0.21430612228272836	0.0762985097230461	121.40289855072464	-0.3744991513826694

drug_175.txt	-0.0558162755866201	-0.8731018309131681	-0.09901155001675752	-0.09611989034505425	0.13172752689488287	0.011851209199036926	74.47494824016563	-0.8431840372487778

drug_176.txt	1.70600210794919	0.8712550304618181	-0.10522073179088515	-0.09424638766394355	0.08880181451519246	0.06354495788780964	112.30973084886128	0.7546056447604471

drug_177.txt	-0.111271980917513	1.0007835784324597	-0.09591095642265415	-0.09853364147803867	0.22140049517773952	0.2072056843629224	26.177639751552796	-2.33717972724749

drug_178.txt	1.67969157375049	0.901433732155801	-0.14963876256989492	-0.1601718032951155	0.19387995728714205	0.2139925778827921	124.40331262939958	0.29224503687571757

drug_179.txt	-0.0715315915016365	0.7885776780618666	-0.0385194566806408	0.015565201474684487	0.11924726134359252	-0.025402588725681415	77.52339544513458	-2.2095420276079567

drug_18.txt	-0.0847839352082986	0.34437182088941826	0.5050221622943862	1.0473718028504395	0.13465539652969644	0.2570217662761279	107.55652173913043	-0.29882028406369915

drug_180.txt	-0.0715315915016365	-1.6616301471162145	-0.13686732440884425	-0.12633836275751753	0.21991600329255034	0.22441696634473482	128.2041407867495	-0.024203640062715005

drug_181.txt	0.0738004104953681	-1.5145323511659181	-0.05124630788715703	-0.00762664729099416	0.19164760302967243	0.21869870308963513	161.09316770186336	1.1869718408529746

drug_182.txt	0.0473401009596716	-1.0723404072349545	-0.01986546098493397	0.08498331100493806	0.1853071574354863	0.15047558437229702	149.78592132505176	1.1789291531610293

drug_183.txt	-0.0196593997892051	-1.7339016081628373	-0.04571967304175065	-0.01450005141618177	0.21312000270265452	0.15360427840676616	140.59503105590062	0.10950886838811175

drug_184.txt	-0.218660897542575	-0.9249372290572035	-0.03674335431486203	0.0040604096089867925	0.10826628428838797	0.07041227687699408	111.07453416149069	-0.5765676058215979

drug_185.txt	-0.161546569035336	-1.530662743401232	-0.02734880006443602	-0.0014302185976582948	0.220228787554439	0.12020965852692866	143.28737060041408	-0.07657917748195188

drug_186.txt	1.67065512841848	0.8990965072352464	-0.09879860779472852	-0.08961242484677517	0.129318257486619	0.20995660741503688	115.52836438923396	-0.5611547669112719

drug_187.txt	-0.171781217063294	-1.652649218504176	-0.08816513502600323	-0.057028565381124885	0.26495096464532175	0.22855014492789102	181.15486542443065	1.6072612880116395

drug_188.txt	-1.83315027458812	0.8778123263971128	-0.10668834290074933	-0.12589253215562152	0.1400186260142191	0.21661376813795272	57.39585921325052	-4.104157088382766

drug_189.txt	0.124624174848838	-1.5208313705822312	-0.025990058950316475	0.02808501741254893	0.109306708774108	-0.06009513493526593	135.7888198757764	-0.0024081144394082

drug_19.txt	1.42587230265713	0.6955198953053809	0.39760555361523875	0.8858793396569493	0.17444081054639732	0.08958610475133601	182.9159420289855	1.1847746030494077

drug_190.txt	-0.0233538581017364	0.7950758701415522	-0.02226301602673575	-0.004890837048296848	0.23934097045580638	0.32107998255909304	71.2935817805383	-1.5360790340211916

drug_191.txt	-0.0513119210073779	0.8723432482117148	-0.015105692938287563	-0.11668656473896666	0.19013128805023286	0.18896094667353322	40.18012422360248	-1.400366649482104

drug_192.txt	-0.158551062295446	0.8032225907556274	-0.06425785954425214	-0.0748934360488453	0.16403862391099766	0.27957952999050284	38.91552795031056	-2.102421214352084

drug_193.txt	-0.0427248016863594	-1.2106533145324074	-0.1060891565131033	-0.11998188758673378	0.17321857506041427	0.2662791157997994	97.23188405797102	-0.9705027025551366

drug_194.txt	-0.0641426748765741	0.738071954267364	-0.03781436005337127	0.00316388616797153	0.2172701813850195	0.28205146337584486	48.68405797101449	-1.3314153499091543

drug_195.txt	0.0348088977644644	-0.7950115262624726	-0.060450946609015926	-0.02656570537009345	0.16116376244534605	0.016148657915605966	141.71552795031056	-0.3420955358029809

drug_196.txt	-0.204182614966439	-1.1404435298514843	-0.08513232252557179	-0.06956335582861811	0.18556793920200598	0.23683262246247527	62.96604554865424	-1.5041470294563517

drug_197.txt	-0.212070782714817	0.959887614698944	-0.07973883741418714	-0.054737748146982124	0.12147217039225003	0.12674209837858935	144.89979296066252	0.3692537922960318

drug_198.txt	-0.109724302435236	-0.7381558347592578	-0.07825032765554826	-0.07409967912911114	0.20938788494316257	0.09486193500367854	137.41863354037267	-0.3908282334285734

drug_199.txt	0.0694569257225273	0.5808082835495232	-0.06453541241080221	-0.061110752060416884	0.12235245441761519	0.08505935216929031	113.99668737060041	-0.9596112627877627

drug_2.txt	-0.0230764963665612	0.6497790550046857	0.3382085612737595	0.8581064486726235	0.03644624867493278	0.018887250313923368	199.2033126293996	1.8219735383527687

drug_20.txt	-0.267859322127919	0.7031434681030533	0.34421945067153914	0.879188525930749	0.029840780184981944	0.05953776828365627	198.47619047619048	1.276431585418001

drug_200.txt	-1.80758861707439	-1.3146648427486407	-0.08545493113773417	-0.06183178115425536	0.14945971061103933	0.04447861230255834	62.32215320910973	-1.8923239331014623

drug_201.txt	-1.7583236256726	-1.0977555986006322	-0.06994655743864026	-0.07287081618385732	-0.036363349187517595	0.013570366089020678	26.29399585921325	-3.619594487457535

drug_202.txt	-1.93664503245132	0.7176195749181906	-0.0659026697742778	-0.06036157031165362	0.16016448727690807	0.19034393317292994	36.3296066252588	-2.933490607139205

drug_203.txt	-1.83394907638542	0.9880500376328978	-0.03801029346570067	0.01033292276687231	0.04071621810750668	0.16262046000630606	51.7871635610766	-1.8461290080523693

drug_204.txt	-0.0136905752482388	0.7694753056612545	-0.019903899524949004	0.005542093308800011	0.011762061746542566	0.20414073623402806	58.041407867494826	-1.766605164516935

drug_205.txt	-1.8847839352083	0.7487147024590277	-0.009377996395163485	0.04598828661060683	-0.011420391514806831	0.0682340234236986	48.45962732919255	-2.0193028391085712

drug_206.txt	-0.0546569035335885	0.6735787411390162	-0.0512001186775104	-0.03732283326610086	0.17335548326638822	0.21737593203272085	89.8120082815735	-0.8623756602724111

drug_207.txt	1.75363066511344	0.9792689574883295	-0.018820212513184886	0.054848405081966034	0.22343859437037017	0.28487841942400244	77.21449275362319	-1.6235624603740844

drug_208.txt	-1.86316636156876	0.7365921890364091	-0.045935544500659925	-0.022949639163449997	0.02149689846785743	0.05278032473888881	61.018219461697726	-1.529556133390955

drug_209.txt	-0.0670383313918012	1.1271282864710597	-0.02916417526608206	0.020919771495262918	0.1322246977543454	0.24120571828870563	40.24265010351967	-3.6656406561147965

drug_21.txt	-0.216086980640151	0.7278095508735517	0.38012042984988603	1.024053861727571	0.06430260798516321	0.06874362323775987	183.45093167701864	0.8088745503617425

drug_210.txt	-0.0149664392300438	0.7071117709236225	0.0332960865387503	0.1450721720827055	0.19856602399696432	0.28518671155828873	82.048033126294	-1.3042737023247113

drug_211.txt	-1.91723525822378	0.9923415543846661	-0.05029825601633048	-0.016450657838516236	0.02807501016121649	0.12904295611836433	55.44844720496894	-2.2336522956047715

drug_212.txt	-0.0369057524823875	0.9084821043323443	0.002819798886556396	0.1032512203428213	0.02587450895995426	0.13979653579489468	36.52629399585921	-4.316566740943647

drug_213.txt	1.69771453930216	0.7120289466043355	-0.04614664927855039	-0.009366749050202794	0.02977117795907591	0.04835585975656425	75.0455486542443	-2.31141751379707

drug_214.txt	0.0318022965551673	0.6278749385032627	-0.018529061757610155	0.023697721934191784	0.11541641515279583	0.11508890630000945	82.68447204968945	-1.6676290313559643

drug_215.txt	-1.85406889665502	1.1333154499837554	-0.4066150731390019	-1.0151511350616687	-0.02057157087070234	0.14664042493499702	20.061283643892338	-5.090396153602648

drug_216.txt	-1.77428856714928	1.0725519003272386	-0.055542228022246704	-0.038793724350469794	0.07568028930497124	0.12432341061775343	80.27246376811594	-1.881119155454505

drug_217.txt	1.74514339601709	1.0120348295955797	-0.04625222347775537	-0.026426675958367507	0.1177192252930403	0.040160960534949476	66.09399585921325	-1.6673083635074266

drug_218.txt	-1.82092971653631	-1.554591629977134	-0.06685041975112904	-0.025180558642457718	-0.003337699934346469	0.08884505113704845	100.38426501035197	-1.8591400391186164

drug_219.txt	1.84504354579242	1.0130957836058314	-0.019535818047127118	0.07223388620047938	0.19735611770826117	0.1103877767709267	37.92587991718427	-1.93941402310474

drug_22.txt	1.38598213790425	0.7035577775504371	0.30419001440726445	0.8522590345532326	0.2542145656211587	0.13664248377239924	179.90766045548654	0.22433673235881332

drug_220.txt	-1.91548787929217	-1.3597199096715527	-0.034240914884067886	0.008657037690049219	0.014080810530338463	-0.0037308337653268603	136.7904761904762	-0.5993764833814254

drug_221.txt	0.0022577245243246	-0.9530693286485878	-0.0719600500240215	-0.03767864222019407	0.039645914957075444	0.1615641698523028	110.2120082815735	-0.1537461701080228

drug_222.txt	-0.0944971431741277	-1.2794094230794713	-0.14705631736767558	-0.16175909767169955	0.01506787917877038	0.11715549559158757	54.47080745341615	-2.9786949491609795

drug_223.txt	0.099511843346092	-1.4073740168005302	-0.07747530451498832	-0.046157031652674874	0.11815795904444398	-0.023921228260036922	30.492339544513456	-5.259555240399154

drug_224.txt	-0.119409774227548	-1.2619096439409208	-0.07481131338738756	-0.043260634473469395	0.052349292867690814	-0.002468934109407481	51.24968944099379	-4.836490635492261

drug_225.txt	-1.73705552781938	-1.1581889861418155	-0.10265757654781027	-0.10367622936723536	-0.04407791534238612	-0.10852337040906661	23.043892339544513	-4.072092388663481

drug_226.txt	-0.0790702834636934	0.7018740495613225	-0.2941662792705292	-0.7653679441286049	0.05562462217658172	0.013168010221152139	107.16107660455486	-0.6765601004824138

drug_227.txt	-1.80914739002607	-1.2476128360576817	-0.13069833164938527	-0.11741709556180702	-0.017653335342720504	0.08690886745960412	81.93374741200829	-2.9814624231568887

drug_228.txt	-1.78553281189327	-0.670315814891739	-0.11307259977799711	-0.10028164097778358	-0.0445798179314403	-0.07897148352074297	36.04306418219462	-2.916788389999541

drug_229.txt	-0.0561546569035336	-1.0877788691685781	-0.10120343494864292	-0.10362648388085549	-0.03653656857532681	0.03963096455619267	80.38964803312629	-2.9838107492302948

drug_23.txt	1.44714040051035	0.7880154869046466	0.34901429673480566	1.0061345208937762	0.04732037978816571	-0.03482792769419595	193.1064182194617	1.6140748412478625

drug_230.txt	-1.92073001608698	-0.842223589248128	-0.09275736473070409	-0.08302391678748261	0.016529279387144595	-0.01938623727002954	98.45424430641822	-2.8365163480664566

drug_231.txt	-0.456115826260609	-0.6673453901131537	0.08839094100394995	0.094937271050901	-0.04310360323058144	-0.22259790797725543	-5.301035196687371	-4.888291125753174

drug_232.txt	-0.264725134520441	1.0965698577781198	0.5486904460150925	0.9576468653423935	0.04147065841552642	-0.0708731270226434	112.91262939958592	-1.044983677973654

drug_233.txt	1.82966661119432	0.7249442315259444	0.582910019522178	1.0904091894579953	0.14202183277533179	0.13513045415302352	66.79337474120082	-1.8079138084605186

drug_234.txt	-0.383585732512343	1.190289235742771	0.18881471958435392	0.3837650271477179	-0.05062702811056867	-0.02959510705345394	66.89813664596274	-4.1285240400879655

drug_235.txt	1.86905752482388	0.5488859828991136	0.21212366038973873	0.2484492333321292	0.06522104753830178	-0.058524110659676463	97.34741200828158	-1.317006462537462

drug_236.txt	-0.424674099961169	-0.6090339623203724	0.10071350927709291	0.018650143081625825	-0.12848291739902482	-0.16378252108857994	90.98136645962732	-2.1788997669260763

drug_237.txt	-0.41063404892661	0.9662770125336562	0.5214680335675093	1.0263422765292234	0.0983419389302163	-0.11238933106411517	61.62277432712215	-1.992586129834902

drug_238.txt	0.0254618072890663	0.6378592544663947	0.5351652445481028	1.1999656744148637	0.1258954763598886	0.029787741403984994	120.96687370600414	-0.37843703434232906

drug_239.txt	1.79002607200311	0.3938171707794075	0.6159310082042821	1.2861078320684154	0.12908092378594233	0.08292750207041895	166.69813664596273	0.9222068776130415

drug_24.txt	1.67200310645143	0.794045857196644	0.12728480274159962	0.1811897948164518	0.15109852346606345	0.07099631458757447	88.97639751552795	-0.4783188445683465

drug_240.txt	0.0273478670882565	0.4239782686104172	0.6603908747791717	1.353735720988786	0.13228021746796992	0.09853441562265775	157.720082815735	0.5255863002953364

drug_241.txt	-0.48548288678094	0.9218938034623694	0.520719043905808	1.0012316932831191	-0.042170627500735546	-0.1409305291694986	110.57267080745342	-1.1426894091938378

drug_242.txt	1.83251234259722	0.7669189288219966	0.4747530137229754	0.9032138230239835	0.022327605648148004	0.006651986423957385	127.17929606625259	-0.3986144594755864

drug_243.txt	-1.40130914739003	-0.8278907568350639	0.20925602732700044	0.5127810410487177	0.012297653378166995	0.12198019738153566	64.75734989648033	-1.970709024762188

drug_244.txt	1.38503356076996	-0.3281154993536826	0.08151975498293484	-0.044426388714691734	-0.05346198122445516	-0.21597026252288015	38.81614906832298	-2.336239211781091

drug_245.txt	-0.450274588117823	-0.6221910409115947	0.028304824137328044	-0.24664364280358442	-0.0288880916893868	-0.0156454212132052	44.52008281573499	-6.294259404214452

drug_246.txt	-0.447639651633661	-0.5210662122440911	0.308710731708673	0.7254953421218333	0.05907859108722205	0.07800064624359	108.99130434782609	-0.07314275618310212

drug_247.txt	-0.441049536805902	-0.43631629523564064	0.05505365666198733	-0.03853569345550795	-0.06364887550954589	-0.01637876214940996	87.10931677018634	-1.392482349283689

drug_248.txt	-0.402157874299662	0.8499323311832534	0.009445008916863978	-0.1729703201996161	0.00813183669332261	0.08547666496723326	43.63395445134576	-2.496611071840992

drug_249.txt	-0.474000110944694	-0.5257759823117398	0.07764603292565501	0.07370981308232943	-0.019475172948054332	0.06158907634510269	86.89275362318841	-4.070103901543771

drug_25.txt	1.76795917235258	-1.404176429089832	-0.14917700986313698	-0.1900448351705868	0.07129405437304957	0.012216987260735597	177.824016563147	0.9841956856127738

drug_250.txt	1.16491374050036	-0.8023694760135482	0.0059068720703408795	-0.09486464814953033	0.05241797783085539	0.07942179395197473	67.22939958592133	-1.30905534511154

drug_251.txt	-0.515088478393521	-0.6922857037363566	-0.25603682162981956	-0.6709314116067918	-0.03701005483566116	0.055262656445184445	96.71718426501035	-0.6444110847830452

drug_252.txt	-0.459022577245243	-0.4298479713846771	0.0440881821889971	-0.04299191079870468	-0.0877470265281071	-0.07476584905869885	65.39378881987578	-1.6768006678184388

drug_253.txt	-1.66131913241249	-0.39044626864973053	-0.33309953154913635	-0.9073687563722947	-0.11955479058948541	-0.061229160121772694	66.94368530020704	-2.067436206159772

drug_254.txt	-0.444943695567759	-0.6606089489769115	0.01679932468602119	-0.22769922097401962	-0.04797618076766035	-0.01758282150362547	34.41283643892339	-3.8983345898267645

drug_255.txt	-0.487241360181949	-0.6160491760639359	-0.14527254446389126	-0.1803458941309155	-0.09804968742718538	-0.10983087474720847	174.80041407867495	1.1654856069188233

drug_256.txt	-0.636106950685083	-0.7500433620576444	-0.052997308664321646	-0.0043607690142489774	-0.028603298446069646	0.04305359076198921	116.40745341614907	-0.8529155548820796

drug_257.txt	-0.435607699561768	-0.5838433358020455	0.024113032085720326	-0.1557566182796567	-0.12713118446104574	-0.10330109892280386	83.28364389233954	-1.3387120472453151

drug_258.txt	-1.64943695567759	-0.6368290163723068	-0.08076178000388626	-0.09903655127705213	-0.029831834014297214	0.026644495071785353	95.0927536231884	-1.0725766100571188

drug_259.txt	1.23076496366561	0.6054220046842924	-0.010227990491295608	0.03903304929200302	-0.008976438856108174	0.023903291875099618	130.8679089026915	-0.32820608500771564

drug_26.txt	-1.73036556276696	0.8639944446019584	-0.370050124757865	-0.9081935886085637	-0.054695128076276515	-0.02315714354806189	156.05258799171844	0.24774590327831522

drug_260.txt	-0.43719420868697	-0.9590350852587479	0.1560832754705535	0.2050829172210536	0.07785788089655941	0.005225653293879593	55.19461697722567	-2.006426713339227

drug_261.txt	-0.475098463415987	-0.6261710249229376	0.08285534001239972	0.17480690043888714	-0.08780382165834957	-0.13047015312394306	-1.9395445134575569	-3.501699093261368

drug_262.txt	-0.35393021578743	-0.9753538516251845	0.03519738275857562	-0.3510787427538058	0.02359806451187742	0.10543245739907935	4.6521739130434785	-5.537594990170104

drug_263.txt	-0.453081488877794	-0.7501718035473532	0.3682616440313185	0.778411271971523	-0.037476106778790146	-0.10046955301139976	84.18095238095238	-0.6690378585985801

drug_264.txt	-0.460958562156765	-0.861925156809585	0.07605374924085756	0.08845593561364473	0.007136138894012274	0.0359217985166688	43.09233954451346	-2.087398362527188

drug_265.txt	-0.426460309535696	-0.6406686846226868	0.07641722673426368	0.15881964832508633	0.0721768041293738	-0.0965231221238816	97.95652173913044	-1.6690407663393942

drug_266.txt	-1.43654518222666	-0.8015364813513604	-0.006936817174400339	-0.20088702878795672	0.013606365479635788	0.06566242531026603	44.32339544513457	-4.248361004875614

drug_267.txt	-0.458373550784934	-0.5850816169566161	0.09255931373964865	-0.003554745801624626	-0.047570974746635096	-0.10106898506662172	65.62277432712216	-1.1877403902566526

drug_268.txt	-0.442197814389527	-0.7140032763168835	0.09685530234998319	-0.05806299221672162	-0.028880033283772342	0.008790607039167475	54.40372670807454	-2.2920032492340874

drug_269.txt	-1.40350585233261	-0.8223286976323964	-0.3890801365406178	-0.8379149368309937	-0.09745356511609535	-0.0676776916102448	121.82691511387164	0.20626733177662723

drug_27.txt	-1.85188328618184	0.9099947184870634	-0.17008415438296132	-0.24646112270049925	-0.073532912978841	-0.06675816331710947	189.36066252587992	1.05175680535236

drug_270.txt	-0.419082487380041	-0.8766915610676367	0.08174897325454653	0.11572766834897497	-0.008822808221923615	-0.10739150700353207	81.42111801242235	-1.5220864845044553

drug_271.txt	1.40510345592722	-0.6357470664754755	0.08362511612854776	0.009220143501625255	-0.07519148937358593	-0.14441297938555622	28.358178053830226	-4.394662917218308

drug_272.txt	-0.438791812281578	-1.09006755456302	0.4427779229124627	0.8942954113018531	0.016778246006699492	0.03283211252254689	61.71511387163561	-2.366999740232884

drug_273.txt	-0.459710434348477	-0.7898293047416115	0.07029801360585075	-0.07261610005975505	0.021262088303826105	-0.029620832542577073	27.850517598343686	-3.7955983580095443

drug_274.txt	-0.453969046430355	-0.6320290392714452	0.08982546593297397	0.13215180060775295	0.003603304925465471	-0.01094403750751563	38.3184265010352	-2.4877730749425395

drug_275.txt	-0.126859710434348	-0.7325548566047205	0.09105119354431565	0.05882575562944681	-0.08954582006540919	-0.12840566951060403	51.04472049689441	-7.689166258277637

drug_276.txt	-1.43305042436345	-0.641702716745512	-0.02291537696014334	-0.33151342694198904	-0.10067101608878172	-0.07887380621025873	20.699378881987577	-2.5170500036827423

drug_277.txt	-0.489316025961058	-0.6184654622095969	0.05974016259037723	-0.1220742118537752	0.08125333899255477	0.08715676708895985	20.59296066252588	-2.4065045520926596

drug_278.txt	-1.69860209685472	-0.6234384202289294	-0.005624120730558957	-0.17728796400871139	-0.06583281433956019	-0.02650978829304286	30.60165631469979	-2.672782405867441

drug_279.txt	-0.469745381927109	-0.597304789529821	0.03255072553930444	-0.07327295619145702	-0.06253841676603432	-0.05572257975555433	39.0463768115942	-2.433641996309593

drug_28.txt	-0.0227270205802408	0.5942032413830305	-0.14196576073912764	-0.19609711105408595	-0.09014723776767226	-0.09513887384782421	167.45341614906832	0.49215010389439334

drug_280.txt	-1.71722416375437	-0.4315976217393625	-0.29011043224040395	-0.8277167031032661	-0.11877600634633081	-0.11556733246079867	-4.3428571428571425	-3.0944951641161578

drug_281.txt	-1.72166749875187	-0.5653438754059736	-0.3603899751506688	-0.8651097163179533	-0.13858066445238434	-0.18350400662668676	38.285300207039334	-2.1831600764918173

drug_282.txt	-0.47044433349975	-0.5678053042113866	0.05261732699000918	-0.05047409637039202	-0.10637871641622698	-0.13794427197033582	27.883229813664595	-3.632296530404003

drug_283.txt	-0.456365451822267	-0.5473296868273911	0.07667328849303762	0.024685676145659752	-0.052055770414027897	-0.08545712789011874	52.325051759834366	-2.3490719031787455

drug_284.txt	-0.482576135796306	-0.6122098077520003	0.05285467910212199	-0.03732312819213823	-0.10045214509026225	-0.0489311172063271	8.881987577639752	-3.7273976125988924

drug_285.txt	-1.7518222666001	-0.7602088053252724	-0.06297582702869103	-0.43400404729323716	0.06452480171967234	0.11406906822968635	-15.660455486542443	-3.09290981007748

drug_286.txt	-1.40675098463416	-0.6269054629649189	-0.051129474513641526	-0.4063451492791085	-0.023991638801464522	0.03484186899304225	30.310144927536232	-2.351657978539533

drug_287.txt	-1.48168857824375	-0.6751028479015779	-0.017116442071736446	0.0029327454734004443	-0.0756588926984181	-0.07291495417286584	84.61035196687371	-1.9386758942629003

drug_288.txt	-0.438054030066012	0.46351744929821753	0.06342499110956368	-0.07447850215516877	-0.07166019803874198	-0.10384650915451299	108.91221532091097	-0.8311756261192413

drug_289.txt	1.49052532312642	0.8631694165958448	0.09432569200091165	0.03188027192549325	0.14408609527192823	0.08842686101883351	72.67619047619047	-0.7837551545700691

drug_29.txt	-0.128945470682865	-1.091473362368139	-0.13201152545345152	-0.16070783294599422	0.04477415121671939	-0.01940399325986176	169.5296066252588	0.47725664367944076

drug_290.txt	-0.369146280579131	1.3249707639857249	0.14756530114506514	0.3048221916040843	0.16979588175857008	-0.03636696149342444	113.93374741200829	-0.4913622239840636

drug_291.txt	-1.2199700449326	-0.993785802057541	-0.32413051332242937	-0.7294061725357436	0.16003195400009637	-0.011822750558326569	58.85962732919255	-2.498200861279953

drug_292.txt	-0.279602817995229	0.9774790305954565	0.11571137123093705	0.15955469908143527	0.21362237529363046	-0.03796207927549907	133.42028985507247	0.5701461072138262

drug_293.txt	-0.455666500249626	1.5285920205944659	0.09755017447419398	-0.069830040908473	0.13194887564665406	0.06367030379720243	84.52091097308488	-1.420987970725949

drug_294.txt	-0.0973040439340989	1.6042623884978213	0.12796567681258633	-0.032155526868641204	0.13096176010572444	-0.016201002057530545	81.57722567287784	-1.353924732370371

drug_295.txt	-0.44717923115327	-1.0917909337916978	0.10824260930009902	0.23213321163273348	0.15068979650148043	-0.012794152861265937	132.61904761904762	0.17527928939935594

drug_296.txt	-0.394757863205192	0.9918614970851822	0.15809892634673642	0.21887615946902278	0.15089863020831074	-0.09565059118421283	89.60538302277433	-1.687336022204518

drug_297.txt	-0.351023464802796	1.0998998966254923	0.11919646864895228	0.27008505302013885	0.1229445902502075	-0.0567803873611985	139.77474120082815	0.2638600406472078

drug_298.txt	-0.298102845731403	1.06264746840264	0.5497379108238831	1.200895020175217	0.2355459107017138	0.09845052129661645	149.0120082815735	0.9186604901238136

drug_299.txt	-0.42990514228657	1.1067450402996162	0.0676398102692087	0.050039101165779365	0.19822239372293743	0.14462875941599618	61.91014492753623	-3.294689675779965

drug_3.txt	-0.0662117934209796	0.7511415794850098	0.10649858536580566	0.10516473841199958	-0.015443692147494047	-0.00010974949548844495	169.26625258799172	1.5345421453512247

drug_30.txt	0.0249514616963444	0.5748429600415034	-0.07944242406098087	-0.08258525560328611	0.01481958232600985	0.15669932163171046	201.26376811594204	1.3285289406352918

drug_300.txt	-0.360858711932102	1.0362905963322016	0.11191192321298335	-0.03317436468616519	0.21867008051053197	0.18556287789157375	25.310144927536232	-3.2800776602128185

drug_301.txt	-0.431602596105841	-1.0912323243287725	0.19123122719282518	0.3367307265975769	0.2902231145293761	0.1404842446559732	128.64430641821946	-1.6940192851367089

drug_302.txt	-0.129705441837244	1.0908567097428072	0.17451737347795868	0.25723095754819647	0.2022547808786373	-0.0618259079380468	158.7983436853002	0.7192436623367936

drug_303.txt	-0.437443834248627	1.1261035386438125	0.11141324671738959	0.05929446349572132	0.12474715351781174	-0.07087481261285372	81.0927536231884	-0.8223396036007344

drug_304.txt	-0.410434348477284	-1.290444801797138	0.08477766823064531	-0.07137978069262785	0.1426444681717694	0.12415811483797069	112.25300207039338	-0.7945068484805874

drug_305.txt	-0.343784323514728	1.2558447316056924	0.06853473921762313	-0.03643540769070197	0.1774812627454359	0.1931922516526548	64.0103519668737	-1.7845565740586866

drug_306.txt	-0.353419870194708	-1.3016663557332036	0.1202805719909722	0.003350054240965683	0.24145228246090802	0.1354352467171151	78.33209109730849	-1.193093140621358

drug_307.txt	-0.0264603095356964	1.092324272895161	0.18221632007040378	0.27631279001256176	0.24649581665556772	0.17889881172295855	2.326293995859213	-3.9999758689766662

drug_308.txt	-0.355916125811283	1.265692100311251	0.49367016835857586	0.9483241086243464	0.20200059005523235	0.0052989330319262755	146.68654244306418	0.28250729648091455

drug_309.txt	-0.256964553170245	0.7093675221501281	0.49881764277659796	1.0453918904138702	0.3072964932909484	0.24727273656147625	88.76935817805384	-0.417165040392573

drug_31.txt	-0.0469185111222056	0.8188004018122659	-0.02909335450766426	0.009588629440056673	0.0830147931181914	-0.039594387754571816	155.7743271221532	0.43481520104612154

drug_310.txt	-0.429206190713929	-0.7186904036132888	0.08368225152959083	0.023568719129551496	0.09651640941812166	-0.10838475209615284	124.82815734989649	-0.617376324547915

drug_311.txt	-0.27331225384146	1.1021408524179876	0.14749519191299285	0.03544166745179389	0.23691820616075993	0.08230994701828326	161.9639751552795	1.16365706815951

drug_312.txt	-0.477134298552172	-1.166666438931586	0.09932174419004436	0.054086127348305535	0.1484104197010053	-0.12679094414139638	54.822360248447204	-3.1779151821805014

drug_313.txt	-0.290863704443335	-0.7497192882079191	0.08705883953274834	0.028094940110560906	0.16355109901298967	-0.03868232442250356	150.6824016563147	0.7593555368673067

drug_314.txt	-0.475936095856216	1.290878659264218	0.15388834064415924	0.03703192283080714	0.21327767866406272	0.08518958748519083	53.98385093167702	-3.9089842003940274

drug_315.txt	-0.471742386420369	-1.4580197881651966	-0.034145477158648976	-0.23955199614930955	0.15373529796437785	-0.04930105256006969	171.1942028985507	0.905148296530356

drug_316.txt	-0.322116824762856	1.1368972907343742	0.10378863146366107	-0.00443347883004952	0.20384202719548342	0.20902348650609912	48.61656314699793	-3.6666995835246152

drug_317.txt	-0.455167249126311	0.8916103141173553	0.4053490951116071	0.9984954275362683	0.301921354123051	0.2687472656330057	89.68157349896481	-1.295969940274508

drug_318.txt	-0.409785322016975	1.0644746574230646	0.44377233966288937	0.9471332635480769	0.2709318562631171	0.1872635977151943	96.14865424430641	-1.658086449248928

drug_319.txt	-1.51367948077883	-1.1765839763937451	-0.4162622461896687	-0.8897363484892408	0.06283839604230293	-0.17090644416407308	162.5991718426501	0.5377715373508559

drug_32.txt	0.00757752260498146	0.8927421167923435	-0.1034097427307476	-0.10866628123863231	-0.07387638691325442	-0.06847365314999113	166.78095238095239	0.6778354840917242

drug_320.txt	-1.78267598602097	-0.2226533086058019	-0.48792159344497354	-1.062405058996204	-0.04667870109987884	-0.1440898303866602	85.19047619047619	-1.5553088531159363

drug_321.txt	-0.0692849614467189	-0.44792109704381083	-0.15782785205035438	-0.2032466735770545	-0.011310839481794907	-0.1445074243940912	139.74616977225674	-0.38981639474524166

drug_322.txt	-0.0124202585011371	-0.6607406459090805	-0.44820519385640356	-1.0122321776923422	0.10985952290903427	-0.05375313820053863	165.7494824016563	1.2096139961879593

drug_323.txt	-0.111471681366839	-0.9665339612024825	-0.49876986236376497	-1.0461980772089194	0.08012600067099121	-0.13264600473047533	115.9399585921325	-0.5093828749130552

drug_324.txt	0.0227270205802408	-0.9710264252891757	-0.49583253318608583	-1.0311876597680572	0.07701760814496911	-0.09985926835508495	151.28571428571428	1.0720663483026387

drug_325.txt	-0.0458201586509126	1.0289457440986758	-0.15111498135838997	-0.21500597645171932	0.14514584491166935	0.022957415259167537	176.33416149068324	1.7727152968821576

drug_326.txt	-0.0799689354856604	-0.5616886040067176	-0.39890445839862354	-0.9026515490522443	0.010360118355416333	-0.13376718393236528	149.71304347826086	-0.3206208824285306

drug_327.txt	-0.0844122704831642	-1.069260887662284	-0.4870443820719298	-0.9909011909731347	0.12279620496593921	-0.05140581109455576	171.15652173913043	0.9852765001478915

drug_328.txt	0.0976646141898264	-0.7652106155948117	-0.14144797579326782	-0.15123145912079872	0.06656427382176855	-0.05566016330610171	85.23768115942029	-1.9932270226766715

drug_329.txt	-0.0928496144671881	-0.4085089547985606	-0.42707318691242635	-0.9661469893859814	0.04700489151723595	-0.22459878915636988	107.70434782608696	-1.2304548372975839

drug_33.txt	-1.92627170355578	0.6039598525473279	-0.04887990484304264	-0.008024688932950774	-0.020972491085989867	-0.03193125550729589	185.38343685300208	1.216470052654083

drug_330.txt	-1.86400399400899	-1.2373206012420972	-0.051414050189510785	-0.04910696272046455	0.054433430881635	-0.09023698253258822	80.32380952380953	-1.2351831411594194

drug_331.txt	-1.8107838242636	-0.6119927101502658	-0.33258150354122945	-0.917629950307423	0.12869498175591376	0.014074211584043792	-17.875776397515526	-2.945662521335468

drug_332.txt	-1.74608087868198	-0.6856772205070923	-0.1176549444974081	-0.15022977906565188	0.04190125776514928	-0.21992326464833103	101.83188405797101	-1.0996944093652372

drug_333.txt	-0.0302435236034837	-0.5649073577895072	-0.12432070205379342	-0.15879581582071345	0.001334541817883019	-0.25957745759281586	108.42857142857143	-0.7194857198946731

drug_334.txt	-1.6526210683974	-0.5352344743083158	-0.12138202474762794	-0.1368257757565537	0.06389135039594075	-0.16879451766020906	140.4910973084886	-0.024299668102414792

drug_335.txt	-1.77518721917124	-1.0570723289608113	-0.45434697954706693	-0.8904041007085277	0.039295638096513104	-0.23207272030682013	107.36977225672878	-2.1274668484359616

drug_336.txt	-1.87149276085871	-0.313270772035527	-0.14092975745289854	-0.20507669345117674	0.0012133652928747198	-0.18725499008433585	98.83933747412009	-0.5594698451903289

drug_337.txt	-1.7573639540689	-0.2687792461770004	-0.14019156224400492	-0.18061238065408308	-0.0518371882002625	-0.27625666737823096	99.44389233954452	-1.510457696038889

drug_338.txt	-1.80993509735397	-0.7345036824427462	-0.15858016291219892	-0.2392679761854209	0.13853318181393187	0.02010601654863399	74.04057971014493	-0.955001889352357

drug_339.txt	0.0925223276196816	-0.7936466864579682	-0.11351147332128514	-0.14782962502813896	0.0851751595692713	-0.1942553474491285	118.3871635610766	-0.7719109838068139

drug_34.txt	-0.12337604704055	0.5653175227159694	-0.08857026180030131	-0.08772278537669609	-0.0005842853126888942	0.0029262244935893645	174.62939958592133	1.196027683053648

drug_340.txt	-1.79995007488767	-0.3340035761472883	-0.4410052154339675	-0.910482357133516	0.0021611132073192213	-0.18153905123730252	71.20952380952382	-2.2429836342566243

drug_341.txt	-1.76150773839241	-1.0578252942368989	-0.13739179727646184	-0.17778744628414822	0.08781964609019045	0.024236889039535154	21.10310559006211	-2.4508511024305464

drug_342.txt	-1.78681977034448	-0.6275715204544828	-0.042288549531955155	-0.3722680198939255	0.053942232727051245	-0.0490292977793736	19.582194616977226	-1.9226939325121792

drug_343.txt	-1.86105841238143	-1.1226334392259898	-0.1555584331051231	-0.19876840169096743	0.13833910576016223	-0.055638831249128974	87.79296066252589	-1.2541513667792383

drug_344.txt	-1.81717423864204	-0.5879786119622703	-0.43841984776568477	-0.8994966071719277	-0.0015285546541751536	-0.2141107980460896	82.43850931677018	-1.563453058328528

drug_345.txt	-0.0452709824152659	-0.5036506086645014	-0.3327490765703377	-0.7667965907832306	0.1102210394834095	0.1083897073939996	47.75320910973085	-1.4757306343751193

drug_346.txt	0.0196316636156876	-1.1898023422789747	-0.14554348596627864	-0.18801273031166416	0.04374292688872434	-0.26726379452193294	100.05051759834369	-0.6712037771881668

drug_347.txt	0.111094469407001	-0.7743186868896028	-0.11348037500478511	-0.1314910676757982	0.04136191274710534	-0.20749409078190278	95.5784679089027	-0.7703296000008953

drug_348.txt	-0.142225550563044	0.6796027117421797	-0.0652833817402785	-0.03851547782404863	0.09193759041700271	0.015207459789512254	86.7544513457557	-1.9158371803964784

drug_349.txt	1.7419981139402	0.822079518034338	0.07520939783127234	0.23163185639275508	0.28013581606071	0.19019762730577164	88.07329192546584	-0.15620503049323978

drug_35.txt	-0.0533588506129694	0.9244700000220735	-0.07511804029241945	-0.09077455387150218	-0.009917519692426211	-0.12670204081462982	150.12795031055902	0.40783599562137757

drug_350.txt	1.59441948188828	0.8845767971727313	0.41809503076369126	1.007185165236224	0.3024606543164943	0.28103187478074476	60.02650103519669	-0.396236853763198

drug_351.txt	1.39506850834859	0.8392399343925169	0.48136127121079275	1.0528979904337397	0.3237748594011046	0.23007440080846378	94.5743271221532	-0.17204059803896685

drug_352.txt	1.56576246741	0.4620247103047712	0.49073275013270146	1.0920446889073925	0.29639089128551993	0.13749597339253028	209.17391304347825	2.437010433668219

drug_353.txt	1.45647639651634	0.8667431279807426	0.3267770146950036	0.6666741778941392	0.24016922583402903	0.15278130037029697	213.61821946169772	3.7537181019722183

drug_354.txt	1.38867809397016	0.6975650107370566	0.45185521970721354	1.0837759043990376	0.3521209965343936	0.36438810506421565	58.18012422360248	-1.7062998382153587

drug_355.txt	1.23790425472902	0.8413093551274162	0.5822393061667637	1.0839995304359107	0.2861352194936069	0.11410133265624646	135.29482401656315	0.2475897384081152

drug_356.txt	1.24948688078993	0.7140493537218395	0.4336543426556575	0.9386364217810389	0.2336777726038124	0.0908226927197799	89.79627329192546	-1.1081581120660664

drug_357.txt	1.25208298663116	1.2630880735830774	0.5532581292017976	1.200091538512389	0.31098630994060805	0.2803428960230169	103.52256728778468	-1.2241815238722413

drug_358.txt	1.29077494868808	1.210285262113826	0.5067465417489614	1.0520689807456072	0.25233419909664817	0.17797909239418966	81.19047619047619	-1.3508976578945184

drug_359.txt	1.48543296166861	0.9117890016690259	0.5083389312573283	1.0913086427281156	0.30132476205245295	-0.0020482821402160022	185.031884057971	1.8688611854454247

drug_36.txt	1.77375048538304	0.4546953585719695	-0.0529776125353964	-0.01740657703084525	0.020092960398188614	-0.051757595730361886	161.0343685300207	0.6007544277961211

drug_360.txt	1.33246241748488	0.7606965825763906	0.46246958110168473	1.0791443763979955	0.38245183936293364	0.3667888089658227	69.80455486542444	-1.4556116028721104

drug_361.txt	1.36950685083486	-0.9798199318978633	0.5087144541364496	0.938073437365708	0.3236705500591083	0.23626785006989065	129.3225672877847	-0.20700523739692123

drug_362.txt	1.27584734010096	1.2521865584005973	0.34531473237946514	0.7448522693593953	0.296458711412737	0.20537686102344382	48.72919254658385	-2.470054671992841

drug_363.txt	1.4120430465413	0.8887244052305351	0.554518437568591	1.1763082334334483	0.3084446228939143	-0.0027615485223742935	157.7287784679089	1.150991021309869

drug_364.txt	1.31269207300161	0.949834884023063	0.41963115715608545	0.8333082504335438	0.22168147499192994	-0.060333434273594666	159.18385093167703	0.9778225251260437

drug_365.txt	1.76486381538803	0.9474240323625964	0.5921800697538186	1.0912740906216083	0.3372300582580641	0.09811727034793433	167.37018633540373	0.521405346164121

drug_366.txt	1.53640650135907	0.9709949109344762	0.5682337264454413	1.0987749918620386	0.2932439179759508	0.2579101113037326	80.65714285714286	-0.5931005976647371

drug_367.txt	1.24194818882787	0.9139527468390808	0.476086607358378	0.9512392262962566	0.21134747702578216	-0.10118972168408584	157.12877846790892	0.42660748764368916

drug_368.txt	1.30904753980141	1.0376475098078677	0.5201456651026546	0.9733334459203634	0.3007344134579003	0.00407831338072495	176.57474120082816	0.9080733196175622

drug_369.txt	1.53490874798913	0.988844300245787	0.6040607551058143	1.132110190434163	0.3686958256195195	0.23024885844035242	125.09689440993789	0.3875270883470051

drug_37.txt	-0.0823875298163865	0.8928723040155193	-0.09354647878608388	-0.12682721336963454	-0.03511570124552766	0.011869172125966334	206.0997929606625	1.634189873004502

drug_370.txt	1.54189826371554	0.8552173192874817	0.564967521404991	1.1731153601605773	0.35683293575951786	0.10245068347758968	151.0935817805383	0.4014575334642969

drug_371.txt	1.24649137405004	0.9615967923699897	0.49130762376998316	1.055486382888729	0.3315768073040885	0.33882021855147854	64.20414078674948	-1.620702780659731

drug_372.txt	1.46411493870306	1.0157926156549664	0.5910132208329819	1.1802265719961982	0.2730315189618152	0.07359454601377251	156.16107660455486	0.07921322660833864

drug_373.txt	1.60365562766961	0.6901868818163222	0.15308340954140626	0.2146403674840759	0.32336697779467866	0.3196161380730104	51.14492753623188	-0.9362579965783908

drug_374.txt	1.83705552781938	0.40645238930978145	0.48791424660047017	1.3713480795218098	0.24826236229712206	0.05016508342299792	128.82691511387165	-0.1683725918683957

drug_375.txt	1.6957175348089	0.5843694039601914	0.45867789481447474	1.0691462571083925	0.22312167413080417	0.03617545030199852	138.12091097308488	0.6487550727643637

drug_376.txt	1.30819881289177	0.6325395250281414	0.5294495608992796	1.152634657657589	0.33179871198718847	0.14848352617984692	125.951966873706	-0.25483690979402035

drug_377.txt	1.74843845343096	0.5494538209968205	0.1683371724971115	0.1855185413760786	0.19854321614973783	0.041280321810059195	111.8472049689441	-0.24094469081899483

drug_378.txt	1.42112941698563	0.8761271378943593	0.19814204846464556	0.3467598308034256	0.3212919739471865	0.2883062682308921	58.06211180124224	-0.7142144799503644

drug_379.txt	-0.290813779331003	-0.9155127053036426	-0.09772796235478445	-0.13280716997227865	0.21231999668161952	0.22218163459359735	110.4343685300207	-0.43984227296435724

drug_38.txt	-1.83495867310146	-1.2806829584430626	-0.11483946862717487	-0.18512402440138942	-0.05275455842233293	-0.0695016494808263	193.79254658385094	1.5539287557205481

drug_380.txt	-1.61750707272425	-1.1085008387314241	-0.11075641597109451	-0.11658076937424022	0.24677034866720987	0.2494539877668146	97.88654244306419	-0.3054618292570184

drug_381.txt	-0.11228157763355	-0.9816884691668836	-0.12241838437837615	-0.13786167288695073	0.2617140660318547	0.30696403810705386	64.67660455486542	-2.130807120588982

drug_382.txt	-1.58159982248849	-0.6438639985357847	-0.43761802726246396	-1.0997583168007194	0.18140998128066696	0.10880774809203268	80.5320910973085	-0.7814781364326905

drug_383.txt	-0.192611083374937	-0.8526994126641108	-0.10246644697701193	-0.10856644698406243	0.25354461378327386	0.3302139045160197	125.52877846790891	-0.8353730467885963

drug_384.txt	-0.222837965274311	-0.5949094792515986	-0.4141119370752368	-0.9280291868029422	0.25014635687569586	0.3401027909600422	131.2343685300207	0.24567359203739808

drug_385.txt	-0.204371220946358	-0.7505019436750713	-0.14122905256427096	-0.2288811199712109	0.2131389397529217	0.11080242937983567	128.33209109730848	0.1870963035151082

drug_386.txt	-1.47332889554557	-0.6471960347065335	-0.287757481708567	-0.7823041613732855	0.29801891994892693	0.40292457163462514	68.45093167701863	-1.8623631136022443

drug_387.txt	-0.159399789205081	-0.6332386577996498	-0.05348215438187341	-0.030734666897374863	0.2982177449682439	0.3448818358127217	87.98923395445135	-0.9297508621811742

drug_388.txt	-0.46567371165474	-0.7131302964018786	-0.07888815722561573	-0.09976567855105728	0.3352787491424936	0.44108944668330496	91.88819875776397	-0.5759969417344608

drug_389.txt	-0.310012758639818	0.6224794783137921	0.028633090445585097	0.13452978347841538	0.34867443409449017	0.3965492550298361	26.70351966873706	-3.711418497189342

drug_39.txt	1.62697065512842	1.0058188966332975	0.027833597938349053	0.11668800083829345	0.09030407957873718	-0.025237762084804313	156.46832298136647	1.4861428530302698

drug_390.txt	-1.38531092250513	-0.8076203866857363	-0.3026632909755129	-0.8949448430775853	0.2984342398087498	0.34798112606182535	56.380124223602486	-2.250788549092143

drug_391.txt	-0.250474288567149	-0.9074644845534872	-0.11403030256478675	-0.12554047843664728	0.24580544989708664	0.22019139732025322	113.59089026915115	-1.2865234972921635

drug_392.txt	-0.210434348477284	-1.0531017118127588	-0.4654110564633269	-0.953373694091354	0.21211167902447664	0.3800428424621217	140.23561076604554	-0.5777575766975172

drug_393.txt	-0.292760858711932	-1.2968427125934545	-0.10047055505122099	-0.08137956860648021	0.2614558846043048	0.2596894972296968	154.40869565217392	0.1698607324219961

drug_394.txt	-1.58681977034448	-1.4760533081948313	-0.04386087041647538	0.005214182410306523	0.30733104175307174	0.3641249197411686	148.8695652173913	1.204688139857854

drug_395.txt	-1.62644366783159	-1.1708258488343861	-0.01457925563495932	0.014589214519196314	0.2899509104011092	0.2893698287994269	165.68612836438925	1.2722513530043278

drug_396.txt	-0.292222776945693	0.9306281855933933	-0.06117503273887534	-0.06239625899297219	0.3041651119699227	0.36003075339130314	67.8832298136646	-2.978295484611702

drug_397.txt	-1.74146003217396	-1.3503179985612768	-0.09079970549964161	-0.07679674147662835	0.27173706970087835	0.20346544556564047	143.61573498964805	0.44770022167787443

drug_398.txt	-0.255855106229545	-0.837169216140321	-0.08311666959806098	-0.09517780552771327	0.3786687737286069	0.48145277636032124	88.01614906832297	-1.0877465626545602

drug_399.txt	-0.249464691851112	-1.0236267987900323	-0.20984585743572778	-0.32327599750696856	0.2508074113141785	0.2623286813690864	71.15817805383023	-1.042886915866921

drug_4.txt	-0.134609197315138	0.615385713118654	0.3454934347816251	1.043692048119529	0.07914584001209563	0.09352205745955278	191.927950310559	0.8753975266239757

drug_40.txt	1.71978143895268	0.7551018396250514	0.02778373519501462	0.11708080605465854	0.033989067056720904	-0.046232654022018344	139.12339544513458	1.7641723993941398

drug_400.txt	1.64604204803905	1.0431804196219603	-0.11402929408684837	-0.14349356428423354	0.2585884454952287	0.33039668648464365	93.31552795031055	-0.9277108289345297

drug_401.txt	-1.62328729128529	-0.9493435748818471	-0.32710928798846606	-1.1175805738152058	0.22680891381411566	0.20733680683825204	39.151966873706	-1.3142100967489987

drug_402.txt	-1.75210517556998	-0.7456314604072798	-0.4030587202142456	-0.7619684957390717	0.24666959617504391	0.18501190864115746	78.81821946169772	-0.7376734458026177

drug_403.txt	-1.46677206412603	-0.9109052770988368	-0.3744135334864761	-0.8157857146445047	0.3131806360919758	0.3824739760318135	77.43975155279503	-1.01328381259923

drug_404.txt	-0.145320907527597	-0.47148986673364107	-0.46459015525814856	-0.9202257417811189	0.20254692082250594	0.18858650404894955	32.9416149068323	-2.456120813560873

drug_405.txt	-1.64195928329728	0.773145434794492	-0.31142187123329274	-0.8628029360846052	0.27205489136399796	0.2239079115643331	53.68074534161491	-2.671881473278225

drug_406.txt	-0.238381316913519	-0.8623055039432661	-0.12556487777326303	-0.14595949805206104	0.29040779456984855	0.41283830756807166	75.98302277432713	-0.17778784096569836

drug_407.txt	1.29886281688578	-1.00153582553624	0.4275379760794515	1.0741770312707155	0.3116935136952915	0.20315191187622147	61.492753623188406	-1.5019994069910492

drug_408.txt	1.28638153880291	0.5680136823019926	0.43577342736182817	0.9355401002532848	0.24076161612181946	0.19081059465256947	137.35900621118012	-0.04585630928206459

drug_409.txt	1.60115937205303	1.1158110514068982	0.5294643740420254	0.9623980404805423	0.30210081345075973	0.31220814762928306	125.93291925465839	-0.2576156294484915

drug_41.txt	1.85233261219282	0.8957842296429601	-0.035332672877723736	-0.014217977295780726	0.04080362705408911	-0.04283261102491432	173.54409937888198	0.956408242057532

drug_410.txt	-0.0678482276585122	1.0230872246501483	0.5090130052645649	1.0494714565367949	0.2335751705170754	0.2591008946743543	170.12049689440994	0.4782168253185243

drug_411.txt	1.24284684084984	0.8439690456936522	0.5703367980651908	1.0637145738377165	0.2634430840493979	0.33219985571507615	208.84886128364388	2.138495791698126

drug_412.txt	1.39901259222278	0.5644370672239278	0.5451375862793161	1.061369535845021	0.3041941311203506	0.3364051486213708	152.07494824016564	0.5253185303020157

drug_413.txt	1.26556276696067	0.6878129571557694	0.5073061246893764	0.9831096863068176	0.2310567235939133	0.1850511717591659	148.8343685300207	0.4810632151949595

drug_414.txt	1.38428468408498	0.8603977297066472	0.5019580486236328	1.0109778671452245	0.2518797516806034	0.16992107297120754	191.8	3.071170606117061

drug_415.txt	1.34144893770455	0.8803609616261425	0.5669102602083831	1.228623975604486	0.33117372119349586	0.19847348191506103	150.10434782608695	0.5370007065642727

drug_416.txt	1.35527819382038	0.9712723532944985	0.5964318918995565	1.164842890714919	0.2951265052892376	0.30035112833774447	218.94948240165633	1.9978994501234772

drug_417.txt	1.4484883785433	0.9415292236572727	0.6498666438008671	1.4699606302830976	0.2697071149804216	0.18685101848135796	173.9312629399586	0.976482142485008

drug_418.txt	1.7648138902757	0.4398480608173068	0.5920365293515779	1.084301043881772	0.31930538678906656	0.34585791571943314	162.58053830227743	0.7099744871967202

drug_419.txt	1.19931214289677	0.9133344328121217	0.4753763286225876	0.8298929005920292	0.24276514253364678	0.22121473485441687	176.63892339544515	1.5512268742112059

drug_42.txt	1.8492871803406	-1.3648249398133387	-0.14945814678851402	-0.18929169196616735	0.03316791755535524	-0.03511469392307237	172.1871635610766	1.1074430084412723

drug_420.txt	1.27584734010096	0.6940886053581415	0.47835880114910323	1.1362991388804806	0.3446210753444806	0.37150809154023423	65.80579710144927	-1.4632656310038705

drug_421.txt	1.31588728019082	1.0143363902441356	0.5562793847505357	1.2402602418263813	0.33117747486043714	0.22820062649813852	97.0472049689441	-1.1453150323647172

drug_422.txt	1.63076496366561	0.8009971824610479	0.4964327108719856	1.0537795427579892	0.2653554500489503	0.30886962202624146	102.30062111801242	-1.1977067446582

drug_423.txt	1.24788927719532	0.737695098359058	0.5856910993920778	1.0619024274618627	0.3486063495789813	0.2795452125812097	140.49813664596275	0.21932005016238376

drug_424.txt	1.73715537804404	0.8940694573311576	0.5982205999293394	1.2516585523834967	0.32962633061428376	0.2296632166375273	146.3184265010352	0.1725018072333054

drug_425.txt	1.46800909746491	0.8619343288985496	0.3785260411492821	1.020456628774873	0.3266629802982243	0.32706208481651616	47.70351966873706	-1.8202713861515325

drug_426.txt	-0.275237144283575	0.8725113642929638	0.40591332346372366	0.8036562050391773	0.2514496121392041	0.27747619628664183	115.63436853002071	-0.14964777277260832

drug_427.txt	-0.438941587618572	-0.9364008654995604	0.49361697966091167	0.9786717032509769	0.22393359878002608	0.09313042712558224	119.80041407867495	-0.08597513995921884

drug_428.txt	1.52911743495867	1.0958308184068393	0.5297630282944976	1.079753901880195	0.30500909615045924	0.2993556367794039	138.49813664596275	-0.4685777067798478

drug_429.txt	1.34174848837854	0.835664610646981	0.36255825361789706	0.7310952220267174	0.1618590581858845	0.11061141505011896	92.6952380952381	-1.3989906694080938

drug_43.txt	0.10741665279858	0.9254903908617318	-0.03338721613055606	-0.0007703112361138187	0.05416652157323531	-0.03246191143850576	149.33830227743272	0.4777254051848429

drug_430.txt	-0.354917623564653	0.8920121371678426	0.15762396277302046	0.2550521742532496	0.2772002653064829	0.30375013500988274	66.76314699792961	-1.4864108867654924

drug_431.txt	1.41259222277695	0.8532250337467785	0.5861175239024172	1.2345077754220601	0.3157806114848377	0.23255183216282024	92.83892339544514	-1.6554489849150182

drug_432.txt	1.68004104953681	0.9104207312658595	0.6095314421402791	1.075911467431137	0.31476164638990434	0.33168798212219147	164.70766045548655	1.653523791197325

drug_433.txt	1.78967659621679	0.9916133487783328	0.5484472954302023	1.1689181508393074	0.19945713523423061	0.19912969797574226	114.25797101449275	-0.5058165338797815

drug_434.txt	1.48163865313141	-1.1397743937959801	0.37996350460099393	0.8833348272753249	0.23826692551072312	0.13479596372142086	35.12339544513458	-2.604024826371424

drug_435.txt	1.20869806401509	0.9995343896565121	0.34149668572097147	0.7084408661832933	0.13228240411553593	0.03671202006952708	106.74948240165631	-1.505258957681933

drug_436.txt	-0.320169745381927	1.060476037988942	0.11524225430230423	0.101373251467124	0.3363428983235897	0.3752012330014118	61.37225672877847	-2.709749962390365

drug_437.txt	0.00625173351084485	0.7887627205317858	0.06646479036153938	0.22555601435714534	0.12911359942083042	-0.06989418996026854	86.65010351966873	-1.4741571010159735

drug_438.txt	-0.158251511621457	0.7033616673285207	0.027674318913687435	0.16093855865490436	0.24915934600194453	0.2541906625441842	70.80703933747412	-1.1824430441053497

drug_439.txt	1.78158872801908	0.38148303226978425	0.031238729821730288	0.12166267940512143	0.1621209557396737	0.08952903577719933	131.88819875776397	0.16550642233435306

drug_44.txt	-1.82587230265713	-1.4631027679781508	-0.0667326600780076	-0.07891309969052379	0.003983891095228083	-0.04127692062913099	192.73374741200828	1.491946466988204

drug_440.txt	-0.0232540078770732	0.9063346345022703	0.0592103573827612	0.2073109584165626	0.2507543050573992	0.26415461415277597	79.26832298136647	-1.4959029217967412

drug_441.txt	-0.0660897542575027	0.6317203400943063	0.016953654471607127	0.10078163533294066	0.16729354370172397	0.20437278107337228	69.8712215320911	-2.0753331130880013

drug_442.txt	-0.181466688855605	0.7938131982143342	0.02694318803515977	0.14038625341576327	0.21271085539082174	0.07531575186494346	116.83768115942028	-0.78108999691417

drug_443.txt	1.69007599711544	0.6716592541623386	0.3124127521920046	0.8179399725333474	0.10998070358673365	-0.015165720463077138	104.20041407867495	-0.5824704857051353

drug_444.txt	1.74244743995118	0.27035718397989567	0.06410380967575849	0.23957181915241987	0.19242976097714515	0.06410630630527775	120.92463768115942	-1.847725333456371

drug_445.txt	0.0197814389526821	-0.8396215816938797	0.07523930353085018	0.21678547789074026	0.14138440636726332	0.011172813384634123	132.23933747412008	0.24667734053521148

drug_446.txt	-0.17897043323903	-0.8655590244963995	0.016951519420129096	0.14264217836055748	0.1519007537804086	0.10945693899438282	85.71677018633541	-0.6994782490635487

drug_447.txt	-0.119609474676874	0.8001354135844864	0.07083393908098432	0.2016798533378657	0.21398367300490295	0.017436915315035547	131.93706004140788	-0.17383702477462892

drug_448.txt	1.77634659122427	0.5828333884931078	0.4294922439745739	0.939332896421416	0.24085593994489496	0.104914549290466	89.32919254658385	-0.8147607728256254

drug_449.txt	-0.0982415265989904	-0.7496447288984409	-0.04034915643793549	0.010942274825453902	0.24091966969545392	0.24327427438477117	44.52215320910973	-2.4125222045001986

drug_45.txt	-1.91763465912243	0.9222519738336821	-0.07732251340958401	-0.11088102009538198	-0.0534742850877293	-0.11284253203403988	171.65300207039337	0.7382245856184122

drug_450.txt	-0.158551062295446	0.941867389550986	-0.06301864748358998	-0.0619994789663299	0.20552078177390928	0.10958615783850029	152.40538302277432	1.5752569994250052

drug_451.txt	-0.0880568036833639	0.9448805433589664	0.0010570195944521743	0.06549668917871176	0.24446902455218902	0.1679951546948593	125.61821946169772	0.02633926555100532

drug_452.txt	1.81339102457425	-0.8301927619064743	0.30669794294248043	0.8007200396269912	0.23016401195435787	0.2468000278868273	135.70434782608694	-0.8127631232298987

drug_453.txt	1.84314639152383	0.5846579295610383	-0.013985791714024753	0.019755130443742885	0.19546215950655402	0.13693107026807327	103.06086956521739	-0.6543202590196017

drug_454.txt	1.82127919232263	-0.7948614381974103	0.10530385342168519	0.28165283543836045	0.20731198326111724	0.06641413333226776	143.38219461697722	-0.4162386972037434

drug_455.txt	1.77529816386531	0.5399984340253531	0.06342348862158709	0.19519882736680777	0.1290140713514308	-0.030294808751122688	126.85093167701864	-0.9152091521672547

drug_456.txt	1.84444444444444	0.5417761694832925	-0.03732300104042019	0.02513073222573503	0.1483055170162543	-0.057805572199844744	117.07619047619048	-0.468812464050478

drug_457.txt	1.72627170355578	-1.4253737567197546	0.0528570008550813	0.19813818344169581	0.18197439748049685	0.03666880720661887	154.5792960662526	-0.00791927114510097

drug_458.txt	1.80899761468908	0.8579371582950891	0.008210541004100375	0.07710694732240603	0.1504468135504035	0.010403537708970791	112.37060041407868	-0.4591080170940135

drug_459.txt	-0.244871581516614	0.46993488769626013	-0.008097561100623735	0.0599031855529738	0.1533319790864398	-0.034763934104976336	116.86997929606625	-1.2071548176467648

drug_46.txt	0.0862317634659122	-1.3650377076890963	-0.053746991124381915	-0.015537123450050594	0.08285795473968594	0.056254605922360916	192.05797101449275	1.3367453456107876

drug_460.txt	1.73710545293171	0.39924487197804515	0.03811484416677435	0.1369678836727407	0.1872401815785373	0.029379004375333	151.97184265010353	0.24779392446842777

drug_461.txt	1.7511843346092	0.6693986356694379	0.04420090550317371	0.185991099647221	0.21483804937268278	0.06930807515976314	143.97971014492754	-0.31868110399377214

drug_462.txt	-0.145270982415266	-1.1534750407545724	-0.042623761416808625	-0.045630280133856393	0.10413374280398925	-0.05568295122279613	106.99710144927536	-0.5364422000165043

drug_463.txt	1.68423475897265	0.5848234506308856	0.07533808179279955	0.20873846669752893	0.14233025710603647	0.012271778635581742	144.1416149068323	-0.3886792115639429

drug_464.txt	-0.0113718311421757	-0.8239150226837056	0.03678355138398676	0.1445622609444579	0.11246599440287033	-0.03901326640864046	131.3726708074534	-0.34437866456001026

drug_465.txt	-0.0271980917512621	-1.1308077932311837	0.0012644205463586966	0.07706740250165683	0.14627024135949984	-0.00543992794217526	164.78840579710146	0.9221442441339042

drug_466.txt	-1.83236256726022	0.6330465075015788	-0.060486215139884114	-0.006700900056610448	0.08695211968702066	0.15665844134210724	161.86666666666667	1.5550271539817

drug_467.txt	-1.66430354468298	-0.6382986378896022	-0.06839065345899828	-0.078777390899952	0.07746434879460802	0.06803845686017733	75.95072463768116	-1.7078625114710486

drug_468.txt	-1.8347090475398	1.106643326577383	-0.005498623039432771	0.08816020982828587	0.1107990242879499	0.20022691097385226	95.75693581780538	0.19474369211560924

drug_469.txt	-1.88996505242137	0.5058478198690678	0.008073454090110094	0.10460750080399839	0.11960515095602743	0.036869078523888044	133.06666666666666	0.05653304365784775

drug_47.txt	-1.81853331114439	-1.1831290689397291	-0.07970096415614478	-0.09421887490242392	-0.025064685644433708	0.03008441933315041	196.4927536231884	2.484551679274726

drug_470.txt	-1.90735008598214	-0.6125887088587669	-0.2441274943640745	-0.6931192529814076	0.023159893851328512	-0.012034098229886261	-3.905590062111801	-2.1842730057954363

drug_471.txt	-1.85492871803406	0.5990061759087889	-0.0884381564389076	-0.10410928863365504	-0.0020094825449408537	-0.005614539048800715	136.53374741200827	0.34100755616567474

drug_472.txt	-1.58640372774172	-0.8701926609407525	-0.10861319691210589	-0.1516531004135544	0.026671218259435966	-0.006437693885896602	133.99792960662526	0.8109152276665225

drug_473.txt	-1.8437454928718	0.5121642752503044	-0.006779147271331415	0.09024608528451034	0.11678757307805356	0.32353069557247405	109.04886128364389	-0.0860671845369354

drug_474.txt	0.045370832639929	0.7161195893207916	0.03867159970293357	-0.06847541002429391	0.12462371872091897	0.19606781116696262	72.56356107660456	-0.8946611165774485

drug_475.txt	-0.0573750485383037	-0.874397432466397	-0.0032277696009841705	0.05739215974186082	0.14943005576926519	0.2814584884724528	57.56356107660456	-1.8026770586125584

drug_476.txt	-1.88313640650136	0.7626053526536067	0.07773218815829797	-0.019479006048805314	0.15188739697836784	0.25843339185212677	108.5391304347826	0.3595511746451459

drug_477.txt	-6.10195817384307e-05	0.7796228587736641	0.06215910069381694	-0.12589353419708055	0.18482342518007758	0.2953271405702374	81.08819875776398	-0.8432408016272243

drug_478.txt	0.0284961446718811	0.7691574986803269	0.0949357616856901	0.1480286097935442	0.15644149511284203	0.24927768741942133	72.83395445134576	-0.7914192519420187

drug_479.txt	-1.8510345592722	0.7240131030174136	-0.00047126968367228184	-0.11717242629455066	0.15217757483734026	0.263031004167514	92.36687370600414	-0.6366071224822045

drug_48.txt	-1.72369778665335	-1.1275683451026417	-0.11882167295743856	-0.16413578943656626	0.15778721760939973	0.05139181766866321	209.31552795031055	2.3146110927072914

drug_480.txt	-1.75403006601209	0.5749577409659374	-0.10574264104709138	-0.14181920248109325	0.02259767817086352	0.06310018176548704	163.95734989648034	1.5449149972808272

drug_481.txt	0.0291451711321906	0.46264754945497305	0.3707695483359299	0.7848472271941156	0.12857951098567802	0.16240545939420972	92.24306418219462	-0.1790776807281355

drug_482.txt	1.6445332001997	0.39315206325094443	0.027197623963341272	0.1709318857822717	0.2510641654938549	0.23313839931672853	150.6327122153209	0.7963633460684824

drug_483.txt	-0.190664003994009	0.37038383067706065	0.01095666172414514	0.1262035921978753	0.2588394427899564	0.2115582839108814	155.04927536231884	0.9267387831794243

drug_484.txt	-0.18871692461308	0.36678478595580316	-0.013656323220307548	0.08171467017992345	0.15192256494730721	0.14853703163244975	191.22111801242235	1.7736214734097009

drug_485.txt	-0.0990125922227769	0.43474986080045264	-0.002783998336098076	0.058304354480192416	0.08086370106100849	0.14326484746929274	186.55155279503106	1.0293609030358404

drug_486.txt	-1.89851334109946	0.88049654090974	-0.31387909299530303	-0.7419244068963498	0.061429682092112886	0.14567911529336355	170.8695652173913	1.1024596770111081

drug_487.txt	-1.82257724524325	0.359037865683893	0.011416416470377388	0.09441399484049245	0.10598869135137584	0.15413887519981978	187.1801242236025	1.468282131893949

drug_488.txt	-1.88787929217285	0.47848655854586214	-0.024172483883707407	0.03650983314626849	0.07557091483695193	0.14689646957818608	176.8935817805383	1.8792519854430798

drug_489.txt	-0.0235757474898762	0.28217594418935654	-0.04741648180656552	-0.0034519619990995287	0.10404574019328638	0.16789213031968978	168.8848861283644	1.506811980747474

drug_49.txt	0.106301658623176	-0.9766941153744625	-0.10803152922131151	-0.1359738318023926	0.21269160325423486	0.058797208605518896	174.44347826086957	0.9450651901489754

drug_490.txt	-1.86965662617185	0.3187011744686251	0.033398119730393444	0.15134514696096074	0.10893161041840095	0.17556864778008752	187.04016563147	2.736125121608445

drug_491.txt	-1.77090475398014	0.5453942832890507	0.022956596044542754	0.12406175817625531	0.043560388385425156	0.07856912765287444	176.29026915113872	2.0512674342209545

drug_492.txt	-0.175287069395906	0.6390291327449575	-0.029292994800969863	0.04452341353621564	0.07586592741677198	0.03822275769378988	158.30766045548654	1.1035664640019593

drug_493.txt	-1.83455927220281	0.4035363723362382	-0.037935110228577984	0.02378410477421361	0.08277348365137964	0.10874283121879169	151.42650103519668	1.8726177654733531

drug_494.txt	-1.76855827370056	0.7449675623602754	-0.002674696287962408	-0.3208249986287628	0.026749837636073692	-0.0001097394465486731	66.96604554865425	0.1408050659242406

drug_495.txt	-1.85128418483386	0.16415910889623933	-0.01601988445581559	0.06726277471625741	0.10633927553418109	0.16854435896634534	187.64844720496893	3.708731174101091

drug_496.txt	-0.220019970044933	0.2893203662141498	-0.029581686408944263	0.027802477095393074	0.17907403183277848	0.1821707604726512	180.07619047619048	2.7380986826657048

drug_5.txt	-0.103605702557275	0.4156357568806939	0.44905338252147886	1.0483888705195463	0.09002129211548399	0.05163840836395741	171.89648033126295	0.546030719171285

drug_50.txt	-0.00822654906529097	-1.2303141657182466	-0.06574402537381194	-0.07875173912178057	0.1914595465712699	0.04824435969544478	203.10931677018633	1.5923087896542594

drug_51.txt	0.0470405502856825	-0.8334416299250825	-0.15907068591325565	-0.24545425601008697	0.10047567148237033	0.06375511615407828	215.0832298136646	2.9491102417518738

drug_52.txt	-0.0730293448715815	0.7104646037466968	0.025273467046191295	0.1488683998092143	0.13178742648538386	0.016020492453832306	160.07536231884058	1.3113143397411473

drug_53.txt	-0.161446718810673	-0.9202936842914243	-0.05444572555536473	-0.013547077111909223	0.08232681820031	-0.03694223145746719	140.2745341614907	0.19446433511784328

drug_54.txt	-1.58191046763189	-1.2413018102205529	-0.0773731803127384	-0.06405257528469976	0.07327107700794352	-0.008083399160495296	190.4111801242236	1.3725340118071405

drug_55.txt	-0.0388306429245021	-1.2003061163869209	-0.05925459039115022	-0.029100872913510267	0.08405992233438896	0.009473304898499011	194.10269151138715	1.1262315578381292

drug_56.txt	0.0490375547789427	-1.2271246507077682	-0.07652205698370892	-0.09444852920652036	0.04289634397530602	-0.016605715922465448	182.231884057971	0.5947112159920027

drug_57.txt	0.0481888278693072	-1.2124620177728322	-0.08923208504556399	-0.11317331807610059	0.012808541684843928	-0.04564784842282275	205.30807453416148	1.6677926215915386

drug_58.txt	-0.0904032839629445	-0.8375640223221484	-0.16202842840116177	-0.24353607482315803	-0.02349672870099755	-0.09063980368893056	191.3664596273292	1.7078139259475495

drug_59.txt	-0.0855106229544572	-0.8501025133519937	-0.11989826877929413	-0.17273000874389616	0.08855181915875343	0.0031456913306085665	200.14906832298138	2.2526357536288653

drug_6.txt	0.0139180118710823	0.604786841888178	0.4132164112735054	1.0638019861099322	0.10467640275562075	0.08246785471722659	182.29233954451345	1.07951063800125

drug_60.txt	-0.159749264991402	-1.230646632540148	-0.08218111905749859	-0.08085974408694191	0.14977930047898425	0.06706356577183134	206.59958592132506	1.3495180792103425

drug_61.txt	-0.090752759749265	-0.8213704493816782	-0.09744987047937873	-0.1324497722463538	0.007310095432740287	-0.003218846942948301	206.43561076604556	1.5092796296307642

drug_62.txt	-0.03643423753259	-1.1284278005800266	-0.05835196142851906	-0.04022563275087082	0.04293573167453402	0.0004755114802082717	201.28364389233954	1.0318318924921388

drug_63.txt	-1.53844233649526	-1.205133532683445	-0.06510003870134992	-0.06640917905628357	0.05688262044265033	0.004279446614379862	177.09855072463768	2.082767693957949

drug_64.txt	-0.123353858101736	-0.820712729537695	-0.09803273600181031	-0.1174996782818592	0.022920737179895734	-0.07505559692598741	191.65010351966873	2.217081567968687

drug_65.txt	-0.0143174127697343	0.8645201117489735	-0.05062024863352549	-0.030735955761971134	0.18892800489656136	0.21313107198283293	179.08861283643893	1.011239072030552

drug_66.txt	-0.0731791202085761	-0.6794370422931778	-0.12940491706925533	-0.19777935553733467	0.07929736770485331	0.14667700274116688	104.54989648033126	-0.6323646218514868

drug_67.txt	0.0476396516336607	-1.1191080267296427	-0.08556801721282364	-0.08028818673713728	0.1140057345683868	-0.030669648159084035	150.22194616977225	0.2241063945793119

drug_68.txt	-1.81957064403395	-0.4657585804403067	-0.06309826265893362	-0.04187283137990916	0.05962652299839	-0.004535523400985594	86.67826086956522	-1.6188431263781193

drug_69.txt	-1.82471293060409	0.8076769236615823	-0.06274421311134773	-0.02413529647402085	0.12958295083660198	0.012783592166487622	111.79875776397516	-1.0449440902353309

drug_7.txt	-0.10610195817385	0.638349127819307	0.35426566860848857	1.0771045656816218	-0.014746410555605362	0.010934762111064634	173.63975155279502	0.21945670813571225

drug_70.txt	-0.0680867587507628	1.007108331013344	-0.10318052473687908	-0.13030299634849474	0.05332350581658833	0.042721704293154625	215.87080745341615	2.0963432890802887

drug_71.txt	-0.00178620957452713	1.0620511806086448	-0.0947040207148607	-0.07806925516075752	0.03280292936133767	0.0039137177734311175	204.06501035196686	2.672983017466419

drug_72.txt	-0.0229544572030842	1.1467679663724242	-0.02456072906798365	0.022984747724833055	0.21648506958961028	0.14620149126095863	195.55942028985507	3.795779634387323

drug_73.txt	-0.100438231541576	-1.0409115596509209	-0.06580320186935532	-0.07329412298682142	0.13215079552507555	0.0764152346133927	198.0840579710145	2.1213121692433

drug_74.txt	-0.0686858600987408	-1.1316327918740874	-0.13427605050996236	-0.20371129736588456	0.16498093717764398	0.10285679094966617	242.10600414078675	2.5596261237354794

drug_75.txt	0.0881289177345093	1.0057130888540844	-0.058582204990790865	-0.03505659860480864	0.11971703230182065	0.0695142114804284	222.72173913043477	2.289769169834702

drug_76.txt	-0.0506129694347368	-1.0408934171245774	-0.0791953923032476	-0.05371761897695171	0.09849910260526412	0.07847552787753703	246.3503105590062	3.107123238059129

drug_77.txt	-0.0583014367337882	-1.2261867065140701	-0.09106016048645918	-0.0968924231125764	0.054732708505283605	-0.05570595892051736	165.80993788819876	0.7250361617445193

drug_78.txt	-0.00303433738281467	-1.2726990885723355	-0.10491324562702822	-0.11755833807325183	0.051093739376761434	-0.0029262244935893645	167.60662525879917	1.3829972465347944

drug_79.txt	-0.0602984412270483	0.891094808072087	-0.07149266240348523	-0.05677399017378254	0.0029551482278533294	-0.0957580666433894	127.12712215320911	0.31534531680500716

drug_8.txt	-0.011144394519332	0.6174126534669038	0.37146023815450246	0.9273110111819679	0.10839478945247233	0.12759660536958028	197.21325051759834	2.331269611357947

drug_80.txt	0.0525323126421479	0.9697612907235296	-0.07908681460929462	-0.07509143677812319	0.0044868248427881235	-0.08672359664303907	165.97722567287784	1.140672874256228

drug_81.txt	0.120630165862318	-1.1448397433872177	-0.10426470020990641	-0.12297052080802967	0.058362330794031955	-0.07121438083929565	153.83892339544514	0.4202932879458052

drug_82.txt	0.028817884284684	-0.6563464773201183	-0.031139847369555884	0.0032932678672206173	0.2146133180298124	0.013483983708550052	130.62774327122153	-0.7798492685500433

drug_83.txt	0.0482886780939701	-0.44977105439671017	-0.07322791603448334	-0.057969923797439094	0.13078367456319043	-0.04517226021222535	89.04099378881988	-1.6896689111373573

drug_84.txt	-0.0686858600987408	-0.8326824808355195	-0.07076341891782606	-0.07028507861234934	0.19176417398945172	0.021204799346281562	113.45590062111802	-1.9037490125420309

drug_85.txt	-0.0651911022355356	-0.7447647475626704	-0.052796626698517035	-0.011496372225112739	0.14630465139371107	-0.06376076421207183	150.4857142857143	0.42650220249146337

drug_86.txt	-0.072879569534587	-0.5800226187518127	-0.1284912461480309	-0.17839848028440664	0.14704046837801538	0.03898971826860441	146.32836438923397	0.5662333005518883

drug_87.txt	-0.0818660897542576	-0.5922805701410745	-0.10147611000983428	-0.11011967399618655	0.20393324068384813	0.0245897423871342	137.07163561076604	-0.6053239972348425

drug_88.txt	-0.120757752260498	-0.525248598764643	-0.11760196929112715	-0.11389616790650597	0.16635971688600248	0.06802430222869416	115.30434782608695	-1.2267585760890205

drug_89.txt	-0.0277472679869085	-1.1517782752664338	-0.059206874604646964	-0.02859099222153022	0.21093356361785903	0.1814025759433837	146.26418219461698	0.678134436915809

drug_9.txt	1.874798912742	0.357098116441615	0.23092434517201121	0.3989983719768825	0.18444064908645252	0.1840258292403921	176.20289855072463	1.4104799651705036

drug_90.txt	-1.73579630554169	-1.0345247004245752	-0.08799579750176145	-0.055545326604553524	0.23431473347742443	0.12051424788089442	132.77391304347827	-0.3481575067114571

drug_91.txt	-0.106079769235036	-0.6598195341838697	-0.09019254831468312	-0.07186862917852205	0.1462578991891135	-0.039830259804160086	142.41780538302277	-0.4283334418873742

drug_92.txt	-0.158301436733788	-0.8261470761343375	-0.0546556846226976	-0.02499822931586876	0.21964401566796923	0.0429401760705115	107.8703933747412	-8.729118290089275

drug_93.txt	-0.0999389804182614	-0.6355005806931012	-0.10511487041930201	-0.0985614741976088	0.10475347336494324	-0.08933907148539903	85.8935817805383	-1.5909162071849838

drug_94.txt	-0.0484661896044821	-0.7182795893055243	-0.09908900313040192	-0.10715309214066193	0.1604717297824825	0.003421434686170354	155.62360248447206	-0.11821792021906581

drug_95.txt	-0.117362844621956	0.6233754022075886	-0.047561247977988	0.05122049587291633	0.29701679094807587	0.21224924695100295	95.66128364389235	-0.7969485473123056

drug_96.txt	-0.167437732290453	-1.1454217120547507	-0.08485139010007492	-0.08174035805297514	0.23571228852320958	-0.006348632763727094	120.53291925465838	-0.7721401711445133

drug_97.txt	0.0892771953181339	-0.7119759113791796	-0.03854363085375742	0.023988672724752858	0.20818398129450094	0.03671961370835815	99.10973084886129	-3.1237919539380217

drug_98.txt	0.0492372552282686	-0.8819236821533895	-0.00042416097555150745	0.08540731284257164	0.28456240410204187	0.21781116153363417	126.89109730848861	-0.19538798232600413

drug_99.txt	0.0803905253231264	-0.6047201025983955	-0.10402848883767171	-0.12519056741551893	0.12586980338175394	-0.07995984814560093	118.4488612836439	-1.7004886761378468

