	SScmap	SSfisher	SSlincs	SSlincs_Norm	SSpearson_corr	SSspearman_corr	SSzhang	SSzhang_Norm
Acebutolol.txt	-1.64412111679119	-1.053414388295729	-0.009013598497112557	-0.0315698471822391	-0.06768400512352045	0.03762149799885648	26.446464646464648	1.4070904114100953

Acetylsalicylic_acid.txt	-0.125933936295714	1.1387944200270397	-0.24926781300259243	-0.939301481965634	-0.05516985359318981	-0.13108442919763674	32.085521885521885	0.38146450512150076

Alprenolol.txt	-0.0313933674138157	-0.09933320158829223	0.04871187742343627	0.13491137786059754	-0.06159957386015901	-0.0245092433771679	3.78989898989899	0.5845494872883616

Amiloride.txt	0.350589854502556	2.68262054425577	-0.31681750172830314	-1.0188583775637232	-0.24962654947046428	-0.26152086906803884	-15.28888888888889	-1.014839829922395

Amlodipine.txt	-0.0266352077598636	-2.941061953780743	-0.28410207438684215	-0.9350989815335784	-0.11110561669505234	-0.17484276729559747	-8.79124579124579	-1.575163307487424

Atenolol.txt	0.261875737318128	-1.0936560194130063	0.25054095635488427	0.9974925163296746	-0.043662541006289045	0.210062893081761	15.691582491582492	0.4782949471451513

Atorvastatin.txt	-0.0988399528116399	2.844749426979159	-0.08703174000494207	-0.3105378025492551	0.041154815732841535	-0.044101391271202585	-17.81077441077441	-1.3478454241064917

Benazepril.txt	-0.208513566653559	1.035949522310102	0.31173252915440774	1.162196036060537	0.15433346674827786	0.10173432437583381	25.686195286195286	0.786104928880472

Bendroflumethiazide.txt	-0.274773889107353	2.7507368885949055	-0.3533163549958689	-1.1474685611381457	-0.17226791177717019	-0.17865446922050693	-27.6013468013468	-0.8625436229818162

Betaxolol.txt	-0.0835627211954384	2.892835148464468	0.06499391475035349	0.21486335759819447	-0.03242241105309452	0.01116828663998475	25.542087542087543	0.577401424067275

Bezafibrate.txt	-0.551513959889894	2.904001722756565	0.0532891356233304	0.14259984886402183	-0.14140147902352665	0.029540689918048403	16.78181818181818	0.04316358037946951

Bisoprolol.txt	1.51913094769957	0.23280304407349967	0.04911758873953384	0.170397719197786	-0.04887281220026258	0.05462168858395273	30.95286195286195	0.8312039015233441

Bumetanide.txt	-0.370952942718574	0.12288107727383268	0.02107898828288382	0.08888250663069597	0.04787092464986444	0.01292166952544311	-6.754208754208754	-1.5965917387733046

Canrenoic_acid.txt	-0.112432822126098	2.844613685264012	0.41529551831906414	1.3922207235543784	0.13093275398072543	0.23049361539927574	26.36026936026936	1.1474948289309714

Captopril.txt	-0.147398086249836	-1.388114167903262	0.06439537742292349	0.15369892666089396	-0.0468054096048993	0.03403849818944158	37.70639730639731	1.374165776551728

Carteolol.txt	-1.25324419976406	-2.8567487200938406	0.29026861657262953	0.9486500348377676	0.020346224754655036	0.21204497808271391	42.65791245791246	0.791568971895119

Carvedilol.txt	-1.60259535981125	2.8391758189190677	0.060314772648396006	0.11065101003814709	-0.06852471162991626	-0.08404802744425385	4.5784511784511785	-0.664519420060011

Cerivastatin.txt	0.306816096473981	-0.5051766117824054	0.385193065779481	1.491343382854291	0.09124040764890115	0.15037164093767863	35.97979797979798	0.883990640142227

Chlorhexidine.txt	-1.6600471883602	-1.482931626421251	-0.028607876258146203	-0.12911798264245006	-0.18477470509555194	-0.1797217457594816	-3.6666666666666665	-0.9111096536502931

Chlorthalidone.txt	1.3500393236335	2.8944152039896145	-0.08736015441990638	-0.3487868437891638	-0.10951636721728933	-0.1500667047836859	-16.037037037037038	-1.3911625948361015

Cilnidipine.txt	1.45251671254424	-0.43889779440804494	-0.014184817300798513	-0.09959612069016305	-0.023197989788106565	0.03807890222984562	6.424915824915825	-0.7463865053867789

Cilostazol.txt	-0.00478437540962118	-0.11703980643211132	0.2508050520072117	0.8113333341004765	-0.007990395927342136	0.09266247379454925	3.435016835016835	-0.20134767431530745

Clofibrate.txt	1.74134880062918	0.1340566053436496	-0.23518670693297258	-0.795928776851121	0.13077612660994412	0.03007432818753573	-10.683501683501683	-0.7254692939085098

Clopidogrel.txt	1.15581989775855	-3.097540561744018	-0.06871383156689226	-0.30240390929019173	-0.03687364579847178	-0.1457213645892891	10.752861952861952	-0.0294222618641344

Cyclopenthiazide.txt	0.254233844540569	-2.8881529494133114	-0.26272795673977567	-0.8827943313350957	-0.09671299116672531	-0.09975223937488088	11.05050505050505	0.04119018590082174

Digoxin.txt	-0.305551186262944	-1.2262837394774897	-0.04132582576457408	-0.1473458206464094	-0.05402823550211439	-0.025652753954640745	-3.6498316498316496	-0.8399559548520316

Dipyridamole.txt	-0.252811639795517	-0.5014406839494296	-0.2786278518927894	-0.9992309751233961	-0.2327611665230724	-0.1803316180674671	-27.993265993265993	-1.0759486657839925

Dobutamine.txt	-0.0222178529296108	3.1800964244247485	0.07827252178342815	0.20256538403000304	-0.0034832683237588534	0.08244711263579188	37.12457912457913	1.0197870220068654

Dopamine.txt	-0.260551841656836	-0.5572937444622631	0.027303001930433876	0.10207862741234991	0.020736017321742364	-0.031065370688012194	39.837710437710435	1.2353809232066604

Enalapril.txt	0.0477454450124525	-0.5160912835540998	0.30042009919881985	1.0297835057893718	-0.0006387020652497029	0.13962264150943393	63.14545454545455	1.754015196525717

Eprosartan.txt	0.1061410407655	1.2260365092193433	0.2278921708614221	0.8552695655191416	0.1339830621753583	0.17087859729369162	8.67878787878788	-0.03533141565506941

Esmolol.txt	-1.38399528116398	3.0044954895123572	0.19082966530071926	0.658294078367125	-0.06555689124127538	-0.062168858395273474	27.176430976430975	0.4822751159647309

Etacrynic_acid.txt	-1.3933674138157	-0.04939228027410919	0.04923599102422674	0.1443540103433003	-0.05318189519568004	-0.025347817800647987	7.262626262626263	-0.3502020302180837

Etilefrine.txt	-0.0274282343688557	2.693100699166715	-0.005270418361839946	-0.043741124549328936	0.003950219135565587	-0.01520869068038879	4.37037037037037	-0.6882679030537768

Ezetimibe.txt	-1.68252719884651	-2.7700883180290936	-0.31981399730350135	-1.1382192072629866	-0.08239294823939593	-0.1110348770726129	17.44915824915825	0.6716418765696927

Felodipine.txt	-0.631144317734959	-0.5768487502771676	-0.30729573318197273	-1.033549324597291	-0.2497370322014932	-0.2549647417571945	-15.634343434343434	-0.746806042212337

Fenofibrate.txt	0.27652379079827	2.733214920547832	-0.06613784117910257	-0.22888234314902378	-0.24019940064413528	-0.20137221269296735	-3.4565656565656564	-0.052764430239456275

Fenoldopam.txt	-0.344147332546861	2.765629309257129	0.017624745572903805	0.08100173131840716	0.032825910602271746	0.050505050505050504	5.08956228956229	0.537063035077886

Gemfibrozil.txt	-1.69268580416831	-2.592684780539025	-0.034041473645039816	-0.15220046004914478	-0.09571563011103888	-0.19031827711072993	-37.73670033670034	-2.714105506403784

Hydroflumethiazide.txt	-0.0962118233058068	2.96457357612687	-0.26967843215042	-1.036676461451797	-0.09967570697767833	-0.17087859729369162	5.004713804713805	-0.9699478837148481

Iloprost.txt	0.00265434526150221	0.32121438874423663	0.43803868859020023	1.4047578960205855	0.21633114927837252	0.2887364208118925	57.88215488215488	2.024975098301955

Indapamide.txt	-1.59516319307904	0.24929453155360343	0.3838858403433998	1.2112482307699872	0.05858861612541818	0.07421383647798739	38.008080808080805	0.8442314559843375

Irbesartan.txt	-0.0408965788438852	2.9990144328018995	0.005346506416350011	-0.026991361962308724	0.07864209401864002	-0.08046502763483894	-0.4835016835016835	-1.5203564425827223

Isradipine.txt	-0.164176169878097	0.15246514532266453	0.2792193471484747	0.9259878830063544	0.26663983110611766	0.25900514579759853	35.61818181818182	0.7919557804266941

Labetalol.txt	-0.208847817538341	2.8632619077450316	0.024181228586485817	0.03822163187407701	0.05111909407448191	0.05180102915951972	23.84983164983165	0.5437684159983303

Losartan.txt	-0.114831563769826	-2.5734312775306654	-0.349041222681658	-1.1445149590487864	-0.06490872555465636	-0.0850390699447303	1.2915824915824916	-0.7036135521368291

Lovastatin.txt	0.0394874819766681	2.8790060092657077	0.0031307430520351592	0.033213094835053636	-0.05102524551611587	0.0012578616352201255	8.606060606060606	-0.41878612419219574

Menadione.txt	0.87294534014943	-0.79125081468597	-0.013412599697656735	-0.07616899544667788	-0.08537228315693424	-0.09296740994854202	14.08013468013468	0.4803617042424775

Mephentermine.txt	-1.10059640844147	-0.494013062820116	0.0755191980809215	0.18479788569763733	-0.07144715431339888	0.023213264722698683	21.921212121212122	0.24016710943501676

Metolazone.txt	1.02197535718967	-0.6676559787824001	0.09263267281613805	0.28484432888700584	0.03252109427169964	0.12681532304173812	36.624242424242425	0.8417459649120955

Metoprolol.txt	1.47036964215494	0.10398782981478288	0.3175725015561735	1.0417310840956064	0.20830267658680957	0.1659996188298075	19.20942760942761	0.21485406104026175

Midodrine.txt	0.144049023463101	0.625034793527183	-0.18968885153532275	-0.7099241804431209	-0.0022573013909464286	0.009262435677530016	-1.4814814814814814	-0.07209610064445714

Milrinone.txt	0.049934460610827	0.07160348836815122	0.08544307144196267	0.26974456459278184	0.05698562900945078	0.059271964932342276	47.75151515151515	1.5028531038117616

Moexipril.txt	0.0800235941801023	0.2584349189055969	0.26926260426536963	0.9527447054948008	0.1406267958021617	0.077263198017915	19.894949494949493	0.9663700716215011

Nadolol.txt	-0.173613841918993	3.0431544478139854	0.30648579498075385	1.1302928002377555	0.05446192127406572	0.057442348008385734	46.126599326599326	1.2681666196434902

Niacin.txt	1.64353126228864	3.1181407169719164	0.21510983608381323	0.8822431855321544	0.30093378127078196	0.22149799885648938	29.962962962962962	0.706831338476562

Nicardipine.txt	1.37727749377376	2.8760890729705566	0.30298623236600886	1.0279096240083168	0.24928282297673166	0.18010291595197253	67.67070707070707	2.670569905757184

Nicotinyl_alcohol.txt	0.110204482894219	0.9884618246695636	-0.23838064789389263	-0.900293816878664	0.06635202629451212	-0.054469220506956344	-6.607407407407408	-0.9031003171228417

Nifedipine.txt	-0.155039979027395	-0.02500313425456857	-0.22862534647098873	-0.7830887902631547	-0.24744512235164845	-0.17362302267962643	-49.46127946127946	-2.4144791377779655

Nimodipine.txt	0.195077991873116	-2.754932437986373	-0.042352048499804285	-0.11802733947964811	-0.08634320623282639	-0.114694110920526	-5.1097643097643095	-0.776168162134346

Nitrendipine.txt	-0.0335233975619347	2.709432888740063	0.1654994946288964	0.5065603546717293	0.09616482932836366	0.11621879169048978	17.338720538720537	-0.20787795515861043

Nitrofural.txt	1.46525756979945	0.29473760796349335	0.3269409113047268	1.2528231740635896	0.005119242163117333	0.010482180293501045	26.182491582491583	0.39946307805933146

Olmesartan.txt	-1.30639664438327	-2.865444984252834	-0.2787950888382263	-1.0566710048529777	-0.3087441002124154	-0.22782542405183911	-45.54074074074074	-2.2323561146636597

Ouabain.txt	0.346146283916634	-2.423206635116404	-0.0592470210520116	-0.21483543521505316	-0.15351276374519202	-0.1652372784448256	-7.160269360269361	-2.4089968995095035

Oxprenolol.txt	-1.40526281295058	-0.05799146524005261	-0.2798944094741602	-0.8918415053966748	-0.07683879051657269	-0.010558414331999236	20.904377104377105	0.09315421463126027

Perindopril.txt	0.168600078647267	0.23472492568207154	-0.27054908561807917	-0.9153944308117545	0.03641859010502418	-0.06880121974461596	17.233670033670034	0.4256589700008451

Pindolol.txt	0.208742954515664	0.21702585112517464	-0.06928136704442606	-0.21512792098164069	0.09930468796413217	-0.0540880503144654	18.719191919191918	-0.7513946008094815

Piretanide.txt	1.50340149429807	-0.7023881530170399	-0.0077841890496278265	-0.011815702005537276	0.027217016060685363	0.10287783495330664	19.73063973063973	0.4650985207635029

Practolol.txt	0.131078778345786	0.3226886751211004	0.2875840139033171	1.0603961537372504	0.15057000093273082	0.15021917286068226	20.77037037037037	0.013492757687876437

Pravastatin.txt	1.76196093852405	0.25678224085264556	0.011495369010553244	0.023835239094152916	0.12478195746994936	-0.02984562607204116	9.818181818181818	0.32310460633851396

Probucol.txt	1.78136059771923	2.8110987544057267	0.05980037066740482	0.17704568388284553	0.043851367654036445	0.025576519916142557	-0.9750841750841751	-0.7130908961632032

Propranolol.txt	0.10263468344475	0.8017433689569865	-0.19867116684229358	-0.7323158399245673	-0.006239068265619926	-0.08229464455879548	20.58047138047138	0.5513411264169428

Quinapril.txt	-1.68212740857255	-2.925392160608842	-0.013684493548499183	-0.029418755716272227	-0.10979232091620106	-0.026796264532113586	58.01414141414141	1.4216431356223354

Quinethazone.txt	0.150117970900511	2.6557207510015934	-0.0065497254287441575	0.021762641421032458	-0.13485267093652042	-0.07688202782542404	40.370370370370374	0.633890329752778

Ramipril.txt	1.1680429938393	2.7915753731877246	0.1418914731202836	0.5020279239965717	0.19422782099629152	0.18002668191347432	50.92929292929293	0.9097096289341945

Rivaroxaban.txt	-0.463920566260322	3.123211089003838	0.02168365944218295	0.026819577908243686	0.11112016053589584	0.05736611396988755	15.142760942760942	-0.056719872542581984

Rosuvastatin.txt	0.116397955171058	2.6544696427008594	0.3005692077779848	1.0131580183146918	0.06701726507976463	0.12254621688583951	42.06127946127946	1.1579580749646703

Simvastatin.txt	-0.196323240267401	2.4496656122687903	-0.048886436163486785	-0.17959725248684738	-0.07725681960794882	-0.17110729940918618	-42.94276094276094	-3.2745146936994565

Sotalol.txt	1.37327303709529	0.048427690499587006	0.29898047974186226	1.0035088132106684	0.17784647748980545	0.1802553840289689	24.25925925925926	0.4318265182577488

Spironolactone.txt	-0.257405950976537	2.6298102201394604	-0.2861148168781446	-0.9138294510982234	0.03631317740898184	0.0432628168477225	5.397979797979798	-0.06695449574774565

Synephrine.txt	-0.165126491021104	3.130134245259618	0.23595134219199684	0.8967784652268531	0.005660851463955714	0.026491328378120828	20.68888888888889	-0.14849987911475343

Telmisartan.txt	-1.92882422335824	-2.9077050737644647	-0.2593998612234404	-0.936140236047514	-0.29989328603477194	-0.1934438726891557	-4.943434343434343	-1.9581995270657782

Ticlopidine.txt	0.276051907196225	0.5076666993909349	-0.08010731967181209	-0.23634329380043295	0.05354617741365021	-0.13024585477415665	-6.558249158249159	-0.530830521840656

Tienilic_acid.txt	-1.59443570585922	-1.5318046429128753	0.007397949529116737	-0.025343967364624576	-0.11656304062683732	-0.05668000762340384	21.703030303030303	-0.1600001404548742

Timolol.txt	-0.221490365709792	3.049997753116508	0.23978105430953958	0.8160214618649679	0.0894577893896615	0.13977510958643033	8.415488215488216	-0.544291357159776

Torasemide.txt	-0.0149429807314195	2.638612788592534	-0.31266658943224235	-1.0769792492491013	-0.09017707476514733	-0.3031446540880503	-55.38383838383838	-2.191992374803088

Treprostinil.txt	0.0253309739153231	-1.192395865667259	0.29668010004403034	1.1525488483511712	0.029921627468211337	0.14884696016771487	49.831649831649834	1.0726435224750668

Triamterene.txt	-0.0189736531655526	-2.5847264196579687	-0.023922291749977037	-0.06014551983106975	-0.002551642315569585	0.02313703068420049	-21.175084175084177	-0.6392726311453398

Valsartan.txt	1.68147856861974	2.9267309268443524	0.026862378721174668	0.042536159183112154	0.13555655945488146	0.04387268915570802	22.75016835016835	0.5624333517558202

Warfarin.txt	-1.63710840214969	-0.1697939725661889	-0.31843292086561165	-1.0833919048163407	-0.12680182948989666	-0.090146750524109	10.72996632996633	-0.055863308842104775

