	SScmap	SSfisher	SSlincs	SSlincs_Norm	SSpearson_corr	SSspearman_corr	SSzhang	SSzhang_Norm
Acebutolol.txt	-0.0828352339756194	1.0746778772787589	0.022264753549444197	-0.0142875296025477	-0.11903605833904166	-0.15384615384615385	35.61248185776488	-0.1672708505191495

Acetylsalicylic_acid.txt	-0.587298466378293	0.6903584744000943	0.240917944790413	0.8717608394315428	-0.019049583144719766	-0.027832323059848032	81.20754716981132	-0.12007162954758338

Alprenolol.txt	0.881832481321274	2.1132603656856355	-0.2762695511284342	-0.9024242296878296	-0.021164707172921564	0.01664816870144284	-6.5406386066763424	-1.4537455852919572

Amiloride.txt	-0.00776641761698782	-1.2553377879429126	-0.06045628319155105	-0.09099379276922714	-0.09295625593357772	-0.0794843336463758	71.30478955007257	-0.49808999834720513

Amlodipine.txt	-1.73993314982304	-0.7215202038836508	-0.3360644155614659	-1.0379097040086085	-0.3717076303297285	-0.341842397336293	30.03846153846154	-1.276696136892928

Atenolol.txt	-0.307137239480928	-0.8363989901612415	-0.3261109487986029	-1.1901738889874607	-0.09049276770530801	-0.1583710407239819	53.58417997097242	0.4877495399798539

Atorvastatin.txt	0.0109123082972866	-0.9968787446438958	-0.023263541745119604	0.11950308376288055	0.07385070039121237	0.11756168359941943	73.65457184325109	0.6036144704693599

Benazepril.txt	-0.286374360990956	0.9891486457752068	-0.05763159866558948	-0.07214721076771552	0.04977919256521826	0.06787330316742081	50.57039187227866	0.13606799029797395

Bendroflumethiazide.txt	0.0344671647660244	0.7862994213649263	0.24933981429981444	0.8201921837123494	0.1133126598695521	0.1018526423631862	51.945573294629895	-0.23998964621739619

Betaxolol.txt	1.20939834840739	-1.1378900340467162	-0.25123746347320447	-0.9203376691186411	0.02008654141869131	0.04951762998377871	31.54499274310595	-3.8359051857961486

Bezafibrate.txt	1.28430987023201	-1.3620842240343127	0.016306640048412646	-0.14054943959834842	0.0009572478800182497	0.01195253137539486	46.197387518142236	-1.9016256544762233

Bisoprolol.txt	1.5583759339363	0.5675444460815964	0.3638151266854608	1.2040404445014845	0.10672420862690819	0.11184154358405192	80.81930333817127	0.6289469385209414

Bumetanide.txt	-1.55815965395203	-1.4920033041153544	0.031365556851233684	0.24488335009841627	-0.13618921490908736	-0.16656706223853837	71.37010159651669	1.8712211076337677

Canrenoic_acid.txt	0.334604797483287	0.1333195407005497	0.4235892104089416	1.3773584916169566	0.20531428014100087	0.18406898318108084	81.39912917271408	0.7635060373104977

Captopril.txt	0.296224931183641	0.9101151504370142	0.10695381616814839	0.17553554481984546	0.30112399379349103	0.27413984461709207	71.64586357039187	0.22126900891156853

Carteolol.txt	1.73997247345655	1.1217851850911122	0.027837563389260717	0.28603307721138427	0.10518478404436563	0.13566123111073167	53.542089985486214	0.20205735968447736

Carvedilol.txt	0.147070389303972	-1.0191292552608988	-0.09266866016882415	-0.16393643963024607	-0.1684396674120041	-0.15384615384615385	73.36719883889695	-0.9698374502660772

Cerivastatin.txt	-0.0101258356272119	-0.6792671900812328	-0.06535643384002343	-0.42040456168846074	-0.0585188547258683	-0.005122513446597797	-4.394775036284471	-3.1254099431615012

Chlorhexidine.txt	0.18505701926858	0.7378076171366297	0.2495781490052334	0.9875388563952164	0.1636317759491719	0.11389054896269102	116.46879535558782	2.4190420276160203

Chlorthalidone.txt	-1.46844278411325	0.6669558721592396	0.09693085307714337	0.12252919792837047	-0.1573693217632216	-0.17792196704516347	68.28737300435414	-0.43103060993175174

Cilnidipine.txt	-0.475521038143924	-1.3573063315881118	-0.24987801372464896	-0.8539236770985856	-0.05193938419483519	-0.05515239477503628	39.4644412191582	-1.1456090982573544

Cilostazol.txt	-0.0950058985450255	-0.8514350047353445	-0.2789003228399628	-0.9574102473279882	-0.17552760794337943	-0.2095107999658499	63.37300435413643	0.19951317197859195

Clofibrate.txt	-1.26738104600865	-0.7958863373781156	-0.13952542070275845	-0.21491830509169324	-0.22831383229468408	-0.19644839067702552	59.412917271407835	-0.3235630922875001

Clopidogrel.txt	0.337278804561541	0.7883080633146693	-0.06574859430483934	0.026034463797958263	0.1344532626073847	0.1342098523008623	79.80986937590711	0.5666159399463653

Cyclopenthiazide.txt	-0.341722375147464	0.6196341152014079	0.28715250451472324	0.8914902392232351	-0.07312467625528354	-0.06812942883975069	61.90275761973875	0.20621159192884617

Digoxin.txt	1.15660637042863	1.1143088631885765	0.042176735119030404	0.3214592419097412	0.16877542667354226	0.15128489712285492	133.13715529753264	1.9967176453307611

Dipyridamole.txt	-1.65021627998427	-0.8032155891239207	-0.314653447071069	-1.092888869143246	-0.27776823715073384	-0.2679928284811747	4.231494920174166	-1.6619425974103317

Dobutamine.txt	0.327526543452615	-2.2753025469743022	0.3512894512810969	1.2772474531367743	0.18896662313318394	0.09587637667548876	161.5566037735849	3.766106568213688

Dopamine.txt	-1.39606763664963	0.9431652433530479	0.07229659186369185	0.04555061079993461	-0.02927543902592371	-0.01664816870144284	49.5899854862119	-0.28069551932118403

Enalapril.txt	0.00511207235548572	1.087954783078056	-0.2553003962681579	-0.8135267511742985	-0.14674742816278458	-0.15632203534534275	44.60812772133527	0.016909044393297896

Eprosartan.txt	-0.609221392056626	1.0155246958634692	0.15637586680188661	0.438690267918737	0.17454430073457128	0.204644412191582	38.18940493468796	-1.0674569831061098

Esmolol.txt	-0.182894219425875	-0.8186748684579609	-0.18328314080635272	-0.44350007334846775	-0.14896217982351706	-0.11559805344489028	49.6611030478955	-0.1675254757612594

Etacrynic_acid.txt	-1.65857255210381	-1.2767985402783701	-0.04387915846975135	0.010576762168900744	-0.11922888987274927	-0.11132929223939213	88.93904208998549	0.6062231008451309

Etilefrine.txt	-1.3262681871805	-0.5110364482051271	-0.24813452426933755	-0.8057564623258255	-0.1409439879605951	-0.15119952189874497	64.85123367198838	-0.36457192087207335

Ezetimibe.txt	-1.56920959496657	1.3408734110256444	0.2787274215101496	1.0758618158918944	0.032845777043874674	0.03397933919576539	69.20972423802613	0.44609427519745876

Felodipine.txt	1.2894219425875	-1.2607430534007429	-0.2819801468262959	-1.0140339914582102	0.025857304428786122	0.07922820797404592	36.06676342525399	-0.7979233929480141

Fenofibrate.txt	-0.0114038537160834	-1.0399734737937036	-0.05086498416980738	-0.26674374922021993	-0.13705785230884543	-0.08981473576368137	-20.510159651669085	-2.0283200432709823

Fenoldopam.txt	-1.39716869838773	-0.5792828304826878	-0.3143555629419459	-1.0137959990182779	-0.2670220564336127	-0.21958507641082556	-8.071843251088534	-1.1644373210655774

Gemfibrozil.txt	1.58621706645694	0.6689789194375215	-0.0854060296605514	-0.09563974504898876	-0.09684996177664038	-0.09775463160590796	87.69375907111757	0.7628795574680719

Hydroflumethiazide.txt	-0.292371215100275	-0.7467831635152611	-0.05082976197070156	-0.017119893866204328	0.14856520263077477	0.22470758985742337	85.79680696661829	0.27661972321849776

Iloprost.txt	0.244769956744003	-0.6820805343064394	-0.1461119806619557	-0.25363351224001496	-0.2235378856745517	-0.22291471015111414	48.97314949201742	-1.0282501778273523

Indapamide.txt	-0.0947306331104993	-0.9024608650637236	-0.3092538808123515	-1.0161894630492028	-0.18579080353556132	-0.14599163322803724	29.254716981132077	-2.2127878136490815

Irbesartan.txt	0.438163586315376	0.9343723344775221	0.011728411498831179	0.15742679162281492	0.020923434339932056	0.02911295142149748	82.24092888243831	0.35396224643569435

Isradipine.txt	-0.0384388517499017	0.7901772835887706	0.011165763808969414	-0.27340064828202026	0.10810480469443222	0.07077606078715956	42.89767779390421	-1.1574783335160697

Labetalol.txt	0.260322453794731	1.282987115924941	-0.2551038889943845	-0.8262700538310346	0.01658995343957175	0.026124818577648767	12.0711175616836	-2.049343095318232

Losartan.txt	-1.65375540699961	0.7908768340445005	-0.04891726411199124	-0.09166190294123189	-0.09907390399878337	-0.08315546828310424	35.11683599419448	-0.55404513319046

Lovastatin.txt	-0.00385371608336615	-1.1723056536656462	-0.004541646048864062	0.14866501886995354	-0.07039290561669657	-0.08050883633569537	82.75253991291727	0.6360823460311904

Menadione.txt	-1.40827762485254	-0.9085893645474149	-0.11672107884906463	-0.19296883357789252	-0.15953564619649696	-0.08853410740203192	107.81277213352685	0.7447322284481857

Mephentermine.txt	-0.0451238694455368	0.695936706016916	0.039528554258752596	-0.02432647537612803	0.10346350966358976	0.08494834798941346	42.171988388969524	-4.386445699917949

Metolazone.txt	0.0782933543059379	-1.0671552232852652	-0.07893744462741503	-0.007399409323147865	-0.08328935714287021	-0.076752326474857	93.82583454281567	1.3768161588030545

Metoprolol.txt	-1.523692489186	0.981370319004532	-0.24451989809331373	-0.7712206134233914	-0.1177257176004198	-0.0755570733373175	32.328011611030476	-0.2874634003969303

Midodrine.txt	0.134663782933543	-0.8082592862829296	0.09810449100041516	0.16066105819270177	-0.01914159669806729	0.010330402117305558	30.69158200290276	0.8461883810364422

Milrinone.txt	-0.119130947699568	1.1262649156640394	0.10380509875913507	0.16685981992487492	-0.031163663894916042	-0.08298471783488431	61.341799709724235	0.4374187338634877

Moexipril.txt	-0.218049547778215	-2.693137968773221	-0.02586245843040752	-0.2635153499824364	-0.06552615557496305	-0.07786220438828652	40.47895500725689	-0.7372271071611642

Nadolol.txt	0.133012190326386	1.3117973106373326	0.07792774823246593	0.14872428677860883	0.0828459788176818	0.024673439767779394	37.85195936139333	-0.9041394554045489

Niacin.txt	0.166024380652772	-0.8628609116678707	-0.2895460912059236	-1.1111277010603595	-0.18862797972632428	-0.20583966532912149	68.23584905660377	-0.6992258944783452

Nicardipine.txt	-1.3725914274479	-3.2484058367371578	-0.27639078628409264	-0.8536196009194386	-0.2072375938131207	-0.16084692222317082	32.52467343976778	0.0857381321750212

Nicotinyl_alcohol.txt	1.56122689736532	-0.9275969130169939	-0.2612124393600215	-0.9205984051222451	-0.03756529181737409	-0.0427729872790916	22.615384615384617	-2.30739927885093

Nifedipine.txt	-1.54836806920959	1.1339762233635275	-0.11498712278359066	-0.18640336078223296	-0.013387146297707443	0.017501920942542475	44.11030478955007	-0.6443553044945785

Nimodipine.txt	0.43000393236335	-0.60853039320727	-0.06209832522500314	0.014659115317500526	-0.14045634688166048	-0.09843763339878768	72.53918722786648	0.2460452548018759

Nitrendipine.txt	-0.286865906409752	0.7302395460247506	-0.03290240476422182	0.015139255831752352	0.05465841603870681	0.016818919149662766	104.46589259796806	1.020661998688974

Nitrofural.txt	-1.20338183248132	0.9606253335842878	-0.021259910271884536	0.16607121681582232	0.05095458007790889	0.04840775207034918	105.44121915820028	0.9442193379248616

Olmesartan.txt	-1.80200550530869	-0.9041565937838423	-0.25229751943635087	-0.8114599351171666	-0.2586720356031372	-0.2765303508921711	31.782293178519595	-0.7704761327454036

Ouabain.txt	1.94140778607943	0.9869629447621975	-0.10426405727697405	-0.21124075766428307	0.04350257671320511	0.04755399982924955	78.57619738751814	-1.2662303869216076

Oxprenolol.txt	1.5621313409359	2.5848338308311307	0.2597454410867437	0.9102021513008873	0.12246229924643262	0.16818919149662767	66.2677793904209	-0.21545396738301786

Perindopril.txt	1.78379866299646	-0.6482923849474101	0.30243820914757635	0.9464174401186262	0.15241235250052826	0.10851190984376333	84.18505079825835	2.81887837022854

Pindolol.txt	-0.26779394416044	-0.7916998724237798	0.004167299739492883	0.11855042625981205	0.04633522952654913	0.02757619738751814	66.28882438316401	1.070416034387995

Piretanide.txt	-0.332972866692882	0.9534551086167041	0.4051651485545176	1.3560846820787955	0.28146748785499587	0.2524545376931614	121.73947750362845	2.3563632138713806

Practolol.txt	0.0227290601651593	0.8748261858143696	0.294012920694944	0.9549213146609146	0.09727352938806923	0.04089473234867242	67.68432510885341	-0.3691520842706085

Pravastatin.txt	-0.0332481321274085	0.7590091150659214	0.37146379957321946	1.2899058637615548	0.040858121339925536	-0.00495176299837787	67.6966618287373	2.33235964262941

Probucol.txt	-0.165650806134487	-0.6903549992188993	-0.33386713127654677	-1.1634013863092978	-0.10299123551380132	-0.10629215401690428	56.13715529753266	-1.850557161992454

Propranolol.txt	-0.115237907982698	0.8842062836886415	-0.008301743976295267	0.19168064777923027	-0.02849326618116835	-0.055664646119696064	69.71480406386067	0.1385548753770623

Quinapril.txt	1.52514746362564	0.6747706046518676	0.12153983032005489	0.24990180130273087	0.33609881314455303	0.2732860923759925	37.26487663280116	0.014491949337774217

Quinethazone.txt	1.39009044435706	-0.4472627804145425	-0.17464092532334163	-0.2890861228578686	0.1390133202598547	0.17356783061555534	76.88751814223512	0.9311908077490115

Ramipril.txt	-1.60644907589461	-0.5652496853600554	-0.1486819553410597	-0.2672447913215958	-0.22041652754992105	-0.22564671732263294	12.12844702467344	-0.9260982974138631

Rivaroxaban.txt	1.04885961462839	0.9261748247836501	0.03222972541624006	0.2129583279623498	0.06202016598976711	0.00939127465209596	102.74020319303338	3.0750788077053843

Rosuvastatin.txt	-1.24073928430987	-0.8815356431067711	-0.0835748140949378	-0.07034341831500801	-0.09706033234729725	-0.099974387432767	97.5878084179971	1.964542373266528

Simvastatin.txt	-1.45123869445537	2.9799739471376783	-0.23538662744771854	-0.8188872149420197	-0.1017191984986395	-0.017501920942542475	66.7133526850508	-0.8350407548509347

Sotalol.txt	1.67131340935902	0.46457528408504534	0.22161456910343327	0.45633493910963313	0.2456745077277493	0.25100315888329205	75.69303338171262	0.6057556297769944

Spironolactone.txt	1.560538733779	-0.46608660494585236	-0.36693729510420403	-1.168808610861892	-0.2078350032940451	-0.17792196704516347	45.84470246734398	-0.1444211099637045

Synephrine.txt	0.070251671254424	-0.6252514399224166	-0.3332889607814943	-1.1442420206950739	-0.11509188940424044	-0.07991120976692563	40.83671988388969	-1.5141500299450004

Telmisartan.txt	1.45290994887928	0.6009945684757554	0.051283906556678444	-0.022931212870002105	0.11126107003578788	0.13309997438743276	65.94847605224963	-2.073963251778137

Ticlopidine.txt	-1.65768777034998	0.5136953935333539	0.3162805814706226	1.0006989651786675	0.1740915717297265	0.16690856313497823	52.335268505079824	-0.2714289190902054

Tienilic_acid.txt	1.76150216279984	0.8342118757101941	0.1944106030055426	0.7171101957021524	0.21397624167502374	0.17851959361393324	107.57402031930334	0.930240659645866

Timolol.txt	-0.332658277624853	0.8002821595162586	0.06483805321371178	0.044218093921224666	-0.030575823459911708	-0.024075813199009647	45.40711175616836	-0.695312795829504

Torasemide.txt	-1.74567440031459	-0.8036547214552289	-0.4342440678189844	-1.4114965351965711	-0.23765134291062864	-0.24434389140271492	34.91146589259797	-0.5754544655639855

Treprostinil.txt	0.203440817931577	0.7557219239002825	0.024470664422280658	-0.06357595674591393	-0.06119605151204611	-0.07376419363100828	52.73367198838897	0.4742869995206887

Triamterene.txt	-1.58434919386551	1.5175762129765555	-0.0591634861285866	-0.33704765216736193	-0.22057827203525418	-0.2266712200119525	7.435413642960813	-0.8748635518136638

Valsartan.txt	1.35348014156508	0.7903973822550181	0.41924125206936846	1.387352759714213	0.22236018787252923	0.19354563305728675	107.93686502177069	2.2086544198069045

Warfarin.txt	-0.232343688556823	-0.5360279886146827	-0.34786693788715856	-1.0657906988783639	-0.16269707532823813	-0.20549816443268162	74.0711175616836	1.1626638826818898

