	SScmap	SSfisher	SSlincs	SSlincs_Norm	SSpearson_corr	SSspearman_corr	SSzhang	SSzhang_Norm
Acebutolol.txt	0.121493174540756	0.7558818508181566	0.24972431765512126	1.1522728397162982	0.1581316680118436	0.21140318400592376	-7.78415401703073	0.8774431014334094

Acetylsalicylic_acid.txt	-0.435868771417336	-0.9545966550177727	-0.05546199709782673	-0.3672788670294901	-0.10017546306917076	-0.1545106750586203	-53.88633839318771	-2.2399800660389806

Alprenolol.txt	1.39113532947587	0.18882797046665276	0.38938719618898476	1.4417649911394044	0.1499927514130814	0.12643465383191413	-28.457238059977787	-0.2163674688287093

Amiloride.txt	-0.236851862254929	1.461013642961905	-0.04620653189441473	-0.2714197441407735	-0.11094388984557195	-0.0840737998272245	-46.72158459829693	-0.3627131095463617

Amlodipine.txt	-0.166600191000506	1.0424057868706478	0.04370372660330696	0.019790727409755737	-0.048090493275148236	-0.08913365420214737	-45.4224361347649	-1.737670121031467

Atenolol.txt	-1.42994775574406	0.9271802353242831	0.21545720187841583	0.9838585526536856	0.09539812781180362	0.09592126372948293	-11.0	0.40631167288985803

Atorvastatin.txt	-0.237767541149374	0.834817039592181	0.22111853969243556	0.8307975493838573	0.06347480322764064	0.1330371467357769	-19.968900407256573	1.1091347109486518

Benazepril.txt	0.023484635694624	0.9203407993769519	0.0148879417149375	0.13026326633696633	0.04467791523913798	0.07793409848204369	-7.464272491669752	1.857941551681425

Bendroflumethiazide.txt	0.161985281725746	-0.8138494900950318	-0.061232656387926826	-0.3420873160279385	-0.08606644491720683	-0.11523509811181046	-66.83968900407257	-1.6434198436685863

Betaxolol.txt	-0.100191000505589	1.2664214350384013	0.1338118437055728	0.3255122718886647	0.1297352901325309	0.22229421202023944	-16.75749722325065	2.822524300785393

Bezafibrate.txt	-1.45114038537161	-0.9155218843291094	0.0023059308495438913	-0.09799106035378868	0.09370378632206217	0.17638528939898807	-47.58867086264347	0.005757904164279254

Bisoprolol.txt	-1.63025953598112	-1.0879148622314418	0.028669168135944764	0.24205001437775703	-0.012411821620734025	-0.0017586079229914848	-25.99814883376527	1.0302896912357213

Bumetanide.txt	-1.04371102747037	-1.0032075070675799	-0.23521063577728574	-0.8781241058793611	-0.06212714104734223	-0.08169813649265706	-42.69529803776379	-1.4735170550001757

Canrenoic_acid.txt	1.34850851075782	0.7459275225208756	0.05169650981268871	0.1910708658734377	0.14347374357286238	0.08450573861532767	-18.625694187338024	0.3921391559963315

Captopril.txt	1.70021627998427	0.7960594961861157	0.24127293097439007	1.0591726541475661	0.09668382792196858	0.027613229668024195	-34.2217697149204	0.9901539754553839

Carteolol.txt	1.38145890680299	-1.0200540402181906	-0.05682033680710122	-0.12502810961048727	0.11252981520048401	0.08654202147352832	-34.613476490188816	-0.41525422747961893

Carvedilol.txt	-1.61791753272288	-0.7589259894926346	0.024966983557551364	0.027541391784205282	-0.01622667189307911	0.07756386523509812	-37.235468345057384	1.177870148954677

Cerivastatin.txt	1.83474243020055	0.7896799206040293	0.052218930554808474	0.17434849627570048	0.06656493720539408	0.08425891645069729	-7.055905220288782	2.847684062011326

Chlorhexidine.txt	1.5277652940846	0.7211975210053663	0.07610073285741187	0.25055708574188823	0.1510243795184745	0.07528076021226707	-28.758607922991484	0.7150972415753696

Chlorthalidone.txt	-1.56297679905623	-0.7603952454383758	-0.27912478053588613	-1.1857785871869995	-0.18323596524244554	-0.19023818338886836	-62.30803406145872	-1.585516354384347

Cilnidipine.txt	-0.0232430762316724	0.6649114282636963	0.03031119564512416	-0.03439365753582502	-0.01649108300801108	-0.023077872392940887	-47.15883006293965	-0.8526526286967877

Cilostazol.txt	0.248216392337509	-0.6684749964327342	0.016872653585660674	-0.07287784416644733	0.08985307194420963	0.08904109589041097	-23.66864124398371	0.6795600189748275

Clofibrate.txt	-1.31870400539296	-0.8157054100722658	-0.009742824302549857	-0.13703905763942031	-0.06569277476706019	-0.06889423670245588	-37.79007774898186	-0.20010544893655466

Clopidogrel.txt	-1.26999887646761	0.6258189583247146	0.11347850556566241	0.3151161532489625	0.12365347963093352	0.09693940515858325	-23.99407626804887	0.49468823652129074

Cyclopenthiazide.txt	-0.061443177349587	-0.6222777725908443	-0.25344085440997827	-0.9573311399235803	-0.15365075139056875	-0.07824262618783169	-56.68937430581266	-1.7101949775076426

Digoxin.txt	-1.39651143194203	-1.0058417170181349	-0.008521597860992242	-0.09473214366909194	0.030048708661762572	0.05843514747624337	-36.48130322102925	1.1718992916609443

Dipyridamole.txt	-0.214440199988765	-0.524665591063814	-0.1254048375665731	-0.436826731001805	-0.24379977103210906	-0.21350117240528202	-53.16401332839689	-1.6868575284307974

Dobutamine.txt	0.176759732599292	-0.8909169332686095	-0.2523580528947511	-0.9380766462982668	-0.19017828049508734	-0.2597186227323214	-47.986301369863014	-1.1842470534840286

Dopamine.txt	0.231279141621257	0.8126092341766693	0.22928799320859994	0.8429464496015988	0.05031832213622908	0.10289398988029128	-15.466493891151426	0.9702381969135997

Enalapril.txt	1.36875737318128	0.9888663219153182	0.22271478696555896	0.7740575833365996	0.044899273950936236	-0.047852647167715666	-25.352832284339133	0.669753809535324

Eprosartan.txt	1.75810347733273	0.7576301802551593	0.290690129801679	1.2751505828002592	0.11902757348401169	0.1531223003825744	-9.766753054424287	1.1068722817253756

Esmolol.txt	1.62184989607325	-1.1287445055913572	0.03660217940511927	0.03658590274092599	0.1635967364737584	0.1448537578674565	-22.619400222139948	0.6467815600144955

Etacrynic_acid.txt	-1.87721195438459	-0.7294631558687523	-0.024014932998756428	-0.002208647011531173	-0.08636408893033494	-0.10965074663704802	-46.70788596815994	-0.03599436919399543

Etilefrine.txt	1.75869333183529	0.775351539060513	0.02923288415722773	0.02943856851600085	0.029873653296477298	0.0033320992225101824	-40.25027767493521	-0.2583337968972042

Ezetimibe.txt	-1.48711027470367	-0.8182837611286516	-0.013280809244392275	-0.20916498456428118	-0.07474364830678279	-0.10125879303961496	-40.262865605331356	-0.3703279750428064

Felodipine.txt	1.48250098309084	0.9759152188334823	0.08687622697500488	0.22453281288110033	0.12991448254616605	0.06877082562014071	-13.797852647167716	1.7485242954185567

Fenofibrate.txt	-0.0337200157294534	0.6767293140773766	0.09323488119087972	0.13330062002500698	0.12119380573346616	0.12029495248673332	-1.3683820807108478	1.0694040727493046

Fenoldopam.txt	1.63730970170215	0.8434447227542625	0.10503503539053238	0.24883401849480719	0.14503815706412562	0.11344563741824018	5.555720103665309	1.4362535658595788

Gemfibrozil.txt	-1.45890961181956	0.8743265335632688	0.28041592326853576	1.0266329039359854	0.11122242395052694	0.1312168332716278	-18.29951869677897	1.8009809971833928

Hydroflumethiazide.txt	-0.019296668726476	1.0433901372137786	0.019006479187409192	-0.0769268469152003	-0.047644373460481886	0.011724052819943234	-47.66456867826731	-0.5061532905650413

Iloprost.txt	1.82367563620021	0.8347753304907463	0.12948605633162494	0.3059132803042067	0.23961573198900749	0.20063556707392327	-34.02739726027397	-0.08826938471922305

Indapamide.txt	0.0812313914948598	0.9616233626322945	0.05980254482696537	0.10590983016841882	-0.11553510401177679	-0.11906084166358141	-68.5360977415772	-0.7285366234423473

Irbesartan.txt	1.6837003539127	-0.6480857740585618	-0.28024490115039113	-1.0241965897974343	-0.05282135405004876	-0.05679995063556709	-51.532395409107735	-0.26579021676728093

Isradipine.txt	1.31911409471378	-1.3769453336056419	-0.004290505964956476	-0.12059664093657241	0.011276649832499538	0.10900283845489327	-32.06849315068493	0.2946967343013576

Labetalol.txt	0.0461069602831302	-0.7934578030747452	-0.21820168809471066	-0.8045703635062942	-0.1071969122483689	-0.03329013945452302	-21.92706405035172	1.1554730164086302

Losartan.txt	0.138812426268187	0.7759467978730518	0.013141899086543063	0.20528428607263666	0.04966128931960321	-0.011878316672837223	-7.500925583117364	1.1501009226245784

Lovastatin.txt	-1.48106847929892	-0.953236946370738	0.017573889105028523	-0.07186517035974083	0.10384361481524904	0.16734542761940024	-44.50055534987042	-0.7843907381702011

Menadione.txt	0.0991096005842369	0.8583781695239797	0.09477934259064863	0.1969169675472937	0.10587172026537581	0.10628779464395906	-32.02221399481673	1.0994363155034388

Mephentermine.txt	-0.115232290320768	0.494591253958526	0.04852670195811293	-0.026457411325362612	0.025348352537954172	0.050567690978649896	-30.67530544242873	0.9828550091720496

Metolazone.txt	0.118364136846245	1.0169902589335942	0.03004993109515977	-0.023620893296731893	0.06469433570206165	0.10193755399234854	-30.149944465012958	0.9644649138460568

Metoprolol.txt	-0.110931970114038	-1.0850187763649444	0.07870720032436945	0.13742282013693147	0.09589068167666243	0.14096630877452795	-24.84005923731951	1.3149225679544214

Midodrine.txt	-0.0272316162013371	0.9131771295689965	-0.052050907619834344	-0.10578032410750876	0.021811776907956597	-0.08774527952610146	-9.705294335431322	-0.4945071795739002

Milrinone.txt	-1.34506488399528	0.8241764574985017	0.29078878957256127	1.0733292354053674	-0.003026412834539075	0.012711341478464769	-41.744539059607554	-1.682403703974817

Moexipril.txt	0.228301780798831	1.1301179025593926	0.027627840398785575	-0.03559889019921897	-0.022748866944040987	-0.08620264099716156	-48.139207700851536	-2.3216439940208953

Nadolol.txt	0.392449862367283	-0.45365643325880667	-0.3396480187876547	-1.332799411988328	-0.06523838564514915	-0.07620634332963101	-44.355053683820806	-0.21963859428419863

Niacin.txt	1.38455704735689	1.0140259673459455	0.01885550529724693	-0.028383150640935495	-0.057346157948463955	-0.15000617055411578	-41.054054054054056	0.1438555139267847

Nicardipine.txt	-1.64771922925678	-0.5452142698800344	-0.040618843135976634	-0.06263176749350385	0.033243827412385664	-0.006170554115759596	-16.307663828211773	0.27827429483402344

Nicotinyl_alcohol.txt	-0.279689343295321	0.885849260707825	0.24255399630825394	0.9453378357848401	0.059086681974586684	0.1406269282981612	-20.653831914105886	0.7751023277691527

Nifedipine.txt	1.55779169709567	0.7118822158808726	0.30789794165112705	1.1414248889275866	0.18716402972473065	0.10209181784524252	-1.792299148463532	0.8711487323531805

Nimodipine.txt	-1.80769338801191	-0.5249779335957948	-0.0427971406335578	-0.2679640303572028	-0.12176819199967168	-0.09431691965938543	-33.74750092558312	0.84190733101129

Nitrendipine.txt	-1.3468934329532	-1.138592606175267	-0.27163731886771053	-1.0580161789857452	-0.032684765419321665	-0.02980377637911885	-48.224361347649015	0.09898038822506727

Nitrofural.txt	-0.0626509746643447	-1.1057443796467499	-0.023551354934571084	-0.1419036102628069	-0.02980028277515418	-0.05451684561273603	-37.2510181414291	-0.40827913829838874

Olmesartan.txt	0.12052693668895	-0.8384706257249035	-0.20347354319035377	-0.8248766790566612	-0.11796537909742075	-0.0991608046402567	-50.740836727138095	-1.7925514030250185

Ouabain.txt	1.81704679512387	0.6635850098431638	0.034134677396910715	0.06922214836459317	0.17163651162073085	0.134086140935456	-50.64050351721585	0.6717491495716512

Oxprenolol.txt	-1.62155496882198	-0.3564530709910466	-0.33407912496545683	-1.241342627783622	-0.16030899780913377	-0.1678082191780822	-31.508330248056275	0.005697147479341665

Perindopril.txt	1.78912701533622	0.4522822789607866	0.2593505234354033	0.9655082041320965	0.038416172547046566	0.021195853387634214	-40.109959274342835	-0.7177216036075141

Pindolol.txt	0.133279029268019	-0.6730992544043681	0.21221263807925006	0.8334226014362298	0.16220957894266058	0.1467049241021844	-11.051462421325436	0.6956047118601129

Piretanide.txt	1.40405314308185	0.7070767875894476	0.2745289163231953	1.0772504527412436	0.08861519480338052	0.10863260520794771	-39.314328026656796	0.17882384402773802

Practolol.txt	1.48275658670861	0.8698907800379123	0.32428965039671365	1.3111904756913506	0.19190923278790814	0.1233493767740343	8.97334320621992	3.9377122656568724

Pravastatin.txt	-1.69878096736138	-1.3113033999333878	-0.2734554496249523	-0.9961617536290126	-0.13024209778209608	-0.15972479328643716	-17.368752313957792	-0.37070889047349775

Probucol.txt	1.50009830908376	0.8630361951038983	0.1100069019507894	0.29187688487423263	0.15331864749206953	0.11653091447611996	-41.54720473898556	0.06303476828231946

Propranolol.txt	-0.475658670861188	-0.8916240740947092	-0.012209656571439104	-0.12754742968578042	0.06435152401394814	0.0732753301246452	-14.604961125509071	1.437341792185407

Quinapril.txt	-1.30297455199146	1.1118376333338555	0.0011366623252932195	0.0990135039834249	0.031370117574415025	0.03137726767863755	-2.2510181414291	0.6652543816821302

Quinethazone.txt	-0.0567805179484299	0.8559401917314864	0.2495706322056366	0.9709785958040698	0.06042006650899854	0.1471677156608664	-37.750092558311735	-0.045544329066586654

Ramipril.txt	0.0355878883208808	0.5688902239954166	0.32376514285044944	1.3073658555842722	0.2545531624676071	0.2091509317536715	-6.960014809329878	1.3069385330991812

Rivaroxaban.txt	-0.0739705634514914	1.287329523188901	-0.03850617742304355	-0.22029478725388937	-0.042358259938688254	-0.09663087745279528	-35.14698259903739	-0.46598167493961473

Rosuvastatin.txt	-0.177290601651592	0.942834109323891	0.010366902205390632	-0.08914905722597422	-0.013580887352944453	-0.07990867579908677	-43.104405775638654	-0.4655927153724279

Simvastatin.txt	-1.64962642548171	0.8317007472292388	-0.04634450051665606	-0.26351361230007203	-0.16842475948857683	-0.13377761322966805	-56.47241762310256	-0.7763292881744962

Sotalol.txt	0.179551710578058	-0.7858426494048102	-0.09819209146376198	-0.21993073110520062	-0.12972533646566992	-0.0749722325064791	-13.399111440207331	0.2274999430186445

Spironolactone.txt	1.29414077860794	0.8538819973896752	0.016007650602095608	-0.0754088798099668	-0.00712507531953703	0.0033320992225101824	-50.79415031469826	-0.6893057763147916

Synephrine.txt	-1.42646761417898	-1.105596131591485	0.22471588382723617	0.8987633892655631	-0.04621484542295393	-0.1637048006911021	-33.71047760088856	0.11514477776131099

Telmisartan.txt	0.418903432391439	-0.6188544960099445	-0.03035081669572237	-0.15429579421690304	-0.038405147581653955	0.0008021720350487476	-70.2884116993706	-2.7217344139255757

Ticlopidine.txt	-1.75554744115499	-0.7627931746916148	-0.2627321044352172	-1.0236806171683128	-0.050571642217843715	-0.016105146242132547	-51.653831914105886	-1.5693836530599539

Tienilic_acid.txt	0.103741362844784	0.9867392093186271	0.004005494144668456	-0.09788573936176537	0.147055975069074	0.18878810317166486	-38.76156978896705	0.5406210588827625

Timolol.txt	1.10124712094826	0.8762318441402933	0.268390432415215	1.0178809738477466	0.16998841642341198	0.1907935332592867	-1.1240281377267678	1.3202155265929805

Torasemide.txt	1.43643615527218	-0.5709734477018695	-0.045239485900787774	-0.015820098387431925	0.02884782626842861	0.08648031593237072	-33.51277304701962	-0.6915710970786871

Treprostinil.txt	0.244042469524184	0.7453830994925497	0.1153141269225963	0.3244417162417191	0.1584751841112451	0.14022584228063684	-14.978156238430211	1.2965346365272872

Triamterene.txt	0.0489860120217965	0.6810891640334211	0.07318354713371812	0.3462118325598857	0.008797128889437759	-0.018511662347278787	0.35801554979637173	2.802655247539049

Valsartan.txt	-1.54164372788046	-0.8512768577771894	-0.02411067780932108	0.03941395050959462	-0.07663364648080012	-0.04007774898185858	-32.80784894483524	-0.08872118124744306

Warfarin.txt	1.69458176506938	1.0363966515792822	0.047310897143724245	0.05862415893614087	0.007312805964401569	-0.0023448105639886467	-23.795631247686043	0.01197034098421463

