	SScmap	SSfisher	SSlincs	SSlincs_Norm	SSpearson_corr	SSspearman_corr	SSzhang	SSzhang_Norm
drug_1.txt	0.0116930517237901	-0.8983280920594718	-0.23686772102878784	-0.8032751039735433	-0.05477156611324398	-0.05484891927340493	-4.736322217278688	0.8321213312823302

drug_10.txt	0.0213285984037701	-0.7724931907783227	-0.27025568530079014	-0.7743539953347068	-0.08690499655147249	-0.06467721490868784	-2.819953024925761	4.25660633040758

drug_100.txt	-0.027251368525269	-0.9189519495283356	-0.011852904014973187	-0.025326894965083613	-0.09782526139270653	-0.0024783348888743383	-3.8423713790046943	2.1681702881244855

drug_101.txt	-1.96908785757534	-0.949962886047172	0.0007520760821035921	0.002776729461320293	-0.1410869004535945	-0.009379966020150196	-4.1392386726954795	0.7167704529651321

drug_102.txt	-1.84910157194355	-0.8826968873296596	-0.00019856693047701213	-0.0035018252990549614	-0.1030066331922419	0.011969678953065192	-3.563487054262764	3.319716855810819

drug_103.txt	-0.0328373158454235	-0.9621039231386062	-0.0215450625048213	-0.03903821102692928	-0.11325563116883185	-0.0035956005510604547	-2.7601201623778633	2.156839322770684

drug_104.txt	-0.102380471845423	0.9907586330319951	0.012723270563025302	0.02853177471473428	-0.11412815223848524	0.08135805382299069	-2.1132092391210624	4.205007568457917

drug_105.txt	-1.85376084808957	-1.0881860470262068	-0.0252780814187612	-0.045819120079493014	-0.13726526477077128	-0.07479210551525432	-3.0933672712724314	5.456781173922229

drug_106.txt	-0.0518145237923684	-0.9744999946464159	-0.02393423243564205	-0.04413564835467493	-0.1192725958251014	0.0674637785589608	-2.270765431587806	3.7746181301718016

drug_107.txt	-0.0442920725295036	-0.921751141114096	0.002362222084022897	0.0025198195199512274	-0.10090019603259812	-0.04235222596826248	-4.184606523396139	1.5029115727779294

drug_108.txt	-0.0739089946640322	-0.8941068942511653	-0.010401932529185698	-0.027612093513756875	-0.13281024023481885	-0.05688575412611393	-5.306965899958957	-0.26156629371816215

drug_109.txt	-0.0178268528165625	-0.8226710984129157	-0.03228230526634329	-0.06930259873758454	-0.12099810029352374	-0.090226488311125	-5.435374783145536	-0.18932459473897928

drug_11.txt	-0.0497339097736375	-0.7355451755987322	-0.2773047915702076	-0.7925023238176754	-0.08602512538083648	-0.11457089283145801	-5.131288779441334	0.9502123243107805

drug_110.txt	0.0139530898474128	-0.7570549161086613	-0.004225084650195665	-0.008729575104241993	-0.07527669431672195	-0.014598240256925273	-4.082196032986022	0.22459366211865

drug_111.txt	0.0135529338650318	-0.7557546380386659	0.013566028601983526	0.023224748656670846	-0.08660460721597822	-0.10173760254337282	-4.420675240824857	0.38660196761922605

drug_112.txt	-0.0145240525949519	-0.8494259693202812	0.011024670182818858	0.02255363827253759	-0.08554863906339974	-0.01896738406161717	-4.20575565373645	0.43253347461359554

drug_113.txt	-0.0239570661951189	-0.697643609669724	-0.013137945997027944	-0.03698182515308246	-0.11180259209565328	-0.06314939622463515	-4.518633101217144	2.003664527763076

drug_114.txt	1.86153337284512	-0.7708657213523262	0.006906960332943829	0.007845271651616026	-0.08290545216809501	-0.028452150784956252	-3.129302168372186	2.7071710900330874

drug_115.txt	0.0423142608141962	-0.8424339680080755	0.02340044111752057	0.04656533554388309	-0.06196435580938109	-0.047424489772825006	-5.252175442590044	0.1817578793084213

drug_116.txt	1.8022195067648	-0.9099704913185321	0.0017126150872262824	0.0038385374435422337	-0.08928083162600463	-0.02538568798185097	-4.00096916269172	0.9947576726096294

drug_117.txt	-0.0138721935041555	1.1125761664172362	0.023601657975308776	0.05175611875050978	-0.08314780245951235	0.016790556189691573	-3.5437658006284036	1.9326906706116058

drug_118.txt	-0.00776508910051987	-0.9872447186493443	0.0343833857004468	0.06270927794974768	-0.0646157805446168	0.014175664732397697	-2.775726785794351	1.989830687537774

drug_119.txt	1.82820039359059	-0.9239926036159543	0.013294075550687012	0.02139997929184584	-0.08070404923723108	-0.026009758693156106	-2.3240452367895537	2.199842153823819

drug_12.txt	-0.0224171305205738	-0.859757020508496	-0.003206788783082143	-0.008685336684829181	-0.09893268118987086	-0.08057423234769574	-2.147809381908733	1.334081682461082

drug_120.txt	-1.86156660932723	-1.042225530607703	0.00871711971363126	0.010848361131230555	-0.09555140749611078	0.03288982567776164	-2.104962733797566	3.770013155310338

drug_121.txt	0.0559401093182067	-0.8901527687870275	0.004469803162919006	0.007795445685013225	-0.06814504796185447	-0.007489847285118595	-2.209446059715597	2.3507658139714267

drug_122.txt	0.00591514676204097	-0.7703569442997052	0.0005945008059891066	-0.009554313071422349	-0.11808069900570245	-0.08961421228436783	-3.367626517119	3.351666309960883

drug_123.txt	0.00671199046086091	-0.7905432221999097	0.014686722275569941	0.02461898047693828	-0.08455126842820376	-0.0282923724091954	-1.7132244146222853	2.050904489497065

drug_124.txt	-1.91528603019593	-0.7406429514014847	0.013608493888690787	0.015250995440183268	-0.09118528958254235	-0.06700799519402156	-3.0603260663376344	2.8109912272246445

drug_125.txt	0.0832641834479759	-0.9286715722801517	-0.008072391752537683	-0.01908226610124003	-0.059146450866301103	-0.031781909265270226	-3.0360073256283173	2.115928868418576

drug_126.txt	0.0133040633871033	-0.8046619655978215	0.00816646972935653	0.016788090749407736	-0.09435232590526699	-0.05834794194369397	-3.2382243283978465	2.1313254623789826

drug_127.txt	-1.90984419295179	-0.8991982813621031	-0.008319812516668412	-0.018490416559047262	-0.10669830293540324	-0.050926918911170384	-3.272858960961023	1.6351774374482957

drug_128.txt	1.8209442565196	-1.0263690127482492	0.012893384688458048	0.027164204013191695	-0.07415960218476249	0.014512794931710782	-3.448087714397067	1.5757685951058569

drug_129.txt	-0.021560660803207	-0.8634383076649054	-0.0031212295139074475	-0.0072784798621726154	-0.07017476223380553	-0.02309060553653226	-3.255507154903929	3.138865022450342

drug_13.txt	-0.0384345936875257	-0.8383362330374515	0.0062384780108473425	0.01129967616678157	-0.03337891308668993	-0.05728853435040165	-2.471795986079927	1.9717723055966574

drug_130.txt	-1.9005081969458	-1.0318942443493313	-0.0007129807717582981	0.001360488632144885	-0.12948474687499348	-0.003952124661441051	-2.3297360497480524	3.2191161584151793

drug_131.txt	-1.87294953493881	-0.7509451625675286	-0.022756921761559856	-0.03471446753585011	-0.11605818173165423	-0.08499365162987069	-3.0885869883872927	1.2732733126992057

drug_132.txt	1.84021534987956	0.950318377389431	0.010601259400803476	0.023333534046076687	-0.09728319036916161	-0.01518167164453459	-2.2508027495249032	3.3472284495431057

drug_133.txt	-0.112771008402376	-0.930668241746271	-0.020165228536918905	-0.03843545210235377	-0.12780964270237802	0.011585170170264265	-2.5723060898596612	3.414110528519217

drug_134.txt	0.0385661702268437	-1.010400641812526	0.030560405473933405	0.05150538851889169	-0.09031832679203054	0.032858468977695586	-2.4054686988042393	2.451813725319727

drug_135.txt	-0.0319280883852382	-0.8421908726710858	0.00920604680624132	0.014763429140524309	-0.08371608749054509	0.013956400983298901	-2.5797110446608102	3.5464792008678048

drug_136.txt	-0.000542188511644226	-0.8711668774525416	0.01475371535338832	0.028301513564277958	-0.058078021617400666	0.057893369157453765	-2.39036562611014	3.525547523250892

drug_137.txt	-0.0371872209629672	-0.7523546094124389	-0.015875067666368675	-0.03727391940772867	-0.11406458360449963	-0.053844645918987855	-3.2483470775088725	2.2196765599892325

drug_138.txt	-1.90609980952693	0.9523390625983075	0.016114369385212823	0.029651240467177153	-0.07201818356734134	0.0747784589555949	-1.6309938918607578	3.9446014415235213

drug_139.txt	-0.00773140468738065	0.9036780751673559	0.003957240392280792	0.0016879716346216433	-0.09255479701990416	0.03182904463435521	-1.8543013923522371	5.289264323614113

drug_14.txt	-0.00579206811418342	-0.7643608110727986	0.001046581594657009	0.008410288476012773	-0.08538240436992596	-0.09375254570581977	-4.305317288689768	1.5502660057303863

drug_140.txt	-1.86524482694057	1.0040513630018164	0.006496213254684469	0.00984755154811151	-0.0609228006478497	0.0613537384029325	-2.1531173583591143	5.391622406928407

drug_141.txt	0.00686372389633938	-1.0354042310485778	0.03728368693881595	0.06795686399996648	-0.096208241865806	0.03134175185717637	-2.57703118910399	2.698921469351536

drug_142.txt	0.0128250886082224	-0.7673347186397402	-0.3799441554605316	-0.7845633068725879	-0.14209566317559685	-0.15767408159468516	-4.647845596173014	-0.35823731427276007

drug_143.txt	0.0296498514639388	-0.6887412081387078	-0.11822588387573921	0.0	-0.13174076162342807	-0.07948569352100233	-4.2417422854994635	0.055580413785817726

drug_144.txt	-0.0376329592597346	-0.7586043834725384	-0.40887888295535746	-0.8092800060268353	-0.12880978991186542	-0.05717344797328278	-3.249712872618912	0.6604842203556917

drug_145.txt	-0.0216569233136539	-0.73335554285851	-0.11700809880826293	0.0	-0.10921130869170201	-0.13091868079463373	-3.808326521602671	0.3767257857012651

drug_146.txt	-0.00368388287431276	-0.668011410838155	-0.4255898569835923	-0.8005914593468806	-0.15445452045055985	-0.10609718995684006	-5.464322051727765	-1.1997641077975512

drug_147.txt	-0.0432245718408629	-0.7214558359044682	-0.12157435025543975	0.0	-0.13092542263446055	-0.13787345678611782	-5.132144125873885	-0.5565865634237324

drug_148.txt	-0.016414786518846	-0.8287302591225914	-0.12019834389693769	0.0	-0.11784468512502666	-0.08858875656606559	-4.213826261204866	0.3276098345190992

drug_149.txt	-0.0150091405658326	-0.781149397122191	-0.1154542107299176	0.0	-0.14098612426701423	-0.10924733477884256	-4.590658099406431	0.9491185540460013

drug_15.txt	-0.0196071610775753	-0.9463707236026044	0.015269328567151491	0.03977364330009775	-0.05366963028236659	-0.09355321457755443	-4.303082351236975	1.5790889339064489

drug_150.txt	-0.0242116019340211	-0.7387730051808685	-0.3731863724563679	-0.7724080758780396	-0.14577369051829148	-0.12164946112655908	-2.927261063457738	1.2111123158367831

drug_151.txt	0.00400458442473861	-0.6992496101560032	-0.38300015366409473	-0.7911592135325971	-0.14791388936439964	-0.10733673827038481	-3.948868907812279	0.9345160420308246

drug_152.txt	-0.025750782524837	-1.0221438283253006	-0.08296251632286487	0.0	-0.11106321325488358	-0.025553134855900838	-2.354078933300223	1.4357777509569647

drug_153.txt	-0.0300942672976777	-0.7585377560331825	-0.10478512933633896	0.0	-0.1260834749885964	-0.1425787154803659	-3.9292338786166843	0.6130901390966472

drug_154.txt	-0.0255011569631796	-1.1083340986564456	-0.09436729382629465	0.0	-0.12397316168122928	-0.03946598878342236	-4.083075522261425	0.22735823191163648

drug_155.txt	-0.0155161344968789	-0.6757155257175108	-0.3711959050094168	-0.8010698505152336	-0.14709179752108484	-0.190905846182582	-5.150747910781849	-0.805862191467483

drug_156.txt	-0.0459205279067642	-0.7888624284444369	-0.1146160891829183	0.0	-0.06877069878907038	-0.07765845054033278	-2.9895806388196218	1.2843164230884898

drug_157.txt	-0.018311940787443	-0.7657004987449986	-0.12132291099241418	0.0	-0.12780089974020725	-0.10521604424720382	-2.8187734746034536	1.249769840254271

drug_158.txt	-0.00483216045793733	-0.7614875039264111	-0.3019549572221235	-0.751980240842121	-0.11771670345965743	-0.11343671895162062	-4.6819180453954425	-0.2770793671038905

drug_159.txt	-0.0335475979400122	-0.8245101737544862	-0.08532574529684364	0.0	-0.07153111964962447	-0.06656615954475742	-3.2065385716404373	1.251496641488453

drug_16.txt	-0.035547435063759	-0.7781511189286665	0.002878294908827489	0.0019242007982149811	-0.07065556314510418	-0.09042351385039606	-4.2599839277646145	1.1424000088994308

drug_160.txt	-0.0314507432220891	-0.7079633612688911	-0.39209089899574356	-0.7837040355761209	-0.12523026866430717	-0.14226196707207592	-5.5836049403154435	-1.0288169755391818

drug_161.txt	-0.0438735983011724	-0.6991481398300398	-0.1332686099073299	0.0	-0.1697585828388176	-0.19483879979067711	-5.737639726703019	-1.2500056923133687

drug_162.txt	-0.0123209273076628	-0.8169367575123675	-0.3603601796254182	-0.7796506814279967	-0.14217134032590295	-0.14584553286905388	-3.467460621298816	1.2826627848405026

drug_163.txt	-0.035086778530828	-0.8461138832753421	-0.1058122008023476	0.0	-0.10188006979649326	-0.09845337744433373	-4.022849476272759	0.15618143842323473

drug_164.txt	-0.00639891226989309	-0.7987122907989228	-0.3071758247572396	-0.7882616827053128	-0.1328976353202109	-0.12461878560694699	-4.437440720698349	0.7504445124462512

drug_165.txt	1.91007191255328	-0.9230020966402335	-0.3098644878497815	-0.8265995246675606	-0.1159996905940102	-0.07835884202177786	-4.158521906180913	0.27980846168333884

drug_166.txt	-0.00657953938953992	-0.6802953690594178	-0.37861657521652825	-0.7924329036031695	-0.1632774954602813	-0.18758670803367627	-3.62439599780645	0.5834217274720295

drug_167.txt	-0.00584973603424643	-0.8149847798569588	-0.37638543711523836	-0.8355961250069436	-0.10273851817676528	-0.09778923066412808	-4.739722909143584	-0.13215093334018244

drug_168.txt	-0.0134529641920953	-0.9598721771698608	-0.3475017123545643	-0.7763249921359564	-0.1274500443571268	-0.05721620337211708	-4.2447808347215465	-0.07080137348974047

drug_169.txt	-0.0342128650995139	-0.7261773140124613	-0.3626407835565817	-0.7796532676695307	-0.11977760490111913	-0.15757002774222728	-4.642889415432795	0.11540118454787762

drug_17.txt	0.00549950516419673	-0.8657283504461919	-0.011041631167193255	-0.030655567235913395	-0.05763015253828033	-0.08383738799393393	-5.429414949938091	0.6431011224900578

drug_170.txt	0.00370503375074971	-0.7309965550809426	-0.37463293069458625	-0.8176492143815457	-0.13234957287227156	-0.12639814488292925	-6.347253406727575	-2.3197380120097084

drug_171.txt	-0.0348343203386836	-0.7037043430429557	-0.04080124853422459	-0.09368799742533257	-0.17677179952947156	-0.12715157185928735	-3.353685749859454	1.467569098785914

drug_172.txt	-1.84717042610911	-0.9012469791581729	-0.049076457562986925	-0.10669809575785455	-0.1571028127792642	-0.07175108916538188	-3.6513325124766762	1.6539499014935988

drug_173.txt	-1.94545703874335	-0.8473674338656682	-0.02850274681599252	-0.06330352217556273	-0.14755381679083499	-0.07630161300123482	-3.4559030975267384	1.4004401185099575

drug_174.txt	-0.0173605310226576	-0.835840587758679	-0.03311564555768798	-0.06572017978423095	-0.14710894815994546	-0.0738188225200665	-3.4034958836452933	0.5082390049533101

drug_175.txt	-0.0523778631804492	-0.7203338256719762	-0.04688549846867571	-0.10551660872073593	-0.15830319716769836	-0.08329917537000116	-2.363356682911351	1.0009858872546666

drug_176.txt	-0.0264805858801305	-0.8441232751528356	-0.04442021583457828	-0.09161857501810866	-0.14376243662946006	-0.023016005255533295	-2.0202317023118495	2.4155337217500477

drug_177.txt	-1.87804189639663	0.9883352651652746	0.002955066774755377	0.013402655528536533	-0.13750836742900338	0.02639764307608204	-0.5626972384036752	4.261612076375488

drug_178.txt	-1.90520115750496	-0.8935548461840047	-0.03839723776522938	-0.08866714620163313	-0.14539366531495018	-0.04214460390805845	-1.8171697000424225	3.1132684524041396

drug_179.txt	0.00615419688548013	-0.75792989319859	-0.03807565461506687	-0.09759178826133136	-0.1664874561098971	-0.12958642393372954	-4.110022383864304	0.4032021513719294

drug_18.txt	0.0318619225737145	-1.070187717617778	-0.024925645378646943	-0.058064412736455295	-0.06992526307875999	-0.03564844275824563	-3.531439154862541	1.7062975626549797

drug_180.txt	-0.0342352189907056	-0.7914819709013807	-0.07499300726750388	-0.147444899721122	-0.16763582670798446	-0.12379810999370067	-4.033758592265323	1.239740624517258

drug_181.txt	-0.0525914196295065	-0.7726269979316049	-0.048476601654785706	-0.10113801058497257	-0.16399623745281117	-0.11956877636535203	-3.5485426345359916	1.3528715728224368

drug_182.txt	-1.91578528131924	-0.833076692768981	-0.04772530784839274	-0.0991245730001305	-0.13944585934242906	-0.09860428974239585	-3.424417381467264	1.9329781979255323

drug_183.txt	-1.8750127052436	-0.815589907631014	-0.03788675558480065	-0.07097286248874213	-0.13430312697303476	-0.11079459433648772	-3.642961843961358	1.5219442149884144

drug_184.txt	-0.0130563959239302	-0.7796746576959698	-0.034021648256032794	-0.07226471289869241	-0.1371107613061977	-0.09998642071229345	-3.0617504940660343	1.8394322186115688

drug_185.txt	-0.081032045028245	-0.862873294662776	-0.04537616192551128	-0.10813308527510179	-0.16464087342372846	-0.11472774092616428	-3.6686187879603094	0.9075561659482067

drug_186.txt	-1.93710330428479	-0.7629785713394139	-0.06367570298473207	-0.11818986275612686	-0.15161370883404302	-0.061785249604783016	-3.168013492400178	2.139981873046735

drug_187.txt	-1.92428879111479	-0.7815439110300644	-0.06133066361731135	-0.1291083896396939	-0.1353048311433973	-0.09487881697720366	-4.105524917138315	1.6500567170260934

drug_188.txt	0.0619508317631218	-1.1145446716836014	-0.0423905005453564	-0.09539273425938988	-0.14872286838772447	-0.035805830873494975	-2.851393904277077	1.5903489783997151

drug_189.txt	-1.90355362879802	-0.8624253093267681	-0.05577575841469751	-0.1023731684881346	-0.14824070185048205	-0.056682894543330906	-3.7120586602101806	3.406484857229493

drug_19.txt	0.00984298993703758	-0.8080170480004629	-9.009983415921019e-05	0.0015761049590379272	-0.05820764407592362	-0.08912018228249564	-5.08429990929189	0.5722834231537662

drug_190.txt	-1.87432968721744	1.0609948685802681	-0.01899485649008803	-0.035740316401902894	-0.1328057851824481	-0.01898673746720349	-2.889267126760272	2.730178604717132

drug_191.txt	-0.0113751828038511	0.8237308190080388	-0.004514048532315171	-0.008305812873240892	-0.09474018042216073	-0.03250298209771172	-2.399960681655923	2.0272718739439854

drug_192.txt	-0.00975567324907711	-0.9435068135333611	-0.045518015161464864	-0.09836371224622315	-0.13231936247444226	-0.012035152370909125	-2.102238041532588	1.8061018742737145

drug_193.txt	-0.0716988816527409	-0.8275283927350784	-0.05096982520891705	-0.09914212354160717	-0.14340663141350662	-0.026919863109561307	-3.228805170707144	1.3258618795445276

drug_194.txt	-1.87168365626387	-0.9329442060204713	-0.019218445872821455	-0.03995896730300691	-0.1507803129117214	-0.0115405533944195	-1.037190324928175	2.1195340919494323

drug_195.txt	-0.0538756165503944	-0.7964222784960822	-0.018575229775963237	-0.03967616652580591	-0.1365657055445637	-0.08295907439724698	-4.334643944802563	1.5322992546044159

drug_196.txt	-1.91560182156911	-0.8278433422020501	-0.051700875517981776	-0.1068949838156662	-0.1445005619046602	-0.030625824852793814	-2.7272341614328433	4.160602710448564

drug_197.txt	-0.057803459725391	-0.8074619259132694	-0.061660781243939866	-0.11403281037760599	-0.16789723693044337	-0.08624209611553496	-4.22148299136721	2.49000745448452

drug_198.txt	-1.91498647952194	-1.033908129917009	-0.030158501836513252	-0.06424577183563451	-0.12656276299654973	-0.07087018102824436	-3.3924108697976485	3.9525160875814533

drug_199.txt	-0.00218405195761007	-0.786153438652716	-0.04618918481449644	-0.10895296276777722	-0.14996433683288454	-0.10892004302412857	-5.450550284368199	-0.3442153341609512

drug_2.txt	-0.00553111203057843	-0.762069977787236	-0.19205202505047766	-0.7314605900411684	-0.06337907550321792	-0.07432389507396672	-5.132430391010585	0.42334657756237326

drug_20.txt	-0.0165174693739959	-0.8487289787969085	0.0007527130184618591	0.007917352627035135	-0.04231882593923732	-0.05913807262738468	-5.0084706888642865	1.1099074969862504

drug_200.txt	-0.00318179912051086	-0.9018402961313	-0.06378981732577313	-0.11916478539100345	-0.14634246628968225	-0.04404062240262306	-3.453668160073946	1.7308174404878667

drug_201.txt	0.0165195469207536	0.923548053345519	0.028808281911211403	0.05927214798620378	-0.06949618388266414	-0.03300650066055329	-3.832538344007919	0.6096991014923921

drug_202.txt	0.0326952833161605	-0.921674998260388	0.014291116394511028	0.02617142879568507	-0.08757074485801633	-0.06032259869050211	-3.816552333060864	0.8830551045581322

drug_203.txt	0.0113772603506088	0.9844830283250767	0.04138541835620674	0.0868760257076287	-0.07713083240527562	-0.011574613369791917	-3.1400043457117137	1.9453318863231854

drug_204.txt	0.0127577197819437	-0.845951946511261	0.007343341064466269	0.014097053335597243	-0.10551980351213058	-0.09192714330373178	-3.619315653874409	1.8379009205823928

drug_205.txt	-0.00876000363293394	0.9216830005045255	0.044149426119810625	0.09010084543840863	-0.06831057456255059	-0.05306729982450514	-3.6987869945954523	1.55835798407466

drug_206.txt	-0.0106397141875839	-0.8139767917105096	0.0021026041285691632	-0.0103608986993029	-0.1018986671540212	-0.12762447668284704	-4.309293959805616	0.23516436590594825

drug_207.txt	-0.0154970611672	0.9832750354015112	0.051342180609872	0.1276283828398953	-0.08032556142144631	-0.008148896888595443	-3.9557392710930843	0.9438230904099378

drug_208.txt	0.0208455879796472	-1.0455515378421492	0.024864045043961308	0.03623386102232928	-0.06687352000605565	-0.05363722581566751	-3.519833345404755	1.1001983841445022

drug_209.txt	-0.0153825998590766	0.9881256051766969	0.04754556271510643	0.13571970409558753	-0.06692343638190705	-0.002731490242469363	-3.235727268651208	1.329621188738411

drug_21.txt	-1.93212703375083	-0.8568188888796101	-0.00940566622076712	-0.02795939823299548	-0.05927264062143156	-0.0654833307777287	-4.602867479935573	1.5500562526960509

drug_210.txt	0.0356408649437192	-1.052297424926551	0.0298666362138032	0.06453200839739892	-0.07622743041215202	-0.03109398881894452	-3.9023663434974702	1.559431975538283

drug_211.txt	1.8467527069645	0.900393292659003	0.043088924971677434	0.09339004172528043	-0.07306725916256601	-0.005472037365003832	-3.2874688298653862	1.6012938836754245

drug_212.txt	-0.00396719284910974	1.1181020848505403	0.031733479836761586	0.06132102778539744	-0.029579188925924253	-0.014906933586421272	-4.432491437913231	0.7423551136404559

drug_213.txt	0.0460252883086717	0.9376823868799369	0.023287091170895363	0.047053494199642	-0.05600620151974694	-0.037073924627647026	-4.1888280719180795	0.655351162523118

drug_214.txt	0.00318954192824239	-1.0016587390903666	0.013683720667350185	0.02783589980093043	-0.09155776289492362	-0.03967197273753336	-4.271200002759182	1.586489736458461

drug_215.txt	0.0113687624591481	0.9557445334575839	0.03638113340412899	0.10342853507835209	-0.04939222698994854	-0.008696684539987336	-3.841053869580363	1.0022575828092937

drug_216.txt	0.0207457377549841	0.9724018439331108	0.03951659170711566	0.07763019922925735	-0.0540339664069535	-0.009481658862805468	-2.940825892164268	2.4932085317539943

drug_217.txt	0.00768280203807759	1.000274462529004	-0.0007575199815869627	0.009947602403065303	-0.08872869643417701	-0.03713134835568408	-3.089535457213709	1.649357081961033

drug_218.txt	1.87258665108379	1.0721709010970166	0.0029794238686833563	-0.003987902857301162	-0.054139721062094505	0.03787916122000176	-3.7873877788929473	2.5905075379031404

drug_219.txt	0.0566918186336661	0.866807056256381	0.04439021782908906	0.089014991507536	0.0012918259400215275	-0.039042132228361115	-3.199168106614794	2.0950781779733276

drug_22.txt	-1.76503008880681	-0.8530085265606422	0.015098713988959747	0.04309500025029955	-0.0715224685677483	-0.03698839177181601	-4.264736618829348	1.9124750732186069

drug_220.txt	0.0420637607205359	1.0048150544242933	0.01216598386498477	0.019802686703669026	-0.0988844655310129	-0.07952767577076729	-3.07717432167234	1.6734917043199178

drug_221.txt	0.000426217036062493	0.76869005658056	0.03901549829357526	0.07624542934190665	-0.05805218253031889	0.023586624887437804	-2.3074866955690987	3.5324743448494282

drug_222.txt	0.017250979891779	0.9518014290112071	0.027933531100010373	0.044647924889364865	-0.05520238709047104	0.03976310535157683	-3.1968917814313946	1.8037497952444304

drug_223.txt	0.0206633312442683	0.9671955643372687	0.00470165363845515	0.011988418303884973	-0.08463784138103152	-0.021920491032621545	-3.6992388106545815	2.527743201250582

drug_224.txt	-0.0336011107665597	0.9668612267369505	0.04575780943072183	0.07795624954213898	-0.05705366492231105	-0.003977645565698068	-4.37315522813262	1.2648678801272217

drug_225.txt	0.025186240122001	0.9022273490225114	0.06697747753950672	0.1379388972269721	-0.02900857614125088	0.02455671019476529	-2.8770094605454215	2.3113519213923026

drug_226.txt	1.88511502164851	0.7246469356157034	0.03103709998446122	0.07406290173088081	-0.022943857474877975	-0.0003625275459916568	-2.4557513425145117	2.3534007620750708

drug_227.txt	1.91252674094899	1.0137879823856917	0.03288090063076515	0.055864661790005044	-0.05148540721104577	0.014157822271897972	-3.6246995078309037	2.249552149814073

drug_228.txt	1.8195162566754	0.9979144367348174	0.015078827909339981	0.025657507421140535	-0.091838386302676	-0.047849693577563135	-3.30042663852301	1.70396406957208

drug_229.txt	0.022808908059768	1.0270885326799066	0.020363519759307086	0.03842205635370266	-0.0754667942646356	-0.04834392257136865	-4.327407989901394	0.7822397905724001

drug_23.txt	-0.00570966160346753	-0.7921710810502615	-0.18428029028407722	-0.7644934831713011	-0.06816712087579399	-0.05308558103710637	-4.6345049510072736	0.6575303184552653

drug_230.txt	0.0311800862322682	1.0439897536392526	0.04093684949173668	0.06672358170386272	-0.015789949536160686	-0.01660354154842925	-3.3666194156742235	1.9554335502627822

drug_231.txt	-0.0117392696736319	-0.7741023504383463	0.2267960471930775	0.790478638258262	-0.05248544254767171	-0.025081816494633775	-2.7113723136776104	1.7561328313929552

drug_232.txt	-0.0181122403381171	-0.7486238679198166	-0.3170124050953498	-0.8203241131589818	-0.0849185165695544	-0.02507141144158648	-3.0595224545683433	2.6159509405175356

drug_233.txt	-0.0168803532290217	-0.905871707074557	0.004310965436727571	0.009726313813432863	-0.0813402572491773	0.006323218113812603	-2.8680352209587467	2.5143516268632204

drug_234.txt	0.0967955185055451	-0.8426904792203701	-0.009358467461048403	0.0	-0.07362353863713163	-0.0636278582158503	-4.613045412687409	0.8317864213625775

drug_235.txt	-1.86319789733498	-0.9137584307905855	-0.2874322192505211	-0.8057925443675737	-0.08020085717731684	0.02047882668383018	-1.5708092336026984	3.633323041375475

drug_236.txt	-1.94640561587764	-0.7273376211586406	-0.2845767182936824	-0.7872194938537798	-0.054151018160674365	-0.0363097653089553	-4.427349012385278	1.276194358541453

drug_237.txt	1.84278135902188	-0.8811041125958681	-0.025058085905246108	-0.03753072344113628	-0.07207644899864948	0.012711975750524584	-2.848658865079447	4.010848133765939

drug_238.txt	0.00350445876942096	-0.7783969713132741	0.036449645426802596	0.08147211277501709	-0.05029000061958158	-0.02584155452386712	-2.9629096954207923	2.8893725057036588

drug_239.txt	0.0423296269813855	0.7911581465951684	0.3235522236378153	0.8573706138459571	-0.020858604590197713	0.04282414945272649	-2.2361170031144266	2.830210212412731

drug_24.txt	-0.0449995219936052	0.924430535594142	0.17915220334027332	0.7772588006165597	-0.05080889996283803	0.0027850321814876363	-2.6780344966734613	1.442369571054388

drug_240.txt	1.85686307332985	0.788913178168615	0.29808608014304305	0.8370442164948582	-0.03279648157710782	0.06537257098546777	-1.8356700156238683	2.823677319480236

drug_241.txt	1.84228494052905	-0.9343295903619142	0.37365669247596967	0.892326074817779	-0.025527082601752016	-0.004891400873833324	-3.627034465632663	2.646288644338952

drug_242.txt	0.0640969759579207	-0.8899497678759286	0.018474054004998547	0.03508266239952773	-0.05100086561740571	-0.00868979187530488	-1.5645803801463056	3.6232845088711176

drug_243.txt	1.85089649128802	-0.9370113684570343	0.0390157106588791	0.10695968961762603	-0.04205377906698397	0.013235318833649297	-4.6269137514183925	0.1696624431645826

drug_244.txt	1.82690517330046	-0.8035115828285432	-0.005348697644746062	-0.012230417778140712	-0.06848994717927535	-0.0250162269853284	-4.180243566794624	1.0552022146513926

drug_245.txt	0.0132378975755798	-0.8452457906708375	-0.02881028063806569	0.03356640359936991	-0.06804333468060722	-0.0261629035898616	-4.418574813496539	0.21931296518444182

drug_246.txt	1.92945135402937	-0.719283487758706	0.2223650983795377	0.7920440703833157	-0.04225619751472043	-0.05822291170570483	-6.786856636350154	-1.2837077072096268

drug_247.txt	0.0130410297567406	-0.8551414325032145	-0.012319707620178269	0.0	-0.040261755171337225	-0.006046355971525973	-4.890043146709158	-0.2505345407133992

drug_248.txt	-0.0143179318009229	-0.9834584500016705	0.016407397203953233	0.06762027169225021	-0.03536622844905745	0.010681885929824116	-3.9727427304175675	0.34936545109096784

drug_249.txt	0.017531457236089	-0.8733404108428597	-0.006879669894217497	0.0	-0.048682648662866285	-0.0363546243796987	-5.974712096598963	-2.0556279152732286

drug_25.txt	0.00142559381469543	-1.003824275050643	0.021392732348019305	0.038724635169819055	-0.1054521312570098	-0.03539449322045436	-2.9379494448870633	3.177942713924955

drug_250.txt	-0.00353410753731831	-1.0131319640710337	0.019819208056309393	0.04675431837602828	-0.04689297727543122	-0.026787003126019976	-5.472175373610493	-1.7045806099257785

drug_251.txt	0.0322122728920377	-0.9665386040566517	0.014765139571683156	0.042568543215731	-0.0555466972328197	-0.021601177919311997	-5.394035338223984	-1.046312652042128

drug_252.txt	-0.00143725281939522	-0.8753812327614054	-0.007434630292838987	0.0	-0.04127860607647828	-0.03186968409349041	-5.281515894613042	-1.547034337774284

drug_253.txt	-0.00962497124176165	-0.9866831604723483	-0.007583960968948561	-0.01675972500637879	-0.0349400858745887	-0.018213492253354276	-5.464246174221652	-1.2184719919741096

drug_254.txt	0.0192816687981785	-0.8815580537661425	-0.0003800830572747438	0.0	-0.05652303954020232	-0.03902412307775356	-5.083927419716425	-1.2199066091954918

drug_255.txt	-0.0354524950163407	-0.6798788022083466	-0.247458642783907	-0.7694377110858751	-0.01278806753826103	-0.08061904288437874	-6.186724195612211	-1.3736817308868041

drug_256.txt	0.00774896784960133	-0.6908785786156719	-0.24643480495522901	-0.7915776390451474	-0.07563708245920153	-0.08104661085286606	-7.314967527876361	-1.8123111046816995

drug_257.txt	0.0668603008501005	-0.7494717511727076	-0.006429275683667496	0.0	-0.055551754883239116	-0.06672449742984747	-6.008618994898963	-1.2744058784944503

drug_258.txt	-0.0134221124094427	-0.8339882092661601	0.030914838154457905	0.06560990731213767	-0.03390096724795315	-0.0151539210273393	-6.063419799200527	-2.0107447204796616

drug_259.txt	-0.0443419976418352	-0.7001409031733778	-0.2644075316772341	-0.8292349850744896	-0.10263452530497937	-0.07090804970753915	-5.623078488382119	-0.551698188170133

drug_26.txt	-1.77265239029433	1.0339614262254953	0.02818706025310383	0.053861904256414184	-0.10097692726123891	-0.03107725867456616	-3.06423375790247	2.042511210019606

drug_260.txt	0.0175842149789074	-1.0848839297493136	0.02376075244655579	0.06632198149104451	-0.0536542442980317	0.005851644305408664	-3.77070507448067	1.240133665804047

drug_261.txt	0.0138897566663763	-0.9034191667696425	0.008495023259267709	0.016256296801814618	-0.0418861088164944	-0.004644153056818877	-2.603205479735532	1.3002306372201076

drug_262.txt	0.0225255980849711	0.962615621092648	0.15189083802053838	0.6992629741184708	-0.05725059251330466	-0.028324202646804086	-4.085648459514177	0.548822976984182

drug_263.txt	-0.00508178601959486	-0.8672034878403152	-0.02905263130680158	-0.06573202900342029	-0.06099848316947533	0.02170477994720543	-2.134675675396029	2.2179850007711788

drug_264.txt	0.0136401311047186	0.9394194741047862	0.0231422994759667	0.0646783182029117	-0.04840142089033092	0.02311795106763255	-2.727675630559321	1.4507850934023712

drug_265.txt	-0.0136189802282819	-0.755053711337575	0.008178642880294545	0.012132280444424437	-0.03833435783972925	-0.019549153311239516	-5.211239528041912	-0.48510362450969347

drug_266.txt	0.00110892790951145	-1.1053257736591855	0.011091199686213596	0.033353972416487965	-0.026776663630863493	0.01634280420518766	-4.1393145502015924	1.5612523511522023

drug_267.txt	-0.0109729492747123	-0.9109437949555949	0.0036971054493384614	0.008244942256989518	-0.05913012526011295	0.006358018139315643	-2.915751825371369	1.6585113914723053

drug_268.txt	0.0255223078396163	-0.8398984907889729	-0.00618500806468561	-0.017377031970468304	-0.0916775527823529	-0.03418489304937346	-3.1876416236406717	0.6180016820397083

drug_269.txt	-0.0191663329580525	-0.7753968459026361	-0.03175029916107608	-0.06402246019148033	-0.09895967586535834	-0.03919772446186469	-3.9639823274390307	0.35229625821890365

drug_27.txt	-0.0483570380565186	-1.0543634536304523	0.022574920975859836	0.04336257729749021	-0.10441688786448125	-0.013859201686109497	-3.2098875288420747	2.9999677422059503

drug_270.txt	0.0222771755380686	-0.9531315712847777	-0.005344125263998911	-0.017639791831969343	-0.04254426992430712	0.028800669471209732	-4.27472140883835	0.8969693049340615

drug_271.txt	0.011493351274464	-0.6689653522153538	-0.0008536800245496912	0.0010812892559886045	-0.06861026211619617	-0.07251630668827083	-3.658913365132906	0.8738076924704594

drug_272.txt	0.0252215541508723	-0.8711572293618078	-0.011531926030114964	-0.029274322602635294	-0.06795969499569707	-0.018268165101145227	-2.5886094067413716	1.2637300279794066

drug_273.txt	-0.0147834985110986	0.9172507465883374	0.028636484662053485	0.060785992625374985	-0.0452701490690932	-0.012326590802514905	-3.0513656226611623	2.1630998591912696

drug_274.txt	0.00705001627696022	-0.9628143402103433	0.008764918409755226	0.01742565915195793	-0.05048228105626969	-0.0009881371497462608	-3.106863120427949	2.3860355652720724

drug_275.txt	-0.00140356840625588	0.7763005160711149	0.03835935820410036	0.09700434270682678	-0.0223662700362326	0.023524024217943647	-2.0596983524234243	4.135935649117301

drug_276.txt	0.0100735421690159	0.8813988447233051	0.02848933308110628	0.07774938707612333	-0.07271258414426082	0.011108203362656648	-3.0467577886535535	2.3828618853559105

drug_277.txt	-0.0192114673414129	0.9409185466393377	0.03858270179259429	0.10482687891337267	-0.033191860219965855	0.007704398980777653	-2.6294004642323783	1.9625290361669845

drug_278.txt	-0.0139241961632447	0.8055037971234358	0.03240521791582274	0.08473264191633811	-0.0805598206667333	0.01766933037077695	-2.0103779734497706	2.39233380036101

drug_279.txt	0.0075436021393015	0.8741606613883721	0.012401770282698593	0.022254139518564864	-0.05954290920968208	-0.03363142222160999	-3.0004414691264776	2.787533413977753

drug_28.txt	-0.0746096953006788	1.0414162504227447	0.022996353004416326	0.04609922546742068	-0.09997022680630831	-0.03917903279186778	-3.591889384391997	1.9979516193325304

drug_280.txt	0.0182113354790508	0.8632937945241959	0.038988380386870664	0.08481864926687366	-0.05705490391567053	0.017504087200738143	-2.6981109949955338	3.9722975172489052

drug_281.txt	-1.91994530634195	0.8487099315298244	0.02787386560817029	0.07657247626675606	-0.05438989616907972	0.020026689912931814	-3.196898679386496	1.711348249117357

drug_282.txt	-0.00363962302295506	0.8750908961210477	-0.009757127592765119	-0.01732919664663063	-0.07589514210581635	-0.00354838559839023	-3.3463118358562602	2.6355251482798794

drug_283.txt	0.0266206603109094	0.9459497932811631	0.007225720305070127	0.020324382720811773	-0.032897899584658594	-0.008406914863849629	-3.1560869280301853	1.617960369580409

drug_284.txt	-0.0488880154944887	0.8820324941531075	0.02468079766946589	0.05495396702898503	-0.08153563223701275	0.02584824123478749	-2.6582097737125827	2.7548564175579022

drug_285.txt	0.0381849681258681	0.9366402439548079	0.17106209174674417	0.8509901793350151	-0.04856428394283376	0.018938969094125322	-3.342628327832214	0.8950971368227663

drug_286.txt	1.93118128924702	1.0005821865557367	0.02851549339670305	0.10817928762127071	-0.05426163974097986	0.007097994847158569	-3.7353909933400242	0.4514904105013441

drug_287.txt	1.95249931221257	-0.8212210554071981	0.021283731439452613	0.03999865302940142	-0.05801217999472286	-0.03251518245804047	-3.9279370630576564	0.21620566415658063

drug_288.txt	1.93771581370148	-0.8073850971412551	0.015805362072197904	0.0320996954132568	-0.09589163024195009	-0.06145516073035766	-6.213674506192639	-1.0938805553500943

drug_289.txt	-0.0021861295043677	0.8834199655502448	-0.009092642706051743	-0.02109117606872557	-0.09386317068572128	-0.024194222978085773	-1.277428856215575	2.1094122117621223

drug_29.txt	-0.0567858841490817	-0.9648149682992697	0.0007549192589222931	0.00014525080069677232	-0.10509945228432893	0.0094460520481208	-2.9878906398198253	2.684710448493525

drug_290.txt	-1.92567045356088	-0.9733164028922217	-0.022716791324262936	-0.04516145387466752	-0.11711217037934757	-0.005040132036511558	-3.962809675071825	1.2907712765661872

drug_291.txt	-0.0658190489195711	-0.8508800582827629	-0.3129423645135536	-0.8294660019796358	-0.1369279559658863	-0.03253071380639674	-3.8956477352288914	1.058858037164354

drug_292.txt	-0.107401002230739	-0.7719784197631925	-0.3454559337243114	-0.8805930381083877	-0.13364878521158324	-0.06084803830530279	-4.523761730834894	0.492818912698266

drug_293.txt	-0.018814024541245	-1.1257625184783517	-0.007962667412730329	-0.01036797735784889	-0.08241146999049762	0.03107821529883532	-4.043560586464142	1.1576169551234494

drug_294.txt	-1.94266123245278	0.8890824828076958	0.019524634747268038	0.033436546671814005	-0.10381190885835295	0.04163528698925886	-1.8777682356065544	3.3656621608214183

drug_295.txt	-0.0012903101128876	-0.9542980694618204	-0.018804252367598306	-0.03266384652848592	-0.08394411730681035	0.011295803343916597	-3.9690592223935215	0.8851844506367333

drug_296.txt	-1.93690360383547	-0.8589342176649155	-0.01749828154825836	-0.042590055333847576	-0.06881890940009963	-0.0366812650748359	-3.7000320754912206	2.0598508378203064

drug_297.txt	-0.0138714384204263	-0.8379607100265729	-0.03149606885545328	-0.06588095774283848	-0.12678657694470336	-0.06459816116591313	-4.546204227756681	0.5439197138130121

drug_298.txt	-1.9357216418387	-0.8786386105665293	-0.02461599517121907	-0.047714179888715624	-0.08186475931175524	-0.017018532897039623	-4.501067458551912	0.2398397213227223

drug_299.txt	-1.79747900579277	0.9701233318751414	-0.2184371483814096	-0.7831275412201244	-0.10105207922868731	0.03660609049753968	-3.1314439834311116	1.9634123685634182

drug_3.txt	0.0186825674502005	-0.7794082410251235	-0.1918682027906337	-0.7277755179302774	-0.057127569297947337	-0.07772859136871002	-4.941125953211171	0.6868293070995025

drug_30.txt	0.0141390537452815	-0.9106975843280904	0.009792862454705314	0.01569861110014653	-0.10584021310019079	-0.023105825579709624	-3.7740298888394537	1.476271870565693

drug_300.txt	-0.0593730441678335	0.8737957308629074	-0.01399009439412445	0.0	-0.09723632073368535	0.028315323181368764	-2.8047844216581996	1.811691359380383

drug_301.txt	-0.0277148576886869	-0.8904047300099762	-0.0067606476492605705	-0.017386758123679347	-0.0384968489012739	0.03290484625804456	-4.335623454426935	0.24383844530624768

drug_302.txt	-1.86512753300196	-0.8965215345919957	-0.03652986642195982	-0.07482653397161126	-0.13224384387047727	-0.04970848137312569	-3.7018427887052883	1.1974622450367012

drug_303.txt	-1.93217695886317	-0.8359860254166601	-0.029269285537848966	-0.05190283214749536	-0.11206135013957225	0.0047705491087146	-2.7288448339489757	5.198001243457134

drug_304.txt	-1.83372463734544	1.033829964776016	-0.014068412576115352	-0.03152056845726675	-0.11813340476106163	0.025206596650656634	-3.9635201644472495	1.1080735939686714

drug_305.txt	-1.80815625233431	0.9757515814566111	-0.011390164190011237	-0.03895206284221886	-0.12258556195766024	0.0174300187263087	-3.3689681693861853	0.9612427093933573

drug_306.txt	-1.8712183967064	0.994129815264486	0.017930240451172613	0.03671997214680023	-0.10251607340440505	0.042815914035583484	-3.932524203199961	1.7734415454014418

drug_307.txt	-0.0898829530633555	0.9238356293433447	0.010642413215982416	0.032084456131323935	-0.1326794117079563	0.01698615701704513	-3.055463007991281	1.4404986457853866

drug_308.txt	-0.0248691262857913	-0.8820201170007391	-0.02770163251051358	-0.061196178116831756	-0.0759737069135024	0.009390655150432237	-4.251544279698283	0.6072801422466372

drug_309.txt	-0.0357028756617274	-0.9804921632000523	-0.019870406572980448	-0.034798727645154015	-0.10499065662590731	0.007856732843886613	-3.22866721160512	1.0371103995085995

drug_31.txt	1.89445668291547	-0.9994510366755938	0.015433535570282458	0.0303871806161084	-0.08353786306025213	-0.02604013461402154	-3.3176853221862377	3.195003270233186

drug_310.txt	-0.0358526509987218	-0.8549772920870576	-0.039603653346840045	-0.07791261018786716	-0.10480370877768044	-0.005621311364135752	-4.099740981785949	1.0157828054251907

drug_311.txt	-1.91260631482922	-0.804479849848108	-0.3240384633455215	-0.8371236364255705	-0.12613821807632192	-0.013354355323027617	-3.764462425114075	2.1480737710293374

drug_312.txt	-0.0476987586210192	0.8739493339989954	-0.006282429582375487	-0.018395459421899074	-0.08699850693689737	0.024929768080978666	-3.3850404047720053	1.631853070470878

drug_313.txt	-0.074392005088155	-0.8654095939641504	-0.020531679102034295	-0.04527284653812297	-0.12022262814585738	-0.049637888764318655	-4.208325142011651	1.4511455446650408

drug_314.txt	-1.86810679904266	1.010989013331032	0.007152027504487957	0.012318272094612948	-0.12274529996404573	0.030711376854804698	-4.096874881441397	1.1234885670455887

drug_315.txt	-0.0954352159703706	-0.9456709486842891	-0.03489435186295026	-0.07320514663280897	-0.11550556496336295	-0.017488938757697574	-4.5163878168317	0.050596659281739995

drug_316.txt	-0.0455993784253125	0.9302410527724456	0.021862885400700263	0.05089244846431429	-0.09708652139625916	0.018756150004022965	-3.7646521188793582	1.3977493462519932

drug_317.txt	-1.8654282866907	0.914385539678864	0.03466889786885166	0.08238391758708458	-0.08047466865196966	0.07766865438108735	-3.0533522337303105	2.2322797368648946

drug_318.txt	0.0119735290680999	1.0929419101713798	-0.004598710785405691	-0.008852834799342957	-0.080747455398503	0.049444027374596695	-3.6117072093977742	1.7295435666400327

drug_319.txt	0.0190791357183655	-0.9743212078476616	0.01864600476259337	0.035314699564584995	-0.030406340662717708	-0.021034227979731895	-4.437202741247357	1.6038080516602624

drug_32.txt	-1.87350111720397	-1.0530208045746863	0.015784583143181596	0.03930436578922386	-0.07113362070301649	-0.019833420697555188	-2.719822308676593	2.9739173135479913

drug_320.txt	1.92620622172782	-0.8314746905678525	-0.006271184063784463	-0.01304257046707008	-0.06221953894545937	0.0016789671900626908	-4.378183837401402	0.5291424653310868

drug_321.txt	0.0378363668715502	-0.8765759652857501	0.001036210709506491	0.009563759114016968	-0.07357192110964617	-0.05087217880538279	-4.556651180757465	1.0629658102157529

drug_322.txt	0.0252564415787666	-0.8115108544115952	0.011739776944926228	0.02497285530392568	-0.06896164461740699	-0.042950049264013586	-4.080612952290293	1.05078536985915

drug_323.txt	1.92920172846771	-0.9326638544965654	0.008322178274247832	0.015449479300443159	-0.07142050813159509	-0.05204504326115048	-3.8113685198023046	0.7439031695235482

drug_324.txt	0.0172184984933946	-0.9818163988820441	0.017840817034595502	0.030292243189886603	-0.05851770940368351	-0.028824023018786546	-3.584594796872467	1.6355932735102476

drug_325.txt	0.00694896303754233	-0.9061781491921386	0.01650474854801065	0.028830404568240153	-0.04516879255022541	-0.050149928904833295	-4.60370558148037	-0.1978921873971957

drug_326.txt	0.0189780824789476	-0.8917623094816469	-0.00042834124115453953	-0.013676453634963781	-0.04179664426625265	-0.030158567483015146	-4.154424520850794	0.6674048517576868

drug_327.txt	0.00134231277197683	-0.912423024850262	0.033845497234514854	0.06726636357517213	-0.024580016434545437	-0.04171138024040468	-4.486905956729128	0.6730218456295

drug_328.txt	0.0239583886581475	-0.9413045900912436	0.02513538331579976	0.05456510457946412	-0.027427700345017625	-0.01788516860220155	-4.921263291497236	0.35859829486923744

drug_329.txt	-0.0673123400432974	-0.9279352251217131	0.0008720600760230846	0.008264565950720337	-0.08325071512452767	-0.021335031597720013	-3.673143846506703	1.672727053551268

drug_33.txt	-1.78663142174715	-0.9304182293535115	0.01679824228281146	0.03638387511826774	-0.1002993743083157	-0.050979034630232935	-3.6719884390272504	2.787947179111864

drug_330.txt	0.00868130428470759	-0.8248700006762588	0.01658658740434127	0.03324934913410604	-0.05493847890977901	-0.002115532923050414	-3.4616904818566536	1.7771607960818527

drug_331.txt	-0.117866650421702	0.8106932992577112	0.03671185237574211	0.09797794837956408	-0.05492886082363613	0.033187294681055184	-0.6010395218337524	2.1989824084309904

drug_332.txt	0.0292504505652869	-0.8567129492685097	0.02052088001458019	0.052940847842076755	-0.05710122669290485	-0.04913086072193687	-3.7850355762034344	1.2502540563850373

drug_333.txt	0.0102440204514215	-0.8735008563150423	0.006278034387994347	0.008257945086087903	-0.08477626417198687	-0.046812438712463204	-3.508720739736705	3.3506230662390175

drug_334.txt	0.00543617198315993	-0.9177873809574462	0.030536394315849258	0.06575708797307661	-0.04760436553043007	-0.018244224736263456	-3.0055045681707657	1.9713098446341768

drug_335.txt	-0.0505826366832729	-0.9100010339021092	-0.004823738160524393	-0.013370789581352793	-0.09404357427626511	-0.04128942888257311	-4.472109843037032	2.3979616011871534

drug_336.txt	0.0164196966960907	-0.8155363235434547	0.0014128761582152538	0.001985756949057782	-0.05391507868494745	-0.021954651411521708	-3.9713458945095725	0.5228699324465748

drug_337.txt	0.0254711797125298	-0.904476287167208	0.0364393316976859	0.07680641816666917	-0.0070766330081007585	-0.049003718689876644	-3.731862689305755	2.1898768643502957

drug_338.txt	0.0346411596823342	-0.933394604574177	0.014344699488947649	0.031500864691310804	-0.04490772333327861	0.029570117689609456	-2.7670250154341747	2.373630333243983

drug_339.txt	1.89595160365493	-0.8907880270927555	0.016318306088649176	0.03907451658425265	-0.0461557536657945	-0.028124039724224635	-3.922929147654178	1.3437118016440488

drug_34.txt	-0.00955672788348028	-0.9303207570856671	0.01173056917050036	0.03030401272197447	-0.09808269798126851	-0.04816781838662564	-3.2728555119834724	2.1441192060630603

drug_340.txt	0.00540128455526567	-0.9022893776945399	-0.003190596883579727	-0.010525991226554787	-0.04564807733949107	0.03254061298609922	-3.3195408721084636	2.163693305111901

drug_341.txt	0.0161173133916147	0.9876006597745199	0.023383576363994546	0.04430509482154965	-0.03938401375902699	0.04534296031829153	-2.2214553995468043	1.3819030851425798

drug_342.txt	1.80887370985733	0.9309514031659836	-0.01989688642136786	-0.020923417218665863	-0.07554087907258177	-0.025580595806437158	-2.0429915051682928	0.5144360618050782

drug_343.txt	-0.0365247864339524	1.061941192155016	0.02467615024985953	0.04719501589608405	-0.0628822136912933	0.02792687665711513	-3.763451874691748	2.206732914984902

drug_344.txt	1.87261391515222	-0.9800605581449651	0.0030570362657172945	-0.007277719678831729	-0.060389322049351525	0.017429645072113358	-4.025394821705105	1.1420334656510012

drug_345.txt	0.0533293923935083	1.0037723799795084	0.015722199723208957	0.04577301041272164	-0.06342233864880036	0.018838087352384195	-2.292704377787205	2.3672492992068555

drug_346.txt	0.0499693721828605	-0.9227978790527919	0.03042057250620725	0.06469605857368343	-0.06061276167938524	-0.021888962683112134	-3.4156983662193343	1.4751970352301569

drug_347.txt	-0.0323043803089692	-0.9295871020727535	-0.007103186799778477	-0.01919009608675315	-0.0771353230006723	-0.01979042291907243	-3.328046050748256	1.4753083455435823

drug_348.txt	0.0799731616793387	0.8443947057231633	0.020847837992973905	0.038822930296047053	-0.02443944372571085	0.07063566988177658	-1.3064382063937146	3.359104946023335

drug_349.txt	-0.0461729860989085	-0.8684424198823332	-0.28189862864518517	-0.8694402905743968	-0.09346023912888006	-0.0565825493008382	-2.6957277515080653	1.132591667674318

drug_35.txt	-0.00791890008275631	-0.835630322605524	0.007825310398235419	0.00518139004475876	-0.10307125612598969	-0.03956184799597966	-4.005004466425928	1.6827949254736103

drug_350.txt	-0.0361578669336847	0.9551120776762054	-0.00395632137578282	-0.021582066082210194	-0.09566874378916432	-0.007149020785357928	-1.7277308142001304	1.779910391089358

drug_351.txt	-0.0197626016755436	-0.892928235413186	-0.021196816822847686	-0.05570422468425473	-0.07692555185125911	-0.05701271867095552	-2.257069541734353	1.5198984991483755

drug_352.txt	-0.0647791194520704	-0.7814496266312072	-0.02853657634166265	-0.05116308852311274	-0.11209699305298237	-0.09102707592147517	-4.986004049099645	0.4082188190918363

drug_353.txt	-0.0121683193401814	-0.7036781853241286	-0.3248726987771724	-0.8903272229386126	-0.11906893632397272	-0.1262966353257904	-5.902852649332106	-1.3359801363179922

drug_354.txt	0.0603615383555445	1.018081097986193	0.011407722872669696	0.03374009810562245	-0.07637380172261243	-0.001471058940044294	-2.304513676920477	1.8357888287801503

drug_355.txt	-0.062198947157321	-0.8452853630011266	0.30751903735407105	0.8143994328061941	-0.07375419334495958	-0.04094583566747392	-4.672488540772088	0.24472146401585695

drug_356.txt	0.00040147844540972	-0.8154615590353904	-0.21681156345058783	-0.7745218372280124	-0.09350477981468708	-0.041575855368621316	-2.6451312508406883	1.017989214946211

drug_357.txt	-0.0124954412353102	1.126350674649128	0.01067770739012891	0.010511640675730904	-0.08264063094135721	-0.0035975685554193518	-3.4632114809564705	1.764316955614887

drug_358.txt	-0.0451302240009208	-0.9955573803531911	-0.009094207974504387	-0.025274864153107257	-0.1003774053047173	-0.06429432074292071	-4.144181057525497	-0.0516480510129971

drug_359.txt	-0.0643676329477415	-0.9189197463153895	-0.0007517791394623108	-0.008138437755514927	-0.10711183580036261	-0.0825056620339836	-4.15115489013282	1.8194486508658525

drug_36.txt	-1.86711070282554	-0.7869316277296773	0.016932650342525585	0.03802962903520596	-0.07460065756975048	-0.008947881065527496	-2.7906332667680664	2.24330549073799

drug_360.txt	-0.0531486458255879	1.134173068577846	-0.004963797732888631	-0.013876930066374527	-0.09471129135387002	-0.0034957105198403005	-3.3174542406903473	1.078398618750912

drug_361.txt	-0.0614444052113745	1.0720308912898844	-0.03042530212261385	-0.06059927952458144	-0.11033624766904368	-0.036676491617720214	-3.359214460873074	2.353731359893194

drug_362.txt	0.00450100291756672	-1.1490062000270402	-0.037749526686817164	-0.08820966656543705	-0.10004024977199005	-0.0049171853703049995	-3.418233364719029	1.1030520723171322

drug_363.txt	-0.00279372874380646	-0.9192347291656098	-0.035153952863275495	-0.07364670813089469	-0.12428799711118788	-0.11637443060901967	-5.8838867217813275	-0.08616652391863819

drug_364.txt	-0.0894421249438326	-0.8606411714469555	-0.013815394562110367	-0.026888062893529352	-0.08767805275623079	-0.01607211801960504	-3.827033775837153	1.423371114671254

drug_365.txt	-0.0429996848698584	-0.8958485307238808	-0.03112823645283272	-0.06316684567609487	-0.12212147980123625	-0.07799879746363787	-5.010071014447767	0.02446120325356052

drug_366.txt	-0.00528998436038153	-0.869119050578115	-0.04252424881024047	-0.09182482198909764	-0.12819414367973667	-0.05834830118444191	-2.7128001903835606	1.078141672486711

drug_367.txt	-0.0684895113110903	-0.8190117279707808	-0.031887015822372106	-0.06235071689729793	-0.10050409007236924	-0.0721016209007802	-4.401581701104708	1.1934670084412184

drug_368.txt	-0.0592976253811199	-0.8902066766120378	-0.036438247484958025	-0.0794366738655018	-0.11250297741849782	-0.10534359356682203	-6.311904835811424	-0.8009788235626133

drug_369.txt	-0.0554809629527341	-0.8780003191578007	-0.3448718756956666	-0.8939969835007437	-0.12127561417187312	-0.0720041080628137	-4.667008115444177	0.7530861769215034

drug_37.txt	1.85674622732227	-0.8839535736276902	0.0038985281559497653	0.007985208565596869	-0.08748274989178291	-0.045207038679318086	-4.398049948092888	1.5431723123184564

drug_370.txt	-0.0166477234502855	-0.7586920032646911	-0.016125017953490528	-0.03607018971408438	-0.1102222561535355	-0.12673019001581837	-3.549311756529777	2.1199465722802073

drug_371.txt	-0.0752155454761121	1.0972420463654806	-0.02645175782379186	-0.06329605211433537	-0.10400662994246827	-0.05216265862101687	-3.721488164833535	0.9856953681423881

drug_372.txt	-0.0249223319596356	-0.926644629827845	-0.027418956227407143	-0.05413129314562248	-0.12118340013486863	-0.10946074088050038	-6.0722491817300766	-0.34221016100247437

drug_373.txt	-0.0577219277466778	0.9741636475007834	-0.20367507508514646	-0.795028275457355	-0.09551007372180693	-0.041742028096422856	-2.1974608627272447	1.2448919011950554

drug_374.txt	-0.0148256808156986	-0.84010744950054	-0.21591672315557423	-0.8128954604477284	-0.09602107607898344	-0.06495442487441343	-3.351747424476014	1.4767759040112625

drug_375.txt	0.0414350106046604	-0.8763791885719788	-0.00646911382214127	-0.025180969316876523	-0.08641987020465251	-0.07250126211943526	-4.069683142432426	1.1030430727571277

drug_376.txt	1.82014861583554	0.8335064534386509	0.0013199775671274283	0.0013175981053910046	-0.08200314203938511	-0.0023431927387603077	-2.37554881855274	3.660770388675089

drug_377.txt	0.0936092571388154	-0.891975022917173	-0.1949754708027699	-0.7798729691214558	-0.07175144071007782	-0.05833941793749254	-3.0666928788960512	1.8825703910313374

drug_378.txt	-0.0687553775719399	0.975961195899641	0.01739178747589186	0.06951608228797795	-0.06369358946069187	0.026420723035274	-0.8084161950189866	2.0631144554813994

drug_379.txt	-0.0817999950428966	0.9486322435969059	0.034104885789526515	0.08290618968747893	-0.08027449823371421	0.033013507277524536	-2.9549184144360403	1.2872175721126216

drug_38.txt	-0.00668821598841585	-0.9942149142187879	0.016467639429259773	0.032540003151042884	-0.10095207335509311	-0.027567053083250314	-3.1183551136265653	3.8493929381306544

drug_380.txt	0.00632021292166685	-0.9744521708391416	0.016762801421357026	0.025813793878010083	-0.10267040914560616	-0.03569469463731219	-3.5001465815459007	1.2909843606025193

drug_381.txt	0.0117295687674163	1.0845439002208894	0.029348938025616667	0.05448247265363171	-0.08065165658213544	0.025368528049085997	-3.23579279922467	1.6700783754501705

drug_382.txt	-0.0441978875658144	-0.8008781791638558	-0.009560557483949933	-0.030672112463650536	-0.1146714198500847	-0.05409673986316362	-2.226042539689109	3.1172958300369213

drug_383.txt	0.0143256746086544	-0.9201383042868272	-0.003813803251758646	-0.011699450722966853	-0.08407523659306768	0.005582898372467073	-3.53274631735422	2.587643563561333

drug_384.txt	-1.91682237815626	1.0885910235196319	0.02646934699122966	0.057061704835308924	-0.06086896849093609	0.0028980770476175217	-4.030902838853422	0.6115499733540094

drug_385.txt	-0.0498337599983005	0.8768763047727206	0.03471741372806986	0.06686395710021381	-0.08955934175810609	0.050435729457392615	-2.8943026339841555	2.045192976771673

drug_386.txt	1.8704812984744	1.036123933328365	0.03926016702354271	0.0969677620704193	-0.0527367247403501	0.03148542466079808	-3.8948268785718474	1.8828675902966785

drug_387.txt	-0.078677821940933	1.0174785932561472	0.04332570305530034	0.12104580708645041	-0.06885434712774217	0.020172988502753553	-3.318102648469861	2.3281508540584284

drug_388.txt	-0.0180046473057227	-1.0059903150961766	0.009566032031480737	0.01909308685093647	-0.08424242020858028	-0.004190142133456178	-3.4105248998934266	2.0822569643202704

drug_389.txt	0.0631431601636253	0.943334339770904	0.02731433634090638	0.05486565771618984	-0.030736133313959087	0.02850388478147554	-2.839243156366295	1.1170886960822544

drug_39.txt	1.90868533992995	0.9684114920799448	0.035804698011419084	0.0708365899474554	-0.09980985479111233	-0.03436827867236246	-3.7423924177677526	1.9377873365197058

drug_390.txt	0.000767194930922366	0.9353922843913434	0.015627930111757157	0.05041950190443778	-0.06451971812114501	0.047694058837821476	-2.5664497259787336	2.1223113694268134

drug_391.txt	-0.011159241655333	0.9082797866230072	0.018342837335959622	0.0422381149881253	-0.07188560915615987	0.02917348502630176	-3.367695496670012	2.309683367804469

drug_392.txt	-1.90022979714825	-0.8333737969252268	-0.03511151094608367	-0.07520513059995376	-0.0892823923282109	0.01190464185895278	-3.63368409435023	2.14561523615222

drug_393.txt	-1.8871494177174	-0.9595027056345171	0.02134851658792064	0.03856384494933035	-0.05760221596269666	-0.0018813692423133334	-4.175546059370699	1.6569509374278943

drug_394.txt	-0.0129334367243461	-0.8875382018882431	0.0043104428767596625	-0.0033382273915983918	-0.08078117939300128	0.0037699662894880295	-2.2659816997251165	2.9333814098361173

drug_395.txt	0.0010168204925799	-0.8273221071961816	0.0036498734719804804	-0.002989073911226825	-0.08899984147622167	-0.042336465371766725	-3.254938073608079	2.226318131527028

drug_396.txt	1.71951908930589	0.9572718763855885	0.06589872460402425	0.19579841721544478	-0.055359870234635664	0.054382376532626384	-2.4849917741885417	1.98810929766733

drug_397.txt	-0.00231683151168316	-0.7405177161995286	0.013457131519566456	0.025966136667881057	-0.08579906761181422	-0.03592561348010123	-2.227339355248137	1.5658155358160049

drug_398.txt	0.0951394919071449	1.0420913144995403	0.03756860235182506	0.08730996932772478	-0.07124791320559201	0.015552278324886606	-3.0004414691264776	1.397945513344291

drug_399.txt	-0.0376393796044378	-1.0640732582023833	0.027294303375903745	0.05267347421354934	-0.09581855631173279	-0.024784743687313465	-3.2504785456351466	0.3967779561788841

drug_4.txt	0.00405450953707009	-0.7829917325098387	-0.21379828518807076	-0.744085408828792	-0.06365193713448872	-0.08087657060683301	-5.014582277083958	0.9736571259690786

drug_40.txt	1.90169582420354	-0.900834938275505	0.011315154123712867	0.03442847920389541	-0.07416754716732282	-0.02364412082371677	-2.1966641489130545	3.086346184343613

drug_400.txt	-1.89195967221517	0.903919845540866	0.05682887094001021	0.10844558653005348	-0.07219833448836412	0.01890086250711232	-1.9963199409535044	3.5445247809718414

drug_401.txt	-1.90155662430476	0.9126076731637056	-0.004386673442820996	0.004009576890141808	-0.08774250740662107	0.01727913987560257	-1.8316933445080206	1.452457489722194

drug_402.txt	0.0119560853541528	-0.7742256755283178	0.013050014566464735	0.027473488182035266	-0.08459761406690801	-0.05502320764906802	-2.9638064295839497	1.7421673995917002

drug_403.txt	-1.87232165935494	1.1042307526310764	0.022074145835443287	0.051568075904981414	-0.08389737011313679	0.01655674677339637	-4.174556202813676	0.36825982974054794

drug_404.txt	-0.0357049532084852	-0.8663565833427013	0.02780985729110727	0.051271922407997106	-0.09212845170548696	-0.03908074301733814	-2.632908074401344	2.2855774300959486

drug_405.txt	1.86074590156976	0.7871142808411387	-0.20405912705527596	-0.7920100418432454	-0.05571383015729571	-0.0015578806320524403	-2.066127246577752	2.944145302105422

drug_406.txt	0.0654409183456294	-0.9285293237087917	0.008736278005572556	0.015894280216578238	-0.07160213426992597	-0.011650595401779993	-1.595365953763007	1.6587276471228813

drug_407.txt	-0.00207003858051258	1.0470791066050662	0.03785824633809502	0.11095922136293046	0.006237661710072102	0.025226287884601316	-4.254613869718322	1.3685641412969578

drug_408.txt	0.0193977597220335	0.8892524762889593	0.017300250440467235	0.03753523557246752	-0.0011634830756727839	0.043304587399334536	-3.4482498163419453	3.28725376887879

drug_409.txt	0.0848158975754945	-0.9543956569103165	0.03308801978414999	0.07043443250432846	0.01912208112303574	0.04310347847474243	-3.917738436440517	0.776809029579865

drug_41.txt	0.0459258646849857	-0.9600888617824463	0.01306592339477644	0.018510215807262365	-0.08491889034281715	-0.02644593333465755	-3.2018031254634565	2.8988991776649997

drug_410.txt	1.93144835852263	-1.0055386112231446	0.0014817615002101492	-0.007554692347490177	0.00839681025191167	0.031078603570330102	-4.830003345508224	1.1545727586122245

drug_411.txt	1.89370497360001	-0.8720220541121921	0.003263209524083821	-0.003664656133751998	0.005032129846166772	-0.05193925115335871	-4.7285965075653325	0.3518970677820028

drug_412.txt	1.90019523820311	-0.8459829239732255	-0.02408644132573426	-0.05834042564779929	0.0011534920282362734	-0.08239843212372935	-5.959691799366078	-0.6081839801707771

drug_413.txt	0.0612512445550251	-0.8952229065395898	-0.0012970284368581941	0.005025838630407731	-0.009896269084368626	-0.023855705969143277	-2.870853035617591	3.9911257716995707

drug_414.txt	0.0103113892777	-0.8189193485935469	0.01155629809269737	0.015583340484399022	-0.012488809459304695	-0.050108611202375565	-4.789388185872298	0.5904355644271587

drug_415.txt	-0.000771985659893559	-0.9567165330877994	-0.013913765067557038	-0.028691842324820416	-0.019227430745010373	0.00034586143266161675	-4.566949827723572	0.7247436326044244

drug_416.txt	0.0140058475902313	-0.880137122887788	0.01791102917963197	0.024280269986417635	0.039236038419643814	-0.058741486055311605	-5.326914786111657	0.39869116899543044

drug_417.txt	0.0643466015195783	-0.8876799398865692	0.012058417023679824	0.010018206413002662	0.0328117559161011	-0.08157231776420754	-5.0336551229388045	0.059445431397700164

drug_418.txt	0.0557095570862283	-0.818955562741988	-0.017732777317986725	-0.034802559554076795	-0.012709331719450039	-0.08259590425317705	-3.648473310087225	1.7692239616102512

drug_419.txt	0.00651708074050594	-0.8400128025050595	-0.019268494038033823	-0.04115505871492081	-0.02277862404922875	-0.03849235700665351	-4.476290003828365	1.6382047008255205

drug_42.txt	0.0583572176555298	-0.9658705801894125	0.008259052473777256	0.020344843501273524	-0.09095509750701845	0.002247599035226929	-2.951672926560921	3.9302924814422275

drug_420.txt	-0.0256671729993663	1.0179778560875516	0.028358088782362817	0.04963364341923632	-0.03201555899276939	0.008899947838065168	-1.461083461807747	2.476632623124027

drug_421.txt	0.0070106666028471	-0.9408476702972628	-0.012531577076424855	-0.020094290504560686	-0.032043637551592515	-0.04091148702863452	-3.83208997692634	1.043213259476396

drug_422.txt	-0.00576449689304381	-1.027771588922576	0.008693024234319918	0.01681643500137986	-0.004100911878264803	0.015003973914567948	-3.5935345466836357	1.3578766582576942

drug_423.txt	-0.0160316263193861	-0.9271156967677086	0.01240699156387809	0.034476444212015234	-0.021608146781113183	-0.02516157598831919	-3.538302620188245	1.3301800421673957

drug_424.txt	0.0134067462422532	-0.8523908021690021	-0.004403642871207342	-0.0062679037211442745	-0.020062818140231177	-0.006655801221918018	-3.7427442134779145	2.4042469471903427

drug_425.txt	0.0472559724030122	0.9672300467193395	0.17566447635386606	0.8256793070639054	-0.0012938004202477926	0.01494022903989285	-2.7063678472516823	2.0120118815932067

drug_426.txt	0.0188485834863871	-1.0787333032839572	0.007924039417883444	0.01366085990892485	0.0020025315374177545	0.029379359868907443	-2.5391648645758966	2.5263196762342015

drug_427.txt	1.79958230218545	-1.0901477338701766	0.021225444627592016	0.04295514012422147	-0.009392144449039741	0.03480993737463661	-4.073787425717646	2.26830088800766

drug_428.txt	0.0453750588336073	1.0803543776647009	0.03591464200229608	0.076175706174473	0.013903597673847998	0.04554637308870554	-2.79977305727717	1.9530595327667717

drug_429.txt	0.067691584045789	-0.758839481976192	0.0350414811339701	0.05729143224454131	-0.01127272651030499	-0.047800852731095224	-3.9968579814513987	1.106550136923656

drug_43.txt	-1.84694095744361	0.9835849491278525	0.015294707389707674	0.022967189446448044	-0.083522561460274	0.009439714364018675	-2.500705315909099	3.2549160251843214

drug_430.txt	1.89949628663047	0.9638416488240844	0.19298988892342128	0.8624494325984935	0.0032557213432819615	0.032283152913664785	-2.756695327670112	2.1820726727694977

drug_431.txt	0.00301949024681381	-0.8572558484146	-0.004023868806958236	-0.009947597699906219	-0.015068528165999129	0.019907443878890232	-1.8028219534319052	2.9542251944600086

drug_432.txt	0.0372372655235722	-0.7814056065171756	-0.009314272406136331	-0.021742218907666366	-0.006332813303177691	-0.05408139393984888	-2.9285337361739114	3.6974023790134227

drug_433.txt	0.00177136243852627	-0.9243913684389367	0.009061074764502963	0.013123082764225136	-0.02120135548350246	-0.08068447190960892	-3.8301309576775964	2.0508175773640613

drug_434.txt	1.91377486875728	0.9599512172772653	0.0171578312122658	0.04994175500302017	-0.06886526629415662	-0.05402760024369835	-1.1916769273748797	2.04116038614474

drug_435.txt	-0.0128566954746041	-0.7893869111807454	-0.039879255380610545	-0.08992687110429454	-0.07536086524919852	-0.04909247930841436	-4.7977174666570095	0.9074093395216246

drug_436.txt	-1.84333261280428	0.9836059436231841	0.05724944654457707	0.1934806430893865	-0.04555674695185678	0.04093343786182421	-3.74448594714097	1.2713322963669442

drug_437.txt	1.91537247235188	-0.9299481768224205	0.022945626971048627	0.04915879037094062	-0.06544224732351411	-0.04907437434784541	-3.699852728658589	2.1624632043277243

drug_438.txt	1.90733452926651	0.920459032123246	0.03503695834332343	0.07762051318745566	-0.056908230864852735	0.034028489758899175	-2.5545990391148545	3.653499891287794

drug_439.txt	1.93923667604634	-0.7850833829355537	0.0016651566904236081	-0.0054558489908471675	-0.05561257443840162	-0.027099030311369614	-3.174973529097299	1.8913270404224662

drug_44.txt	0.0236592645851355	-1.0047369787006422	0.015674452346341294	0.03118285005596866	-0.09771901129717363	-0.0183322260959212	-3.665135320634198	1.5108455537221122

drug_440.txt	0.0396998367270082	0.9571806005052332	0.030767116906725567	0.06582034178081336	-0.05829757044381441	0.011012146372953396	-2.7180805750135373	2.033477164200007

drug_441.txt	0.0137736657425209	0.9172172364811753	0.011452577056397156	0.02244924265590248	-0.036005599320145104	0.046897971590342674	-2.4832983262111945	3.071663157823218

drug_442.txt	-0.0732355367657732	-0.9233162627905007	0.005204774747934626	0.015826202815750867	-0.09940257817476802	-0.06909401009538706	-3.5707885397373946	1.5784055119169909

drug_443.txt	-0.00265169621454342	0.8391656216733047	0.01598889651742591	0.03501917628368767	-0.07262084060958685	-0.011769767094366446	-2.546438758230123	2.1295377500643102

drug_444.txt	0.0417467663325998	0.8572795361816729	-0.0007754105066105077	-0.014568792758512028	-0.06417483192701309	-0.02623735464732953	-3.203482777530601	2.420064212538568

drug_445.txt	-0.00523559700183118	0.878301017840346	0.03180179269333225	0.06054206349155461	-0.06495332292180561	0.012550906359752916	-2.174176815283109	4.961755047866847

drug_446.txt	-1.90257257026534	0.8985222533837779	0.029578219550846524	0.07547151444509503	-0.04021214256721438	0.05055725292903602	-1.8476138248816139	2.6764205970170174

drug_447.txt	0.00448759484886141	0.9165738409044663	0.03137126672557922	0.06817618963694683	-0.043120023600577595	-0.013466212178803063	-3.217133830675896	4.086034724835544

drug_448.txt	0.0441930968368434	-0.8618498901941984	-0.004374212481761092	-0.013032063485292567	-0.0870249579751775	-0.0653945312242841	-3.0271331063906106	1.6118977572580477

drug_449.txt	0.0537787184044919	0.8437226256469075	0.03419494927392873	0.1141228481786975	-0.06227403446356505	0.028673810745048784	-1.1936980282195344	3.335159634914624

drug_45.txt	-1.79599989915153	-1.051628864992316	0.01591712721589736	0.029143796602021266	-0.11477060186574621	-0.04091829424475428	-3.4629390117299725	1.92876888676559

drug_450.txt	0.0180323379751359	0.9371231532604777	0.001132918263071686	0.004128971754178423	-0.06277524658029121	-0.01724101229102802	-2.192915110315547	3.054054923507102

drug_451.txt	0.0210627321429204	-0.8364971183682455	-0.004130940059635296	-0.010051757356383195	-0.07435235161685413	-0.08696668715950052	-3.1099603022683926	2.834298322633934

drug_452.txt	1.91104643129299	-0.8717160486182808	-0.017152925718494583	-0.05344663947188	-0.07231035541440248	-0.05102797270700734	-5.927154145153669	-0.38986959223123663

drug_453.txt	0.0413972905462793	0.9486258493586455	0.012770340086863063	0.025949116318544796	-0.06303032982634585	-0.018481803755132826	-2.5677189497173565	2.99381640169802

drug_454.txt	0.0234242501069382	1.0116492110876134	0.015928500227131243	0.030437146800374515	-0.06448307152439317	-0.06733158962629741	-3.7207500836377054	1.9550494647262178

drug_455.txt	0.026269981509834	-0.9026617588363388	0.013520017194229184	0.024447278653988214	-0.01993441392496785	0.028276625908589297	-2.13040929016593	3.3630548134774516

drug_456.txt	0.00293991636658486	-0.9380362109929274	-0.014577154872328107	-0.02940586818213292	-0.07581724973865914	-0.02999582671032471	-2.1974367198843905	3.497218886948299

drug_457.txt	1.89550227764395	1.0169375491347685	0.013988001482957313	0.02748331075281052	-0.024405188727586447	0.012821066728771808	-3.5687881327580437	1.6056502940969435

drug_458.txt	0.0525305905962044	-0.9143623482268459	0.0021346995719226103	-0.006683776415228548	-0.08069837845745467	-0.06232208093920322	-3.6063681921494375	1.8949591225550324

drug_459.txt	0.00898085495869672	0.9113968902865606	0.017242509763258584	0.03738240129547121	-0.051275495926536505	-0.016103808165532675	-2.8620615918410985	3.0347359829304885

drug_46.txt	0.00347252342028703	-1.010920389399178	0.013494799332503582	0.029810672956562423	-0.10971271371279931	-0.05616343705449544	-3.6109863730896974	0.9156479612662

drug_460.txt	0.0111775599012828	0.8855449247855015	0.03003488602093654	0.07063042158785993	-0.03538398155665659	-0.016451481630625365	-3.422134158328763	1.8013525624978932

drug_461.txt	1.90064456421409	0.8652714559535575	0.04554066311868532	0.08850999557262706	-0.0176787267917698	0.017619976663852878	-2.991484474427556	3.403940763311805

drug_462.txt	0.0436439206011968	-0.9491939497521745	0.011770669721589022	0.021365906964423365	-0.01878377310853481	-0.11933817204792621	-4.423720688002041	0.6201454245415088

drug_463.txt	1.84008823558646	0.8411190702599232	0.01956621226344385	0.04406368209292316	-0.0044034141706434556	-0.005586724484055974	-2.9935917997109756	4.2216785974172755

drug_464.txt	0.0420962421189203	0.7655178555623888	0.03374745269962812	0.06823866367224835	-0.03651050082786237	-0.0007427271111051813	-2.8097164595555646	2.1114396525902444

drug_465.txt	0.0335091227979019	0.8265830156585685	0.02722194651518181	0.056548525949013495	-0.030948009106361727	0.010392249690587456	-3.5321358483277634	2.856436014408007

drug_466.txt	-0.00463246000861139	-0.901891413346299	-0.26431556659036215	-0.8078633318588625	-0.09585400502681195	-0.06932087886321757	-5.479618267164699	-1.5390033671478447

drug_467.txt	-0.0314844276352284	-0.842612344925725	-0.017512271782624544	-0.04947598893636235	-0.09901822564386836	-0.04983665980249196	-4.139142101324063	0.2559831789736626

drug_468.txt	-0.0304802601276246	-0.9022813336517903	-0.20061780193210413	-0.7637740511299256	-0.07426015453023474	-0.02226547521750451	-3.6679255434726374	-0.622875534579253

drug_469.txt	-0.0365211987197365	-0.8030477794508057	0.013736895673485905	0.03076792910689341	-0.13221288751939772	-0.025804901162719995	-3.0976922891208902	1.6319358889057394

drug_47.txt	-0.0241041283499002	-0.9648270530467746	0.019108293767730766	0.03181602065040884	-0.10348247146447939	-0.05023288198100593	-3.929199388841178	1.3350362065119386

drug_470.txt	-0.0227418677162416	0.7844091128317545	0.041953122482351085	0.09943034765562969	-0.08804265720910187	0.025672895026793548	-0.15177225711437844	2.18597799570777

drug_471.txt	0.039004920799609	-0.8052524183551533	0.004959435695081699	-0.00759992061438769	-0.1182682663308818	-0.02610412852333191	-2.5109004935486876	2.2429456079442183

drug_472.txt	0.00894433791507043	-0.8185616447744628	-0.22792463855896233	-0.7918637703910222	-0.07569625052854105	-0.049327923945630986	-3.017241438775475	1.8125160701215615

drug_473.txt	-0.00177048790652368	-0.7039554687022703	-0.03569597651667589	-0.07688690458966163	-0.09197182734116227	-0.03199471239022689	-3.569722805674258	0.7183827810285168

drug_474.txt	0.00838175361071858	-0.9678119132471759	0.007482464139234854	0.015524230713470422	-0.1092431523750677	-0.05272942345290704	-3.2293328642723864	0.857499602532726

drug_475.txt	0.00643467422979005	0.9883907145297126	0.01100671628273768	0.027867544580798598	-0.08222019704348167	-0.00825611628230938	-3.086303765248792	3.008905988102786

drug_476.txt	-0.0151329742974191	-0.9608484199430345	-0.00581157546067293	0.0	-0.0792749670867134	-0.04751413177521632	-2.6228163660882733	1.278021687147346

drug_477.txt	-0.000696874025883365	-0.9872407244850893	0.00550496617242735	0.00948071529707012	-0.11226305855900626	-0.054362520920917805	-3.323420971852894	1.0629802748887627

drug_478.txt	0.0155872104856473	0.9971728965394706	0.025551399423945645	0.07899638502252943	-0.06772760593594433	-0.020646167866971415	-2.8371461780155274	2.149253302618033

drug_479.txt	0.0221935660125978	-0.9922092961472333	0.018178306338968678	0.04696485113302512	-0.0877772405784704	-0.04894656435427209	-3.46041436016293	1.1675497732788875

drug_48.txt	-1.87130441226138	-1.0212511501748716	0.026221030158201847	0.05352157180445738	-0.10847999651435469	-0.014083903249429328	-2.062195412170062	2.774322513025183

drug_480.txt	-0.0399380123184445	-0.787235275257792	-0.2586112697099217	-0.792654264199689	-0.11106829020227832	-0.08493866196194531	-5.463597766442138	-0.5136090725435718

drug_481.txt	0.0272331697275926	-0.7740729510834459	-0.27690435217494924	-0.8037959497732592	-0.09246138630872375	-0.09049536249670688	-4.6141732283464565	-0.4265468275031936

drug_482.txt	0.0108577328828597	-0.925142216865102	-0.268133981106091	-0.8067436394979066	-0.09655548335840242	-0.08869248389973584	-5.193742864927692	-1.5165906842719128

drug_483.txt	-0.0327768152948736	-0.9071181248632922	0.2582873208275198	0.807455786168319	-0.08952264306098268	-0.07355373189714857	-5.026908922849821	-0.1536291529932583

drug_484.txt	-0.00797744253482202	-0.8741255985492368	0.022756483766142713	0.059030217299762766	-0.07117775774952627	-0.03687684177488775	-3.8041739526317424	0.3805993219691912

drug_485.txt	-0.00373380798664424	-0.7529600735424153	-0.0014066151119665332	-0.002771710683867834	-0.08363374093163398	-0.09297521514316509	-5.367385088690457	-0.6937357023954314

drug_486.txt	-0.00742826629917559	-0.8149467741569598	-0.01465665049314796	0.0	-0.05523582919397164	-0.06369019939432827	-4.822370758188735	0.6763236407801174

drug_487.txt	-0.0021861295043677	-0.8627295973292104	-0.2495158162069438	-0.7991154994040965	-0.09842451626304263	-0.04135544346727537	-3.576220679379598	0.31073805339577376

drug_488.txt	-0.0372806508429272	-0.7978509375820066	0.007926496769496139	0.014873765451713872	-0.08630256343470609	-0.03278613725036302	-3.1702829196284763	1.3008378158627534

drug_489.txt	0.0383895787524388	-0.6886648981702427	0.0013109085876722715	0.00853631598672594	-0.05787785798760686	-0.019431657982392502	-3.8048706460969646	0.9210634147345923

drug_49.txt	-1.78333636433327	0.8872753986407018	0.011196707542633993	0.019838059969057575	-0.11647920577608997	-0.0354865849830837	-2.750863106632039	3.4267839509025535

drug_490.txt	-0.0341191280668505	-0.723545730565202	-0.0056589582765904645	-0.0165225297304345	-0.0962889147017963	-0.03881126993435214	-2.1543486433446803	1.7575766667949668

drug_491.txt	-0.00203635416737324	-0.7335118548770607	-0.008470085967995589	-0.02648399124892664	-0.06905391556916882	-0.05373938723314536	-4.3190304234309735	0.8880819009316582

drug_492.txt	-0.016414786518846	-0.8095486338500555	0.0003671803106584104	-0.002301435503174576	-0.09019060799330815	-0.08820568874720947	-4.396070234978841	0.0509066207009744

drug_493.txt	-0.00423305910995941	-0.820295848810232	-0.27454868640367297	-0.8312570051491324	-0.09888715116469105	-0.06490064652749335	-5.0539971925322735	-1.0642484773747334

drug_494.txt	-0.0213658705311255	0.8793860963021966	0.011433851921599389	0.018415415104473976	-0.055304084890113084	0.018616604085892767	0.06160908598645931	2.113513137622327

drug_495.txt	0.0114771105752719	-0.7178864110462919	-0.0008700534765251344	0.002297842906857306	-0.08936054002179572	-0.07209542714020062	-4.15856329391152	0.028143039387440345

drug_496.txt	0.00423796928720388	0.8640064176338567	-0.001264421869351967	0.0045512828232471825	-0.08028260406416454	-0.006044342208447807	-4.193980844378684	1.1956456805854052

drug_5.txt	0.00595166380566714	-0.7623829494201749	-0.26438918110139253	-0.8367083065354076	-0.07629894790419789	-0.09332017210478215	-5.7994557513425145	-0.3229522559178735

drug_50.txt	1.88579981006871	-0.8713227993861954	0.05880459338509328	0.13250694746232256	-0.041942069543982	-0.059255902348403784	-3.8531977195360434	1.3150842432929617

drug_51.txt	0.064768782910399	1.016830732948625	0.02715044915167794	0.05356598660971612	-0.12086354528050382	-0.051547103263236894	-3.3576382781324474	1.9112501502090509

drug_52.txt	-0.0831119039632467	0.878944435268712	0.03900722752905256	0.09375637750835647	-0.10710300574613038	-0.023416359334974494	-2.9475789902083527	1.0573910677678462

drug_53.txt	-1.94470816205837	0.8738554634165012	0.06827849337437458	0.1442542748568667	-0.06448566118603383	0.02341075705849359	-2.484533060174311	4.585078334288775

drug_54.txt	1.83678184765064	-0.9311772731459413	0.03743907551515846	0.0874243980694836	-0.11105083880317755	-0.04881253900861903	-3.9387530566563544	1.5872004915890587

drug_55.txt	-0.0115805485141509	0.9481810765165847	0.024519046023746438	0.061310287385655526	-0.1022819653807334	-0.03556437235694036	-2.947820418636895	2.6845086181425164

drug_56.txt	-0.0307940934023215	0.8643652692576975	0.03691089913695786	0.09123745661654747	-0.09682222652563321	-0.02227010621480459	-3.2338924125942863	2.6042266487375794

drug_57.txt	-1.85757500637022	-0.8419673448184652	0.01234097208759738	0.025631263917104463	-0.13101839137223434	-0.05594946274637157	-3.0238255369195803	3.6207139018270746

drug_58.txt	-0.00928399334690189	0.9309539108192044	0.05143476547652481	0.09983994665336332	-0.09799036470095644	-0.01674252847027378	-4.007887811658234	2.409699271058128

drug_59.txt	1.80962008239457	-1.0818953955825916	0.020973076386061384	0.04672854615497618	-0.11207519418689	-0.015938383735892014	-3.844433867579956	3.8346816298557607

drug_6.txt	-0.0204587206176977	-0.8038586156578472	-0.24629380208537266	-0.7829013861091474	-0.07499206397987912	-0.07172192520989568	-4.893005818425128	0.9323749531867912

drug_60.txt	-1.93382448757011	-0.9655682733716765	0.03742710649068565	0.0800337608713646	-0.08151225054280455	-0.06184918693790066	-4.286789381287917	1.626965840572307

drug_61.txt	-0.0336973732770066	-0.9041893762067724	0.01298310617177284	0.022570772243819037	-0.10459538395356949	-0.04467549998277237	-4.521730283057588	0.9053549538593677

drug_62.txt	-0.0118301740758086	0.9692165198769531	0.019375636948274905	0.036477009466026444	-0.09812924987603497	-0.005333107531383901	-4.148292238765817	1.8292956311725368

drug_63.txt	0.0185324636304537	0.9779178534700821	0.0343008481604721	0.0671416591522776	-0.0787679256933608	0.06443109234455867	-3.318237158594335	2.6336199934982822

drug_64.txt	-0.0280059104712154	0.9165250255223816	0.02738694017935875	0.055677530646323914	-0.10258417896794175	0.0032027593535552397	-2.933251937463139	2.6428672801004605

drug_65.txt	-1.8633975977843	0.7891193874735386	0.050041883786778873	0.08890578243974884	-0.09454127596041657	0.03246874046962234	-2.8957718984207133	1.8650763505289842

drug_66.txt	-0.031251042772763	0.9295554435316904	0.07295933116958615	0.1575406448354103	-0.05996687501873763	0.02396932536893976	-4.130381698345525	0.8520182396452052

drug_67.txt	-1.90317046859856	-0.8592205706710722	0.019474290808678407	0.03678098002606739	-0.11376467010192784	0.00538267812657163	-4.0635612072801015	1.8195981537328143

drug_68.txt	-0.0115805485141509	0.797955031947891	0.0653394404848868	0.13586897237359374	-0.07805920583476529	0.019489489260184283	-3.2444428349215877	2.8294126449246404

drug_69.txt	-1.7255361851694	0.9841562649930032	0.03932863223249447	0.07170111414233421	-0.10088813529442478	0.04566771563151991	-3.15719749880148	2.9774755916185223

drug_7.txt	0.00145840369583194	-0.8017622667010138	-0.2067257551081832	-0.7579526479701227	-0.08594728477788234	-0.07067617216982222	-5.181826647490351	0.6628237463063361

drug_70.txt	-1.9057665744398	0.9323905833410093	-0.010530536203520013	-0.02620180796048366	-0.06739839896864014	-0.05776523156445126	-4.5419068017286275	0.7824190796701955

drug_71.txt	1.83437977699775	0.9634712066505803	0.018449348062267473	0.042576854620526516	-0.10228113848685935	-0.04377411745671191	-3.2157749335209576	1.6627335404268357

drug_72.txt	-0.00803586553861424	-0.8963664900911239	0.005245175947126063	0.005881001277993347	-0.11040328935581435	-0.06285133853514566	-3.757771408665901	1.7572569210242224

drug_73.txt	0.0622725272938237	-0.9552684177992508	0.003557856365282691	-0.00042341806140461236	-0.09071452839026985	-0.03080075971508702	-3.079733463014889	2.5613064100730423

drug_74.txt	-1.86581264990492	-0.8640309342568482	0.010613365256201546	0.030878524309356226	-0.10732379263342079	-0.055728210863487615	-3.9985307355634423	1.208003747822382

drug_75.txt	0.0635380988160585	-0.9367038005482292	0.027276918715745502	0.06369711090222718	-0.0951597537933958	-0.043241166610903735	-3.5286903197547086	1.1787656018216448

drug_76.txt	-1.87912521118348	-0.923226548062059	0.0008720115456731792	0.005772330757056854	-0.0838162561832471	-0.03803608591314259	-4.257931786122004	1.464717874113506

drug_77.txt	-0.0614698988857566	-0.8707623572443235	0.017410064351708582	0.03918451523654848	-0.11695810907798351	-0.04295794365653614	-3.281402078353872	2.25436915623095

drug_78.txt	-1.83003017903291	-0.8248047245017726	0.017953015699687103	0.03172985871296419	-0.1242066176345274	-0.04706853459237194	-3.6115830462059524	1.923368662967383

drug_79.txt	-1.94865224593256	0.7604305643350491	0.05783372353438598	0.13548925956788194	-0.07577986138207111	0.030442768862272384	-0.8727223814500191	5.274120871178257

drug_8.txt	-0.0296611819858864	-0.7834964276537503	-0.20257630291049844	-0.7319107335303943	-0.08189387738590262	-0.08624518148586059	-4.440024004883752	2.2075275827351826

drug_80.txt	0.0102623386973714	0.9276093116923247	0.028852773958926076	0.056980492132744975	-0.11317832532338055	-0.028145518754788133	-2.8721257083337646	2.4785718183305034

drug_81.txt	1.86367732004488	-0.8219071361537595	0.0016369618994102886	0.00028592362187679354	-0.13647706206855448	-0.09966364949581409	-4.009677831006998	1.6808410228757253

drug_82.txt	-0.0367034554551153	0.9606203874470463	-0.00875303852169279	-0.020271058534914177	-0.09451749178757449	-0.0347503508952105	-4.228718946268379	1.0678457898459528

drug_83.txt	-0.0732628008342097	0.8263739487008502	0.005492404689169672	0.014534804652286681	-0.09208433725755126	0.010182905492854829	-4.033144674261315	1.709203161222943

drug_84.txt	-0.0505644378855966	-0.9592712305590957	-0.0038088104969145886	-0.003348763503486396	-0.12784057200792603	-0.04502906485329123	-4.663745382681304	0.8042852067296147

drug_85.txt	-1.91235668926756	-0.892941350954545	-0.0035651753243113316	-0.01303369431483814	-0.12571057573999783	-0.07234598032169014	-5.243332264150292	-0.27780170034587265

drug_86.txt	0.109272760943179	-1.0507004279371195	0.00017922107682596944	-0.001939902532893445	-0.1098657601488594	-0.045655986399322154	-4.536674702784359	1.0523822601864536

drug_87.txt	-1.92119343415024	-0.9350142136884632	-0.006609289002219132	-0.013929818236498026	-0.10557050977780644	-0.059717406460314836	-5.295277315039956	0.5420292693036924

drug_88.txt	-1.94690486700096	-0.9785732359779815	-0.014551067099972503	-0.026581252154670887	-0.1300621524928776	-0.11929852627470197	-6.154941867483385	-1.120204963409165

drug_89.txt	-1.85319543115473	-0.8910609417494423	-0.025165846799049346	-0.04977782901999156	-0.15103784478282242	-0.12097636219461949	-3.4244380753325676	1.323465925719333

drug_9.txt	0.00759919251260688	-0.7686778483952208	-0.2823004796676657	-0.814032107291556	-0.03791273168614865	-0.059594580393491844	-4.73257662765873	1.2267228777804613

drug_90.txt	-0.0868038367979944	1.074034247654693	0.014900678731698896	0.028171269444394298	-0.13111161540383579	-0.05111696141018361	-3.8853421903076835	3.692249969746651

drug_91.txt	-0.0545766456697931	-0.8720527567301063	-0.008551629305328518	-0.017692348635594934	-0.11493718920290122	-0.03369200566333418	-4.964572102600184	1.1425727736940174

drug_92.txt	-1.92483796735044	-0.9361545718599673	-0.004307324770718268	-0.0045054577330769785	-0.11297709187103261	-0.042619629652573134	-5.253251523585833	1.5531449627700695

drug_93.txt	-1.90292084303691	-1.0188665359332627	-0.0025882361038651325	0.003712456811557574	-0.11738608136269697	-0.029311695653660923	-4.4653222552174405	1.4649588769811366

drug_94.txt	-0.0195271392663205	-1.0081343076668001	-0.004537554612939448	-0.01894915355960286	-0.0957393581408976	-0.011248453915243983	-3.538016355051545	2.3506975796598284

drug_95.txt	-1.87562804729077	0.8893284831407599	0.006874634218197534	0.007826846947409871	-0.08525776837280054	-0.06884787453649709	-4.62616187431236	0.4372903528108041

drug_96.txt	-0.0481699905921686	-1.019342999673078	-0.006713135825494765	-0.01136865840280632	-0.10450298381100423	-0.04596586438011274	-4.718322003442079	0.5075957655300739

drug_97.txt	0.0639930900880158	0.825405624519993	0.032763854335597226	0.05475955503456065	-0.0650567824013102	-0.007743083480180627	-4.111636505357986	1.1472488824891418

drug_98.txt	-0.113402591148738	-0.7639807317276555	-0.036362923909820155	-0.07220564013910447	-0.14186856721549196	-0.10567998378445773	-5.87569195112109	-0.596214915209852

drug_99.txt	-1.86982049356112	-0.9635853845936476	0.032158749666068354	0.0513666463473646	-0.08145629574481703	-0.025949916538871867	-4.565546093860475	1.2476313967402197

