	SScmap	SSfisher	SSlincs	SSlincs_Norm	SSpearson_corr	SSspearman_corr	SSzhang	SSzhang_Norm
drug_1.txt	0.243815855164621	-0.22239233812369283	-0.059161063807988856	-0.12325860763759738	-0.06741021185379033	-0.11897933777487912	-4.396916047972587	-2.929454160492646

drug_10.txt	0.133100349475786	-0.21610901807150482	-0.35847930808513184	-0.9524954941075761	0.06300514780627166	0.02061609735730521	22.94460308395203	-1.037215390079778

drug_100.txt	-1.60961906422663	-0.1346928202939413	-0.05560848382703376	-0.09401077451831502	-0.2711922940580209	-0.24605702949790262	12.150199885779555	-1.1411913885497522

drug_101.txt	0.00560546739699053	-0.2076257073474274	-0.11424753869937332	-0.18321755025947067	-0.24900728686716933	-0.2484211592129205	6.178374262326289	-2.5153465200531517

drug_102.txt	-1.63602944864999	-0.2525562900731821	-0.09384469650146066	-0.16105830895080253	-0.2139493680566094	-0.07944862452716565	51.775366457262514	-0.07962207741721304

drug_103.txt	-0.0744744127827397	-0.3015030341843973	-0.04102592741496283	-0.043892051450328706	-0.18605723264933435	-0.12505239405849958	38.255473063011614	-0.4469708773432306

drug_104.txt	-0.0773201441856355	0.7683111211824984	0.011515185354706248	0.06027389397851601	-0.11965934963952773	0.06401922427028049	64.70607272035028	2.1504015700549655

drug_105.txt	-1.74651372223961	0.43924296115201816	-0.04930396839786705	-0.09083500524278837	-0.23020099977581643	-0.1466446571744623	28.375023795926136	-0.4722512255691599

drug_106.txt	-1.66703294340785	-0.47231289688196326	-0.08114501761536033	-0.13058918640124478	-0.22330045177023547	-0.04409493270225317	54.53512278697887	0.9073878386821577

drug_107.txt	-1.71855565933397	-0.22237388180431233	-0.020869735557510816	-0.027895513390067128	-0.21034125658730995	-0.1872100564502068	19.399010089472682	-0.8983805765492361

drug_108.txt	-1.7075222095087	-0.24108280624408007	-0.043511207432440746	-0.09285803347141752	-0.21160370629049552	-0.14432030185031275	25.640586331620028	-0.5769271506359406

drug_109.txt	-1.79049774620366	-0.08860776374422262	-0.06490179878607327	-0.12760255644984186	-0.1663321011433288	-0.17004033949419686	23.180087569008187	-0.4908486374604593

drug_11.txt	0.0859211183225163	-0.11479541385583926	-0.06382659554704498	-0.11654603029251731	-0.08339974705103113	-0.0652061406804553	6.131734247096897	-2.7750619643861767

drug_110.txt	1.54990265797476	0.3568117409801329	0.04332704002451185	0.09256745255412024	-0.09874161330316412	-0.03251824245668397	22.942889777270132	-0.6584207746200565

drug_111.txt	-0.116960683376849	-0.3623235725429822	0.04264325190586543	0.10251708064206161	-0.1273636473113488	-0.10537727188841571	26.203883495145632	-0.36960030121133425

drug_112.txt	-0.152107962458227	0.29807415823400096	0.07473586082101225	0.15389703372715424	-0.07798706656771859	-0.03631078735281415	33.131734247096894	-0.18166111426560871

drug_113.txt	-0.0116234738800889	0.2661409625592191	0.03217653102331164	0.09074418950810292	-0.1271205078546931	-0.11505843005557911	34.3929183323815	-0.15505805921461357

drug_114.txt	-0.0913990258631192	0.20223322076422284	0.057220290723940026	0.095932035136011	-0.05031316940799734	-0.02492636794858113	41.266704740148484	-0.002793322244419041

drug_115.txt	1.6097129425479	0.23660823901079162	0.09290444401719825	0.2048518258173101	-0.07569347258173952	0.01222449098435887	33.7371026080335	-0.3875193293452063

drug_116.txt	-0.0842098096873828	0.3348155021539635	0.042254777438811675	0.09790514926681981	-0.07296452795990731	0.020516230801271747	65.99048162954502	2.4252359200399254

drug_117.txt	-1.64433803839695	0.3621281203753257	0.0634321244116022	0.1647920397952447	-0.10062322519627993	0.05757615907138062	53.45040928992957	0.9864553178298681

drug_118.txt	-1.69910588662461	0.16484474679350142	0.046563175073894125	0.08674101498336556	-0.09700896235598373	0.11950823499154269	83.26613363792119	8.049707510232773

drug_119.txt	-1.6050049327922	0.46980422334797567	0.058394225736201455	0.14182108419585981	-0.06732178116340504	0.03258103482175762	33.679040548258136	0.22888987044226847

drug_12.txt	0.0887169246130805	-0.2541788182080815	-0.015999186211343774	0.009999195324914445	-0.05684628061785149	0.034600142966348606	19.20026651437274	-0.1391120209002592

drug_120.txt	-0.129242261010398	0.46155562815239787	0.026527762637649416	0.06290837611382777	-0.13932975760457456	0.0045181173094213396	56.92480487340567	1.0386796899023236

drug_121.txt	-1.45597393383609	0.08976818247360918	0.08660840618659965	0.17361964238526773	-0.06179152047151761	0.06505416795698238	75.21454407005521	1.395814327767402

drug_122.txt	-1.70674442881133	-0.2488799128881391	0.05433983055874772	0.13258288884017094	-0.15997734759883048	-0.13227377694066494	11.622501427755568	-1.655471683308372

drug_123.txt	-1.68522670539645	0.28423225648212064	0.04070003699226735	0.06746300384533138	-0.1349956418555861	-0.006018370116211639	14.038454216638112	-0.8485491528565626

drug_124.txt	-1.59241592157219	0.29678809126947514	0.07232136898061153	0.16773961057115488	-0.08336031641999307	-0.01469203426251961	34.38339996192652	-0.45971488871010135

drug_125.txt	-1.80050378976989	0.367964593116703	0.07031349086879765	0.15155474154973564	-0.07845056083971957	-0.02864835104421423	34.45250333142966	0.28951058201691815

drug_126.txt	-1.65032905187673	0.45157581620473664	0.07585375708105205	0.170584768701454	-0.14650915497102845	-0.03279849018830654	24.705311250713876	-0.9325451940856064

drug_127.txt	-1.64868152316979	-0.44563024398243145	0.022821053048623224	0.07377711181721158	-0.17509141775566986	-0.05048270230623984	32.71844660194175	-0.9141551365119058

drug_128.txt	-1.69551127853674	0.09862538135955332	0.04910847093283213	0.11626051373482671	-0.08046713830609413	0.1354810044519438	65.41252617551875	1.446170945115813

drug_129.txt	-1.68852176281033	0.14073219317094904	0.06492280413320656	0.13623923936065635	-0.07620997195516344	0.009172630613089362	32.148105844279456	0.32438998820810155

drug_13.txt	0.183574638042936	-0.3511103599049822	-0.026953783141417803	-0.060057503098926546	0.008563478254313235	0.03101378418158145	15.687607081667618	-0.5279509965758947

drug_130.txt	-1.62980983070848	0.3572192426598508	0.023756577596622697	0.08087633875783018	-0.21105822345481337	-0.036371330255640925	38.657719398438985	0.2761449788139961

drug_131.txt	-1.63809739935551	0.38781868666198327	-0.015820218392822993	-0.025464914893937096	-0.15987389030980975	-0.011701338905681981	44.70835712925947	1.0520899987578212

drug_132.txt	-1.79970498797259	0.049630497630395454	0.04878054790144523	0.10600153837228682	-0.16607981018959492	0.07930086599800212	60.37730820483533	0.9049960405965222

drug_133.txt	-1.81118776380883	-0.668458111879397	-0.0050118782607982415	0.012257800907793603	-0.20292423107886612	0.03543353070465443	42.37064534551685	0.36149613067839625

drug_134.txt	-0.0630599555212635	-0.5513299076958691	0.006837984911547856	0.017630898021244457	-0.20356870194998974	-0.04700426133506346	45.729297544260426	0.4478532185869843

drug_135.txt	-1.71503199745836	0.38205989820648534	0.03012344937097769	0.0678947684944271	-0.15298100318986668	0.03491109312926166	43.99333714068152	0.3461167164538514

drug_136.txt	-1.7748422820315	0.11999296176866124	0.04938724508476114	0.09064879266240222	-0.04724549341817212	0.07295689110159262	60.89682086426804	1.2201157849348576

drug_137.txt	-1.65497208732356	0.4523802663903075	0.05841914148811944	0.1436887089433569	-0.13343020033866843	0.012735975962783929	43.44412716542928	0.17361021993390996

drug_138.txt	-0.0694819015495894	0.33347351383730023	0.03664131303625684	0.07760833460564265	-0.12228524175827245	0.0558475194825418	56.9131924614506	1.5231058889230387

drug_139.txt	-1.58462760404847	0.3315470059154386	0.061500570619231226	0.14648347242730558	-0.130466475757746	0.02006783379915273	52.83171521035599	0.9164680790402862

drug_14.txt	0.0530703944083875	-0.22078103987027414	-0.03193212938707243	-0.049923211067545936	-0.11647064740844133	-0.04880727888338379	14.82162573767371	-1.806934077963048

drug_140.txt	0.0735535452801659	-0.8369767992354702	0.053096653609238875	0.11126269942228784	-0.1243324191230784	0.07759027687191651	72.39881972206358	4.297863671016635

drug_141.txt	-1.64199155811737	0.34719411820732365	0.08806833244681225	0.18723877130263722	-0.08826112116586336	0.10460705688541685	63.262135922330096	1.3553314901679863

drug_142.txt	0.0785427122474184	0.20025305097086177	0.07420397957074118	0.3468084180729869	0.14265441025774428	0.04133967137583811	26.12697506186941	-0.7588786456292795

drug_143.txt	0.132861234464093	0.2656839004940276	0.07995300947481165	0.11970333076578987	0.20035004485804378	0.0008435934869810939	8.210355987055015	-1.4736093386894855

drug_144.txt	0.0546785085529601	0.03655479509757881	0.09135071154895347	0.34168031000255894	0.18020013817183209	0.07469185874670409	35.796687607081665	0.007742484245228737

drug_145.txt	0.0614183987177129	0.22139403423131715	0.035090206182876976	0.050254754687031666	0.11792753304556394	-0.04163885767973797	7.20864268037312	-0.5375518015504905

drug_146.txt	0.0859815539848122	0.21677293201592118	0.018479359608677193	0.2506084827009928	0.13849079799798406	0.020313013870365385	30.71749476489625	-0.8095610278685076

drug_147.txt	0.0856320781984917	0.43070637343599827	0.05192363910279399	0.2430449764227871	0.09179643098280328	-0.0961007258589078	-0.436512469065296	-2.0003385984828346

drug_148.txt	0.0441942349633444	0.4691330579963663	0.14817326363048916	0.35132249232797	0.20816477044140352	0.03955830666803291	18.64858176280221	-0.5178726500221035

drug_149.txt	0.0466405654675881	0.11797469381488984	0.07137778886553375	0.10212536497645908	0.1332928603718605	0.06042937580447981	24.223491338282887	-0.7826879489613251

drug_15.txt	-1.72856624154677	-0.40994967183887465	-0.002194122276340693	-0.0068124203368744585	-0.1128158377292705	-0.045617409045907144	1.410432134018656	-1.6965574401691201

drug_150.txt	0.0412486533357859	0.3623907881804789	0.053932656327987494	0.24711245504294838	0.0932240201180022	0.03649514367955505	19.11745669141443	-0.9053389576794819

drug_151.txt	0.0244738155924009	0.1460873730111072	0.01100141636488322	0.07323684682900933	0.08460335211320129	-0.029974012382448845	9.290500666285931	-1.3411255151201236

drug_152.txt	0.0790419633707333	0.49537453837586987	0.02488911297412738	0.0683214067039506	0.0695952875437014	-5.096658066163604e-05	41.75195126594327	0.17389997590093362

drug_153.txt	0.0687074651181124	0.4049513150425733	0.0490495869280049	0.09984804502373379	0.12544422018757734	-0.008458581674830566	15.67371026080335	-1.2285450638296884

drug_154.txt	0.0735002759019366	0.5253432633712566	0.02839690312355564	0.04422480243172833	0.07523535909462244	0.049647418725929246	44.27527127355797	0.46797095275677864

drug_155.txt	0.0627663767506635	0.17529647287638134	0.05662494332084425	0.2856016949945638	0.13910392194853557	-0.09777627600641543	5.89149057681325	-0.6833485869527766

drug_156.txt	0.0563759623722312	0.17092044199182382	0.07511367721180601	0.35234096005936144	0.17862898810666614	0.05476563623871223	19.19550732914525	-0.3695535178099235

drug_157.txt	0.062217200515017	0.06219314753660832	0.062425788174276325	0.19026762617996695	0.13159645557704117	0.014765716872796599	25.3481819912431	-0.21939970909135662

drug_158.txt	0.0447434111989909	0.25922973214967016	0.07105703443329489	0.22719368977869892	0.13883569267056453	0.009406165608775274	13.088330477822197	-1.7015360224686156

drug_159.txt	0.0264208949733293	0.27459361145708244	0.08157395270501236	0.20198965223760645	0.13059252296625684	0.023805151145674157	14.562726061298306	-0.621760715801198

drug_16.txt	0.0349475786320519	-0.21374919254247293	-0.03407197238774459	-0.08999312681013732	-0.10322390048533801	-0.04289296505660324	16.109651627641348	-1.3956507728854113

drug_160.txt	0.0249231416033844	-0.33584297187661527	0.04684680315574538	0.2919083507355117	0.09794754644627789	-0.04093749017810744	-2.244812488102037	-2.6457360005063824

drug_161.txt	0.0114433612738787	0.2606969035867488	0.03193040848872164	0.18993237513401207	0.07682031667937216	-0.03260022023043234	11.902912621359222	-1.6755829279331307

drug_162.txt	0.0580734161915023	0.267080065576036	0.07747128556958191	0.3445303650644662	0.14157319725964868	0.0005038914116866938	19.301732343422806	-0.5729171205283883

drug_163.txt	0.0698557427017369	0.2013324783912684	0.05174229309868267	0.25840333490041034	0.18262416421372385	0.052290526859195205	10.051399200456881	-1.3145762534042424

drug_164.txt	-1.7747818463692	0.3907567278423945	0.002431468459395847	0.024489933634312344	0.014627441440142407	0.00829901431093039	12.216638111555302	-0.6397787820596629

drug_165.txt	0.0955067398901648	0.2212266032329296	0.3802557902354771	0.8932238546518998	0.15554417285981129	0.1436366764623508	16.68684561203122	-1.3421029192980973

drug_166.txt	0.0440943847386815	-0.38595065380693167	0.0246482826075205	0.0031617463114698152	0.13632707572617211	0.008214947764864741	18.531505806205978	-0.8711998959065278

drug_167.txt	0.0464408650182621	0.2931434620195968	0.03231698228092594	-0.031485791244928785	0.031466102324210314	-0.016345388198869548	27.554159527888824	-0.1174150187316186

drug_168.txt	0.0675696980844522	0.3834348549011576	0.3834838807444313	0.9533909899476007	0.15300685793626773	0.14128318253158004	45.90367409099562	1.4730129280929176

drug_169.txt	0.0062012244790709	0.27299954846440616	0.021866588036556778	0.11378979450676974	0.09069238933552154	0.020958092971057454	18.138206739006282	-0.7539174928056955

drug_17.txt	0.113679480778832	-0.48435033513363707	-0.05061163534498708	-0.07847350251224677	-0.13575078273393834	-0.11974964178215598	11.009708737864077	-0.8809938283056419

drug_170.txt	0.0800010510549966	0.01693583620808564	0.3821467700318699	0.8775479859766022	0.10809004515618897	0.06315039849160693	18.317913573196268	-2.087947250404101

drug_171.txt	-1.82375838156641	-0.0010873246895310162	-0.45427268717517244	-1.0709150448415188	-0.3509646574581064	-0.2323247751189379	3.5792880258899675	-2.2105381552834484

drug_172.txt	-1.72280980443211	-0.13462334530221198	-0.1276347259264727	-0.22576603904477582	-0.3261946542232803	-0.16910572330195026	19.040928992956406	-0.7092960815191306

drug_173.txt	-1.70683376848603	-0.12643428825770914	-0.10280891927178196	-0.20954299097645196	-0.3225666216340751	-0.18590296093493983	2.523891109841995	-2.283544164946522

drug_174.txt	-1.82350875600475	-0.09133374379530212	-0.3942914645309461	-1.0220604217723532	-0.3141319701384667	-0.1737820402194659	8.047211117456692	-3.3439071149329527

drug_175.txt	-1.84253022380305	-0.024893571763300218	-0.14100970102154844	-0.2505634420822052	-0.3424195011797517	-0.23888786728104391	8.896249762040739	-0.5565976095708781

drug_176.txt	-1.77697855131179	-0.10635607289746686	-0.0928573434986388	-0.14463297000843844	-0.2572384709030017	-0.14746220211199593	-1.962116885589187	-0.8797296202664197

drug_177.txt	0.0301186975517584	0.5482223419065395	-0.0399498392001624	-0.06713244908344418	-0.2511739100449365	-0.06588538638771885	36.4370835712926	0.4544346045795878

drug_178.txt	-0.124249749777248	-0.012015776501378306	-0.10201902302321725	-0.1894887131857742	-0.29823846230576895	-0.16153958598239537	8.719208071578146	-1.2385336588476032

drug_179.txt	-1.7584563346368	-0.03900595093397603	-0.43853699013388214	-1.2437434387422583	-0.36789517423690843	-0.29998630864903225	-6.335046640015229	-2.538015922331965

drug_18.txt	-1.56067143304182	-0.5235924006066998	-0.03810610674053244	-0.08265240921371286	-0.08111202215920858	0.030167541256562954	18.881210736721872	-0.7575600331040874

drug_180.txt	-0.203724795581747	-0.019790472900583	-0.13788179042962703	-0.23775013085358748	-0.31599375496888416	-0.20041190652729726	20.548258138206737	-0.8932280666547565

drug_181.txt	1.59468548373612	-0.05734195105400073	-0.11160609075911473	-0.1832621153979726	-0.2750712588562912	-0.11728130765007198	19.623453264801068	-1.3601390869155459

drug_182.txt	-1.82685373853096	-0.06696009179954004	-0.4476806647521786	-0.9900379519990627	-0.30158917563464444	-0.28885630452202393	5.180468303826385	-1.702744213879099

drug_183.txt	-0.181757746155886	-0.11241672376513961	-0.07566139255467924	-0.10819840068081021	-0.2767427037742036	-0.17802338053438663	11.998477060727204	-1.5164524727058963

drug_184.txt	-0.156395789091482	-0.06119633035157415	-0.13422815451752623	-0.26917862630116185	-0.32905719782887666	-0.1788911852216147	1.869979059584999	-3.8035299273323

drug_185.txt	-1.82350875600475	-0.1359134475280851	-0.4179947055314712	-1.052880188756002	-0.3223689050117202	-0.18578943240917803	11.731391585760518	-1.1269601075199571

drug_186.txt	-1.80378833663381	-0.008867910604695932	-0.5218154811920329	-1.1138336891250291	-0.3680777400825163	-0.24158870282110043	2.923853036360175	-1.449393223757578

drug_187.txt	-1.57121614229374	-0.04289770051328118	-0.4250866466356195	-1.0313873789164059	-0.2655337001834775	-0.20564652370021336	-4.305158956786598	-1.5885517824049116

drug_188.txt	-1.70264005905018	-0.39141646925454465	-0.10508209576424574	-0.2030624239244525	-0.3230282638279653	-0.18922367031347234	17.223872073101084	-0.22113376287871755

drug_189.txt	-1.82335898066775	-0.06299941815322918	-0.12507537551425996	-0.20023557524908364	-0.3234052348163749	-0.1624988336995782	13.964020559680183	-0.7483313884490098

drug_19.txt	0.153419870194708	-0.5495670237380461	-0.05611299754791313	-0.11392574186122362	-0.08080855240049757	-0.02762519905046796	6.938130592042643	-2.072320993200618

drug_190.txt	-0.0769207432869834	-0.7138811893444627	-0.12414090337430003	-0.22830270286066423	-0.30007096564827834	-0.12375430756058207	26.89130020940415	-0.18928662270199934

drug_191.txt	1.55893910330676	-0.5006486628392354	-0.32972901925305287	-1.061094771882436	-0.20959248389824078	-0.11316968260691306	24.545973729297543	-0.19751164418581094

drug_192.txt	-1.66834150687844	-0.2030373003726306	-0.44637063654934245	-1.054635270468626	-0.32745364522332726	-0.17977809697009098	25.549590710070436	0.07311948695627082

drug_193.txt	-1.64592513144159	-0.058647618356743196	-0.15946655370067003	-0.30001402348115763	-0.3511759839511889	-0.2029689768149876	26.315819531696174	0.11132830305254927

drug_194.txt	-1.72989917038318	-0.13754988830891868	-0.13854252405943046	-0.24017349922835374	-0.3254963802662281	-0.2024808250166183	37.75537787930706	0.2893518644872866

drug_195.txt	-1.83868599015353	-0.16413614834860724	-0.060485454479209555	-0.1562473534669731	-0.3059137996973783	-0.1918550091265334	10.035789072910717	-1.9291734629963677

drug_196.txt	-1.73618973453695	-0.12135395485840685	-0.12336840292581497	-0.2474135325869597	-0.3164723241813329	-0.10977238906903623	43.067009328003046	0.8031048782470467

drug_197.txt	-1.8311972233038	-0.039842936562680134	-0.14568453214155766	-0.2346941705017676	-0.3298899649046818	-0.19368274027856724	10.245383590329336	-1.6733595271479804

drug_198.txt	-1.70783227073266	-0.32262167996100743	-0.08901672102876931	-0.15868372784363372	-0.2773371963163685	-0.14185918307959533	12.32191128878736	-1.1355940459909368

drug_199.txt	-1.77243536608962	-0.2829660725810096	-0.07221339628893653	-0.16348469981622726	-0.2504045601138761	-0.16970244030873163	9.025889967637541	-2.3052109255432023

drug_2.txt	0.225942664949944	-0.5730535374559027	-0.026242422454956116	-0.06690240235402606	-0.020306075831608775	-0.032270483447790314	1.4136683799733485	-1.8534812907520155

drug_20.txt	-1.67768801343439	-0.5496941658741429	-0.0469939852091561	-0.09151963967752258	-0.13077264173207873	-0.07069364559745844	1.5276984580239863	-1.6075846539692475

drug_200.txt	-0.15165290341999	-0.2632855506988927	-0.10026998608532306	-0.17765420086724454	-0.2894960609726981	-0.08975493580954383	41.90481629545022	0.7834358392225211

drug_201.txt	1.74969388023228	0.17837982472779987	0.39735126969144746	0.9430633341128245	0.17573900198095369	0.14855048050510938	51.06472491909385	2.1496235427900108

drug_202.txt	1.8165935307565	0.15776727593482762	0.0783937188341868	0.17482450421555862	0.14779411607899154	0.1464302419124925	39.70873786407767	0.06379187764181707

drug_203.txt	1.79023307144546	0.2842957860111083	0.12813571009520736	0.2864054569534299	0.21798511282893732	0.1684823649615533	56.351227869788694	1.4594693419791813

drug_204.txt	1.77785164358725	0.29727479858888534	0.07571146189257444	0.16543525802403147	0.16098151526682053	0.13078991272634877	56.67332952598515	1.5376119434508124

drug_205.txt	0.133699450823764	0.15674126795293553	0.465819253927748	1.1649122756257657	0.2387388434994679	0.21321038532136555	60.079954311821815	3.7082657606489082

drug_206.txt	1.81125154373703	0.17243694537778137	0.40745553530455403	0.9171678925930448	0.22091492209858338	0.13791050311421776	41.111555301732345	0.3986472175123819

drug_207.txt	1.60426656665719	0.48826397610033445	0.4221515631566418	0.9946821677361433	0.14559730140004565	0.08074320012489489	33.481248810203695	-0.5431294766717855

drug_208.txt	0.153120319520719	0.00793258462530888	0.4573273874503874	1.1335274387689158	0.2808356824913201	0.17715254990840792	45.02988768322863	0.8426671870402953

drug_209.txt	1.75798144887931	0.4794915286795184	0.4067547711439322	1.16574022611102	0.2646372685663028	0.173636988994458	53.902722253950124	0.8152649450808992

drug_21.txt	0.153919121318023	-0.6712057107661074	-0.05719666172339402	-0.13893854720484122	-0.07323540319681779	0.006686353910304347	18.60403578907291	-1.240196252434346

drug_210.txt	1.81030296660273	0.2382916995861838	0.4614795944368779	0.9758508447016234	0.21330884034695752	0.12860015318124485	41.89301351608604	0.19610089610658174

drug_211.txt	0.0734037699431713	0.17671048808156017	0.09208065953568803	0.1912438661853476	0.10611639043352344	0.08693231935018732	65.63677898343803	2.218870066262991

drug_212.txt	1.73919121318023	0.42859704832328355	0.09898019706708219	0.2540227862161284	0.13554178504895664	0.0974016879813719	30.871692366266895	-0.6070984579381494

drug_213.txt	1.77835089471057	0.13668889456266972	0.41626025523819976	0.9658413258416598	0.22233571841958524	0.08658059631444524	32.26518180087569	-0.2719650864955302

drug_214.txt	0.173889166250624	0.05282925541209839	0.46994397407569893	0.9963226681525275	0.262576889766779	0.18703688339785948	63.6506758043023	1.13610221015544

drug_215.txt	1.74265443939354	0.32411224642378644	0.3955360439711907	1.099206522371683	0.23865890408621268	0.12649502887775063	36.549971444888634	-0.08405294130890185

drug_216.txt	1.71787319021468	0.2569819304169223	0.4257100282830445	0.8049564521376702	0.21695265115339335	0.14361645762655587	43.80753854940034	0.5944092385194758

drug_217.txt	0.17408886669995	0.4201949046995114	0.03582019284001889	0.08195403125118456	0.1355846455507397	0.08519639598023447	62.15058062059775	1.6468195329127793

drug_218.txt	1.72131802296555	0.30056189532001554	0.44328371677719186	0.9952717431467947	0.18787244652678384	0.21828439329368315	58.402055968018274	1.0899834126170536

drug_219.txt	1.79088209790577	0.3225313929909027	0.3908004636885224	0.9754037860662833	0.18677509040369838	0.15391724600283072	43.391966495336	0.7721779194558563

drug_22.txt	-1.82631507284528	-0.5656760141487521	-0.013166340493254713	-0.0005973403850186854	-0.18030057082610113	-0.08580198018807253	13.554730630116124	-2.7335712498015914

drug_220.txt	0.0641537693459809	0.10521218805018737	0.0515551405693363	0.11490119386178238	0.09134643084953474	0.04955764108768114	44.12659432705121	0.675240520582697

drug_221.txt	1.81264944688231	0.12865395455111986	0.4519206884049705	0.9373392873989587	0.19853563863733284	0.1746701979112678	56.31810394060537	1.7854817632594278

drug_222.txt	0.27652731429172	0.08420125949942657	0.11740702133341455	0.21885763694752874	0.18069943444364334	0.16831081850696342	62.897772701313535	1.2653958658978468

drug_223.txt	0.199301048427359	0.15270353241086493	0.43178406003345793	0.9224155229623472	0.23241366379948497	0.19243768757738464	54.39786788501809	0.930059215997855

drug_224.txt	-0.150431529738884	0.1784115781954835	0.04198042497305246	0.07802943432329729	0.03848034583621403	0.09730648746286659	57.48201027984009	0.8762924801457195

drug_225.txt	1.79487610689229	0.3388546722700207	0.42223546504162973	0.9658536254442164	0.1536071228810903	0.05544902073210393	30.748905387397677	0.42683974578557154

drug_226.txt	0.124563155267099	0.17416294062674165	0.370881443693023	0.9765929371998118	0.31212284423431635	0.2331677311228406	60.70340757662288	0.7389958733040193

drug_227.txt	1.7547862416901	0.13430217178387932	0.49375891451708265	1.0404774205571485	0.28909663614249415	0.270804045712643	81.74090995621549	2.943182115125839

drug_228.txt	0.145581627558662	0.2276994971704505	0.06787090654321545	0.13390397774984958	0.09289519211134006	0.09062541122547914	39.832667047401486	0.4008516654338337

drug_229.txt	0.280361037391282	0.2880072107526858	0.410460750249192	0.8889002830164936	0.1965225721298112	0.11749818574661183	34.96383019227108	0.33807269247287536

drug_23.txt	-1.67903599146734	-0.7114991895076488	-0.024750040684269087	-0.02660186296170175	-0.10842494579609023	-0.06392794302402043	14.753283837806967	-1.5046494965317934

drug_230.txt	0.132501248127808	0.3734105424951777	0.041923579269439015	0.0748546801595692	0.18908320342472898	0.154181218763975	66.8728345707215	1.55519582895093

drug_231.txt	0.0693065664660903	-0.107552881401942	-0.32224121566246217	-0.9000440412269313	-0.1659093939086967	-0.1446514148182912	14.979440319817247	-1.4113288869925043

drug_232.txt	0.0233754631211078	-0.06743469676650526	-0.03977933929099245	-0.23541338413622886	-0.08168168815189188	-0.05266056238693029	4.016942699409861	-1.7503726739301633

drug_233.txt	0.0429461071550569	-0.07869265888236399	-0.01395466657747399	0.04243845966254162	-0.10050777810427249	-0.0016192465589033077	47.62592804111936	0.4943661111349241

drug_234.txt	0.0283180492419265	-0.13835209773377963	-0.05406779473521314	-0.07004642600325073	-0.08958237474624693	-0.10849978167893086	19.045307443365697	-0.9586491857625006

drug_235.txt	0.073650051238931	-0.13233089962765987	-0.003366734330867399	0.024391783686696367	-0.10037871265347387	0.02183901146095969	42.526746620978486	0.348851954290611

drug_236.txt	0.0400504506398297	-0.06693508949704209	-0.4165627372473242	-1.0111848960263408	-0.1452742473372233	-0.1857197458372007	1.1574338473253378	-2.851030967450085

drug_237.txt	0.0470399663662401	-0.01534516705853374	-0.40331308586287473	-0.829628737152643	-0.1366383946370119	-0.07126383369551027	30.28612221587664	-0.40396945884722146

drug_238.txt	0.0116430617232046	-0.09594218095017065	-0.2969546533952734	-0.8277089328516428	-0.16087282538577444	-0.14582513474673703	27.507138777841234	-0.4568341504988858

drug_239.txt	0.0343589878340385	0.19896568702489692	-0.0008700891355010731	-0.012096146643556849	-0.05967313517495287	0.04003284646123463	28.38701694269941	-0.9776309813247857

drug_24.txt	-1.72466754413834	-0.6098606444149478	0.00874117113754816	0.039689819925794956	-0.06881580835082564	-0.004432897407596551	21.245193222920236	-0.2926287884874984

drug_240.txt	0.0412985784481174	-0.12451542524258352	-0.36695282225753134	-0.833682993797946	-0.13064515903696966	0.025879592332953075	46.952979249952406	0.767482460787385

drug_241.txt	-1.68072293473665	-0.1733545095845164	-0.005113608726130703	-0.010236949706685594	-0.10520794676945626	-0.006496779356708972	27.20940415000952	-1.5375766208509272

drug_242.txt	0.0517828520377329	-0.10992929702718252	-0.36968636821411227	-0.8959343737451939	-0.10108795397835604	0.026068809387640116	44.34151913192461	0.11308366272873911

drug_243.txt	-0.0817668234490369	-0.39723737339803417	-0.29071729369408594	-0.8660326684196549	-0.1062394068770373	-0.10119666377386209	22.170759565962307	-0.4678852528554771

drug_244.txt	1.7481777333999	-0.3233761668756552	-0.0409886175005256	-0.04633188312755254	-0.04090782892957755	-0.037070485975819245	31.571482962116885	0.1490160203597138

drug_245.txt	-1.69614525580051	-0.4289552833693461	-0.3665257788327242	-1.1219507434781186	-0.16530027239737127	-0.14009857989357483	21.135731962687988	-0.8992454909458606

drug_246.txt	0.0599206453477679	-0.22282131665821275	-0.34566945184124515	-0.9537200564360597	-0.12936279767598172	-0.17987896131549524	15.996763754045308	-0.9256928443062932

drug_247.txt	0.0572746143941981	-0.2068592780826732	-0.4061588423079453	-1.1638676930165184	-0.13256085042325638	-0.16972463311515046	20.211307824100516	-0.9101146154802575

drug_248.txt	0.0141892424521113	-0.4343444189389578	-0.2564517961647554	-0.9146626176205217	-0.06346330429959793	-0.04914922859384481	27.23853036360175	-0.640823546080881

drug_249.txt	0.0285177496912525	-0.35123322772611426	-0.33769014155702637	-0.8838845371482	-0.10025463041460123	-0.10225426796285415	23.085665334094802	-0.11136842467184223

drug_25.txt	-1.71192612994384	-0.30142591717200257	-0.051395068817949585	-0.06913972262947793	-0.23830185470585322	-0.11674317602273981	15.367980201789454	-1.3283301208806195

drug_250.txt	1.68670940956986	-0.6274478462552326	0.008339503441119389	0.05417668519914692	0.03483162351011733	-0.018924416523375263	21.98591281172663	-1.8702807608349383

drug_251.txt	0.0690569409044327	-0.4267722809204601	-0.08146693665939853	-0.20946480003969864	-0.11968251681637551	-0.09361173415010585	35.39862935465448	0.07946226169502985

drug_252.txt	0.122077410200489	-0.39897177378758386	-0.3299168039538325	-0.9996357828072185	-0.08491559586949908	-0.12425121360505888	12.968970112316772	-1.8412089165832093

drug_253.txt	0.0536800063063301	-0.3180683751277274	-0.06443646539883821	-0.14377168802991708	-0.14018284670760933	-0.18353003346929259	17.780506377308203	-1.148121485377485

drug_254.txt	0.131513256431143	-0.37822998986116213	-0.052559635586705566	-0.13739849828911427	-0.08019427204199073	-0.14881762430241685	7.116885589187131	-1.1497242742625304

drug_255.txt	0.073250650340279	-0.0276623458471311	-0.35234222969686035	-0.8736223542323731	-0.13675902981939864	-0.19339328865073122	17.22939272796497	-0.8112370231811638

drug_256.txt	0.0495861470951467	-0.24901840144651693	-0.3676846167431933	-0.889472195884109	-0.12943021246416134	-0.15070756436070898	8.797068341899866	-1.4585369458294517

drug_257.txt	0.0498856977691358	-0.082663979533273	-0.021452530536649195	-0.06706496520082267	-0.047140673627401736	-0.10910664488330646	13.451932229202361	-1.0750177098166647

drug_258.txt	0.0843340252778726	-0.20690823741434827	-0.09321788564555811	-0.15728920610460334	-0.10869111035933175	-0.09964180673656346	25.096325909004378	-1.3479233681609788

drug_259.txt	-0.0136689702288673	-0.1554338978787595	-0.40072825662997835	-1.1245971796592138	-0.20695736663280578	-0.15916994274661309	12.0434037692747	-0.8407350852697261

drug_26.txt	-1.6638482467686	0.42184371352090294	-0.04144498824058693	-0.10928648743212166	-0.2364467476406364	-0.03543958543754451	17.53569388920617	-1.463309229038332

drug_260.txt	0.0493864466458207	-0.2549174009454601	-0.021824672945383983	-0.03339316858620295	-0.04338572451173433	-0.1506780429860225	26.78621739958119	-0.04777435779477067

drug_261.txt	0.0513335260267495	-0.3431680377429884	-0.36272521621978215	-0.9348901025216293	-0.037198651125453064	-0.1419982200718009	44.26632400533029	0.45471477651433445

drug_262.txt	0.0562761121475682	-0.6534596511394668	0.008940592454787816	0.010216345998850462	-0.010818181138058977	-0.11020958059957936	26.905006662859318	0.26805197620037197

drug_263.txt	0.117284599416664	-0.23992872933847087	-0.05217723685609241	-0.07252734865930144	-0.042732417433576954	-0.1524333502572479	24.023795926137446	-0.7266693629662115

drug_264.txt	1.74877683474788	0.569314757446376	0.012312313150355747	0.06322932336623166	-0.00284225740573628	-0.05954272378007003	31.184656386826575	-0.33027308844453673

drug_265.txt	0.0286675250282472	-0.34247740796268866	-0.04943539457419699	-0.07378031077253738	-0.05283306494028682	-0.15077604121149232	33.580620597753665	-0.015182446990057734

drug_266.txt	0.0501852484431248	-0.559659190133743	0.03347809743600286	0.07982407725582497	0.04735581996864521	-0.03331204833944763	39.11993146773273	0.22437556356699828

drug_267.txt	0.0420973802454213	-0.07618833835298632	-0.07175470571590226	-0.14030735184085402	-0.1422700848504763	-0.25577377023767345	30.864077669902912	-0.7116468333442287

drug_268.txt	0.0878287831410778	-0.017214203240431686	-0.08887911841055554	-0.17542667566511544	-0.125770805978679	-0.26047665601931286	1.332191128878736	-2.6177063403322247

drug_269.txt	-1.72570546094734	-0.18488606199360383	-0.4079963515200428	-0.9085127256718066	-0.1876370668874473	-0.271486679962827	12.944412716542928	-0.8117105407155357

drug_27.txt	-0.153400282351592	0.44554226303717503	-0.059018320745013675	-0.10803767512608053	-0.22021218441345183	-0.09662718412390033	8.126975061869407	-2.8854371323238217

drug_270.txt	0.0502351735554563	-0.24963965227851975	-0.37447782687993125	-0.8883075767451336	-0.04158411544392242	-0.1194545332382689	38.05254140491148	0.3093070183430389

drug_271.txt	0.034708463620359	-0.3968135107032583	-0.0018442525653779018	0.030619504047689705	0.004980953021516626	-0.10628069229312559	23.04721111745669	0.2945848825987384

drug_272.txt	0.0649630816932497	-0.2418142386010528	-0.02120431970057929	-0.025355379372724196	0.004296121315164208	-0.10106571543718289	40.20864268037312	0.34479649842544696

drug_273.txt	0.0403500013138187	-0.6472357235503481	0.002247641923210003	0.01723924457414422	0.02920030214581513	-0.05271811492862422	31.37864077669903	-0.3594111331163332

drug_274.txt	0.0345586882833645	0.531161569989118	0.3120800789684234	0.9728968602958222	0.09352132333424634	0.028547848849306952	42.25756710451171	0.6134025769875692

drug_275.txt	0.0737998265759257	0.43540655927413596	-0.0001330116417597449	0.02185924495094288	0.038169202696614994	-0.012478565293624063	39.71863696935085	0.607178490241143

drug_276.txt	-1.72760261521593	0.4399113870461152	-0.04311113647601161	-0.07493991824017415	-0.13536004410867636	-0.08506781979546968	35.25471159337521	-0.3091802343197126

drug_277.txt	0.0796909898310429	-0.46477423247951277	0.017147205686024375	0.068234493422487	0.04944240120796837	-0.031488127311509836	29.854559299447935	-0.3222406144533741

drug_278.txt	-1.75076786733775	-0.5614319888885604	-0.011097341769569086	0.005285110058372899	-0.132255998778411	-0.07979462316256587	27.345136112697507	0.21038872128556624

drug_279.txt	0.0844732900649027	0.41187156886520876	0.010651148403823169	0.03172367044626617	0.06153209570036416	-0.01716434716521855	41.27355796687607	0.4370695451727356

drug_28.txt	-1.78082278496131	0.5065632785029223	-0.016295370464188913	-0.015161098641633286	-0.21810526572972364	-0.10481101933740336	7.085284599276604	-1.3683876298003985

drug_280.txt	-1.78117226074763	0.6244707808118326	-0.03832836830845118	-0.09040001127603109	-0.07676616667003609	-0.024876347595825476	39.736912240624406	0.22930999273344368

drug_281.txt	-1.81996407302921	-0.5661790412525458	-0.009577341804824419	0.0178034199457916	-0.047855641367245016	-0.021211730816567943	48.879497430039976	0.6893011805412124

drug_282.txt	-1.72896110379885	-0.27015161685160016	0.022328761414068532	0.07100555722893587	-0.08169934403604993	-0.09695092026360308	25.36950314106225	-0.26867170877598673

drug_283.txt	0.0540794072049821	0.5233207047810599	-0.029448436620398366	-0.03297964903932238	0.043174599117872234	0.006350241971026401	41.90024747763183	0.4616903730197621

drug_284.txt	-0.0578481559956716	-0.5376625695915787	-0.021574292510012805	-0.016820688998765654	-0.11325862224294952	-0.07211285281576393	44.54254711593375	1.0113332348817465

drug_285.txt	-1.7785761549064	-0.5810730853685532	-0.022171283720867546	0.042058608640516804	-0.1727537627919052	-0.16999283841441296	10.871311631448696	-0.9930595677056282

drug_286.txt	0.054378957878971	-0.5850405906777649	-0.043070428616338974	-0.052984915325843374	-0.16284880464486068	-0.2041972843968189	16.511326860841425	-0.46324145779486486

drug_287.txt	0.0803400162913525	-0.2551990525872804	-0.09038997045125347	-0.15980404473335064	-0.17124443955619473	-0.2618700033573304	11.319246145059966	-1.63217594195281

drug_288.txt	-1.76350928153225	-0.12527433013538716	-0.08915003181594333	-0.13553525415536422	-0.24806572342282082	-0.23077126770822087	24.604797258709308	-0.17257455506671976

drug_289.txt	0.0311033449825262	-0.3909938403050322	-0.0951269783601118	-0.2104783033112816	-0.28830267562887574	-0.26769628112831567	20.10489244241386	-0.227455637462643

drug_29.txt	-1.82815179145158	-0.19865710105985113	-0.09461990291908684	-0.14903436526912545	-0.2862741905863915	-0.14676759084567711	37.777460498762615	-0.2403004933281721

drug_290.txt	0.119134933962692	0.2739460082276918	0.4052862812039894	0.9430478113973211	-0.06258185697026009	0.11596557664162402	49.54121454407006	1.079576993846468

drug_291.txt	0.178034144954817	0.0985969180836116	0.3990200139475641	0.9098998769325046	-0.013423334500411235	0.0947647415750488	32.932990671996954	-0.5325406857366187

drug_292.txt	-0.00742522579766713	0.22556431778505015	0.015910457471239176	0.05779956803596298	-0.09422129046012544	0.04974131064254271	46.14696363982486	0.44905348006482804

drug_293.txt	1.2608513067719	0.4780567908128871	0.3718880796742734	0.9191812181151376	-0.0220466792470818	0.08512149811724444	45.453645535884256	0.17069554192579187

drug_294.txt	-0.0977139553827154	0.2736969820444139	0.045423809406768156	0.10535336363497033	-0.036823420969754876	0.06246507576521978	72.01085094231867	2.2745335927263706

drug_295.txt	0.166582900768464	0.34144851093253376	0.34457884092197555	0.917390071905752	-0.050207365582794684	0.029997288742840484	43.13992004568818	0.5291793870680487

drug_296.txt	1.48107694916955	0.10343948791421592	0.3880521599812496	0.9519158191769561	0.01233259841928783	0.0437354114192718	40.15172282505235	0.020781981126922085

drug_297.txt	-0.221233460813564	0.28386064600956146	0.3531436422237262	0.8220203127562649	-0.10884662885204437	-0.04994259595379601	36.46202170188464	-0.07018896395823077

drug_298.txt	0.268590415811689	0.04826004511138732	0.44207274755909587	1.0574138657320251	0.020547150854915736	0.1595694766496322	51.9548829240434	0.9614826951796637

drug_299.txt	0.0435241874031057	0.6445246927221573	0.02676578169737462	0.06785735837797907	-0.0650932063047056	0.06866555913850952	59.11974110032362	1.5005605826000779

drug_3.txt	0.220001576582495	-0.46735504589447263	-0.3219179496252843	-1.1718905075957706	-0.06258077471007355	-0.08361943564985033	-1.6990291262135921	-2.0803367437346094

drug_30.txt	-1.76554570058787	-0.18361755149409958	-0.03501142075926633	-0.044723897794727296	-0.23035002571657834	-0.040955471142953045	51.70245573957738	1.3062141146972992

drug_300.txt	-0.147094669001283	0.6593056539490973	0.3395056054657979	1.1725634866726025	-0.0243507431364632	0.04565585176419356	51.4787740338854	1.028631500186977

drug_301.txt	-0.170609396909421	0.1672013310562946	0.3936641529861955	0.9055254464015912	-0.0030341427828419576	0.07001256133481999	49.526746620978486	0.3280429180292889

drug_302.txt	-1.36162598207951	-0.4937285821085884	0.037305065150699396	0.09113960445616576	-0.11939083622306176	-0.07666587017931945	24.852655625356938	-2.037804763064379

drug_303.txt	0.100150969717672	0.24360452456379605	0.397762935708486	0.8937811561973585	-0.028984862234107678	0.05158581728651677	45.58709308966305	0.5240437309265809

drug_304.txt	0.082066374123026	0.3358258708391138	0.3165099321634951	0.7714816875505004	-0.06132229301002256	0.1161688224289843	61.496858937749856	1.708392218087318

drug_305.txt	-0.0236250886827654	0.6189925976891377	0.2940806280211519	0.916612163837311	-0.07544767577391485	0.03305370207774255	57.866171711403005	0.897912152287607

drug_306.txt	-0.06981632813937	0.25128321654277047	0.4187849906015122	0.9576107869188439	0.006824998405874317	0.1384924054830886	63.193032552826956	1.3406780594395256

drug_307.txt	-0.21144813879659	0.3643546841680837	0.33504395049041147	0.9789973165978195	-0.043759837162647724	0.047007462676729256	48.990862364363224	0.5464303353273973

drug_308.txt	0.00578080248048973	0.17415369730888058	0.046855753824414925	0.10510203422815317	-0.056122411252214364	0.056551773724025374	55.46963639824862	1.1760865798162023

drug_309.txt	1.27154579136081	0.18801367624492665	0.3643696762105454	0.749979337317513	-0.010176099926042296	0.17135965360048772	75.03655054254712	2.7460922784433315

drug_31.txt	-0.207119703220289	0.443509985327433	-0.041833711698469306	-0.07403781336649706	-0.21932771734457635	-0.045644723382336085	19.04816295450219	-0.5845177712059851

drug_310.txt	-1.59997897890007	0.2620004850276333	0.3610653634187897	0.7684267113390884	-0.10523172809039712	-0.03943216261967701	38.75404530744336	-0.28836259763274164

drug_311.txt	1.42281434307868	0.0167252045022363	0.3670828929973899	0.7215053418199179	-0.03353978734202129	0.11697328455970146	57.14962878355226	0.5886352548014918

drug_312.txt	-0.0215585712340579	0.16890073028168762	0.4111684329088438	0.9452434216804915	0.01879264799748686	0.10538086759775052	51.0003807348182	0.4345637346572167

drug_313.txt	0.0626650932691872	0.234074307868168	0.02067118544996524	0.053982963048614996	-0.08950226398498753	-0.004583747614741662	33.115553017323435	-0.3221364592206982

drug_314.txt	-1.59598496991355	0.44829410987043566	0.2993139981794256	0.7989769400105291	-0.07535038978474444	0.0688904480851443	43.32153055396916	0.6190188812226259

drug_315.txt	1.40214988522002	0.08729792951211396	0.4121065846679396	1.00559329342888	-0.008606025373269452	0.1282165941958811	49.08014467923091	0.547265128065445

drug_316.txt	-1.61795201933941	0.43332325784813386	0.362879880339583	0.8877022529449436	-0.012875793155769751	0.047064125481305834	52.48105844279459	1.0928555780702085

drug_317.txt	1.40883985027244	0.7150287358344709	0.33128642733988534	0.97125818682751	-0.0435671415885631	0.07350681020854163	45.82371977917381	0.4268281551882475

drug_318.txt	1.35342894748786	-0.518169822102167	0.33250980245569445	0.6462924610585505	-0.05515540651934518	0.05301963387787364	57.73995811917	1.1311498970054488

drug_319.txt	1.34508548182511	0.4336004761203365	0.41348988732504466	0.9045326594967258	-0.024755359317793872	-0.007082126773599278	43.63335237007424	0.43064417282082773

drug_32.txt	-0.160090247404014	-0.362858806995412	-0.049371706936715415	-0.08237645453055548	-0.23401745353312836	-0.1514094703622418	25.40776699029126	-0.5570418510112661

drug_320.txt	0.0660115090522112	-0.28738918845226985	0.32467476385567473	0.7564474430976824	0.020826071440301946	-0.05480145495087672	17.36588616028936	-1.13571372325984

drug_321.txt	0.0765956328664898	-0.27496192472410874	0.010977288721680245	0.04493311754883489	-0.019366508365849164	-0.1176584460024254	-9.043974871501998	-2.256101554778571

drug_322.txt	0.0440943847386814	-0.2820483305734557	0.31825047081045577	0.8422317454464023	0.045551841558433184	-0.06703413302757134	6.903864458404721	-1.5552729483966388

drug_323.txt	0.0227763617731298	0.3457979854769639	0.032967507589462874	0.08655644673640778	0.03447574667623012	-0.041301913196238466	15.934323243860652	-1.3042031891287067

drug_324.txt	0.0477888430512127	-0.369119488296341	0.024537928789332086	0.06655695763813058	0.09685567167033364	0.015689387590474613	20.559299447934514	-0.9149526171763801

drug_325.txt	0.101468849357543	0.2871576234060213	0.3928325254888348	0.9111283212150361	0.1156901881468756	0.05591044768513062	12.259280411193604	-1.2301148784672133

drug_326.txt	0.0785032976850514	0.3768655086863215	0.028528092798235177	0.06590730963750041	0.08440302661471483	0.03361472680862479	15.374643061107939	-1.3063252690523046

drug_327.txt	0.0844838006148672	0.15788958607364023	0.4102850379313992	1.119436394703512	0.10301376870319452	0.023571371644330753	32.61355415952789	-0.5265683882129135

drug_328.txt	0.070554694274378	0.12009380886954493	0.46572783316877053	1.0921241108187978	0.19337367817664822	0.0840276680341519	28.103179135731963	-0.11021707827523192

drug_329.txt	-0.252147615896729	-0.4862370107648384	0.004158542980424285	0.024974579805238428	-0.08735294498665958	-0.05667323041706991	24.145440700552065	-0.7844131772868034

drug_33.txt	-1.62167203739845	0.4252497441359263	-0.05053674014362669	-0.0825014456666513	-0.2173424024146552	-0.07899371127596273	23.768513230534932	-1.3305333189942041

drug_330.txt	0.0671597866358357	-0.20008178725689088	0.39822395265292376	0.8726464281684887	0.028863515423251135	0.0456028374554796	35.9548829240434	0.14373447762632507

drug_331.txt	-1.63699450823764	-0.7510729711585621	-0.00880153722891261	0.015697963542865456	-0.023306143817225355	0.05545730889488638	55.502569960022846	1.64959300033497

drug_332.txt	0.0548282838899546	-0.27682648928003595	-0.02653701995415822	-0.009953127037000409	-0.021400785018276	-0.1042381618762209	-7.502379592613744	-1.7205324714269499

drug_333.txt	0.0437948340646923	-0.22751101936948892	0.048957199650932814	0.09247062438860393	-0.024598092003062462	-0.10660054639236129	1.3948220064724919	-4.10318390790252

drug_334.txt	0.0609191475943979	0.3512550996555003	0.35289615677938574	0.9389373537503438	0.018771412439219065	0.01235033194107364	24.363792118789263	-0.37098605483650793

drug_335.txt	-1.63244535111209	-0.30638609422747753	-0.022012746164881136	-0.04323792767650264	-0.11018299517240412	-0.17288840028140887	1.1083190557776508	-2.1354221266203646

drug_336.txt	0.0522821031610479	0.21799581400976392	0.0526388342206405	0.12901885060431334	0.10369959494764035	0.049293637857511445	22.489624976204073	-0.1798147961933903

drug_337.txt	0.0532306802953465	-0.4490111380945835	0.041135945846540456	0.11227452403448068	-0.016959801341532386	-0.11746368003646075	11.513420902341519	-1.916669049868049

drug_338.txt	0.0305646792968441	0.20346150211527136	0.08391737882214065	0.1803661999430305	0.09934882960148733	0.05592348038213551	39.83152484294689	-0.1525701851426421

drug_339.txt	0.0731008750032847	0.5425448925588604	0.0683799773587006	0.1708728853748197	0.064857033754246	-0.03915767113822098	21.82181610508281	-2.0120699846594

drug_34.txt	-1.78741289978907	0.5025592068787732	-0.04753246910746753	-0.05311633613780914	-0.20532747772601445	-0.1033912005980725	24.31220255092328	-0.9157018892212809

drug_340.txt	0.053380455632341	0.3928591821356646	0.02190191721631707	0.06451592124396055	0.05162973559411902	0.05378107888376242	38.30763373310489	0.5343906979887854

drug_341.txt	1.72238484378695	-0.4546790579393414	0.03462356974913647	0.08237058528338204	0.04260656964437041	0.03361625458582274	23.76946506758043	-0.22260513307557286

drug_342.txt	-0.0571492044230305	-0.4425878144537975	0.04513962691417989	0.028277929818937064	-0.009273288105824904	-0.02616474515738554	4.155339805825243	-1.326823267784672

drug_343.txt	0.0469933855198065	0.36001537106789133	0.06920277425419505	0.16694283436736207	-0.016595794387263146	0.059271592889394153	31.994288977727013	-0.08487010812900699

drug_344.txt	-0.23756948309593	0.4016983950433878	0.030246098853187853	0.05975992094497462	-0.008117508872952872	0.010185198025750037	36.82885969921949	0.173141970656381

drug_345.txt	0.118742938224243	-0.4815396903615654	0.008787330144819555	0.031161827219704785	0.04232118825202911	-0.015161174624730158	38.58804492670855	0.5825211343686318

drug_346.txt	0.122116824762856	0.45163078302812676	0.41135127265110405	0.9944743204029869	0.079521771936908	-0.013087715298557038	26.270321720921377	0.14793626806278076

drug_347.txt	-0.334437816958772	-0.567860166790676	0.004960818676358503	0.015406694591116543	-0.04967931753527567	-0.008893828709465194	43.909765848086806	0.5751174552569677

drug_348.txt	0.0750978794965446	0.1998959652003991	0.026026465149942335	0.0724014553375591	0.03458718468086638	-0.018099423243672638	46.38682657529031	1.2603765677199945

drug_349.txt	-1.60211978682694	0.25855281709920314	0.2997516385514951	0.8248726896164622	-0.044291655312156945	0.07982860724398093	40.47382448124881	0.10295481154094252

drug_35.txt	-1.71746781741264	-0.0847737633162185	-0.0814003446055322	-0.15717848099680942	-0.2846069014991355	-0.19257779856029794	3.4313725490196076	-1.9541337268669805

drug_350.txt	-0.267424461394033	0.5796564207368622	0.32336333041868215	0.8253296723193783	-0.016795274515207733	0.09271394054751106	28.89015800494955	0.6451956489953429

drug_351.txt	-1.62198998153487	-0.44171285438275404	-0.3094974125112334	-0.6936302369148357	-0.05918386732957852	0.03794283739690886	28.147344374643062	0.024826017884502696

drug_352.txt	-1.53711729057132	0.307127622748834	0.291609550663901	0.820614057485996	-0.0779133459815146	0.007844325010710309	15.009328003045878	-1.5992594840065528

drug_353.txt	-1.69316479825716	-0.2534107403940486	-0.3566788251988836	-0.8803375449728587	-0.11332349693365075	-0.058192075409724715	-7.531315438796878	-2.181809477208609

drug_354.txt	0.142433001215879	0.4852363002664253	0.01396049117275669	-0.038471259746588715	-0.02497846653205682	0.0581095291157795	43.9564058633162	0.6766758370430838

drug_355.txt	0.148962680381342	0.17386683628113458	0.38303114837833147	0.8821327222092843	-0.027032498653991533	0.004333228529106859	16.415572054064345	-0.8807783399398598

drug_356.txt	-0.000295012027413444	0.38140772316417193	0.33100007107080276	1.0265953040864562	0.03634519166879968	0.0765887211488182	26.349324195697697	0.16610651880508728

drug_357.txt	1.38856906028517	0.5156413166037753	0.042001761755890904	0.09585630707377385	-0.06322832323374052	-0.04965204073914576	2.999048162954502	-1.9193217276336814

drug_358.txt	0.126107489483478	0.5064020321764335	0.03259594098147828	0.010693755826084339	-0.046350279701165134	-0.04068703336545695	-5.6228821625737675	-2.0894551464467437

drug_359.txt	0.160245755768261	0.5792696702418123	0.05083948718454012	0.08276842630970443	0.008245503107058712	0.03699398981879368	21.694269940986104	-0.7633028451644556

drug_36.txt	-1.7492701139678	0.046875143731871655	-0.010107863189487476	-0.0170840195583834	-0.16396358880953427	-0.08238234765338148	34.24785836664763	-0.5585848572249458

drug_360.txt	-0.245136840194254	-0.8861164338132845	0.30805784865022123	0.8231747585084773	-0.06767076551519202	-0.05308313517032704	16.477631829430802	-0.3654769385314265

drug_361.txt	-1.51972495801752	0.47852982665974375	0.01882115555054542	0.08479980136304133	-0.10993212239689094	-0.09927316582696566	3.204835332191129	-1.5515839305944699

drug_362.txt	-1.5948701349889	0.35984100482103504	0.013779873368097023	0.04197862476785147	-0.061799009691220215	0.02763354637346974	20.772891680944223	0.0804803145834408

drug_363.txt	0.112385966504788	0.3467364375849025	-0.02077860011577856	-0.017035501801680286	-0.07433935132569292	-0.12594500572422027	-13.184466019417476	-3.2765357138087703

drug_364.txt	-1.69201652067354	0.39746237009792296	0.026465515674784168	0.08444308187811755	-0.10644283874523043	-0.0014159029806219885	30.963830192271082	-0.31782529274219773

drug_365.txt	0.213515850625975	0.2865306917408892	0.31091513274315064	0.6825327086320938	-0.02231378057546203	0.0308650486994814	28.23091566723777	-0.6302737267875066

drug_366.txt	0.207685123033154	0.47001104783107084	-0.007108007465744054	-0.014329611377460694	-0.042709543529624416	-0.0379568161745687	10.384922901199314	-1.4698412590858136

drug_367.txt	-1.76885126855172	-0.3212680217962822	0.3134012802621875	0.7428796104910378	-0.08504046625616567	-0.05727450521151804	7.635827146392538	-1.609939336526212

drug_368.txt	-1.72711387464258	0.29264852967354676	0.31646716466176417	0.6990917486149826	-0.057345135584031814	0.008321592734556453	6.650485436893204	-2.99916281957894

drug_369.txt	0.138197249580175	0.25516496221926344	-0.3240431558719864	-0.8312134859232801	-0.033791736231262505	0.04803936098739251	30.211688558918713	-0.1419863769422931

drug_37.txt	-1.71292463219047	0.43934728220265734	-0.0001299376469063862	0.020508495967272666	-0.21912304773969749	-0.08485477318097341	24.608794974300398	-0.6059793785714906

drug_370.txt	-1.58804090514945	-0.15006385870744726	0.006090035119126647	0.01761754145085287	-0.09955671482005786	-0.07541067666002287	6.797068341899867	-2.403939262544804

drug_371.txt	1.56750329051877	0.484169625303932	0.3492978948256356	0.8896202632156813	-0.017164387671429467	-0.00510450720643492	20.517037883114412	-0.611240679102973

drug_372.txt	-1.62316979076839	0.35906972234736223	0.32919837630216064	0.8185264048433802	-0.08000548752565963	0.02181341577201374	13.831524842946887	-0.9189343445288564

drug_373.txt	-1.61149519739529	0.47474137380979925	0.04538374731056882	0.02357491726399974	-0.007036795678114825	0.0836486861226606	28.698077289168094	-0.030447318314107345

drug_374.txt	0.0438387872736349	0.5813547813162577	0.26234950130876394	0.721971425230552	-0.0200755159430595	0.1025644038908992	22.075004759185227	-0.28496126689299384

drug_375.txt	-0.0108791358416921	-0.6236715610027221	0.022731392997636546	0.08366158638151477	-0.0815768537588414	0.039746213866478364	11.827336759946697	-0.9464459399042368

drug_376.txt	-1.71847683020923	-0.33445758377702167	-0.008821691284700783	0.008158833269341914	-0.1092587376696365	0.005000841670575719	30.122406244051017	0.04835625581611837

drug_377.txt	-0.0705396450778378	0.5399151985507714	0.3040217115214181	1.0642237987295973	0.07141515324548699	0.11910327969021234	50.96744717304397	1.6436417481963248

drug_378.txt	-0.118976081332547	0.7122808102796566	0.30285797839930273	1.0454616749232875	-0.010198810284496714	0.11040386570042063	55.95888063963449	1.5805078145180351

drug_379.txt	-0.0433211426878821	-0.6888132614248663	-0.009436697657115856	0.009038701968559992	-0.07604743472074096	0.025128339638282732	43.158385684370835	0.2562918281258906

drug_38.txt	-1.62880081791189	-0.5251082584348284	-0.10280843218733088	-0.20895238565930185	-0.26993654991029226	-0.15383279025021324	8.957928802588997	-2.015540002112517

drug_380.txt	0.0487524693820514	-0.4637393628494123	-0.026869417437726834	-0.05252832593430462	-0.03877043392263471	-0.027667778136106397	23.397106415381685	-1.1722070903397324

drug_381.txt	-0.0995052875232605	-0.48036786399071907	-0.018318491316900776	-0.027097976773601262	-0.12715605687389214	-0.04049409431548147	31.972396725680564	-0.43917406885645205

drug_382.txt	1.68369742037661	0.3853331189813883	0.01785781458438615	0.01606750714488675	-0.025971798847552737	0.0512697632509839	34.31696173615077	-0.2204286212360702

drug_383.txt	-1.77891512014275	-0.36024141930290876	-0.04536846828034019	-0.06283867810692434	-0.10803598686983121	-0.02016920958271999	43.9996192651818	0.30060778407881455

drug_384.txt	0.0588084380606124	0.6528885522479702	0.3240939479618475	1.0025015326976041	0.05218959632799783	0.12530343728934965	62.2592804111936	1.5070202563942467

drug_385.txt	0.0295740599626876	-0.1903730602020588	-0.08567901808531878	-0.17408080856746733	-0.33168539333886465	-0.20878326264653066	28.389491719017705	-1.398063275037697

drug_386.txt	0.143360557250249	0.44311970034722614	0.34627475426444976	0.9015829892473549	0.08940735949406421	0.07217632012337538	33.575671045117076	0.4329104728270997

drug_387.txt	-1.75639889448124	0.8743516229408778	0.30337688907567095	0.8831662451366324	-0.009927321222205684	0.022704966640268984	40.24804873405673	0.6730764699641376

drug_388.txt	-0.0112075905280835	0.6703192279665564	-0.005345300727801594	-0.0067844139701551676	0.01432547139755728	0.06085070948017458	53.512469065296024	1.2120302553931876

drug_389.txt	-1.69104692243931	0.42381969737720493	0.020383601126514272	0.04650893024203995	0.03551349107912483	0.017790275606914003	20.067199695412146	-0.3296249308231571

drug_39.txt	-0.195237526485392	-0.4204982198261392	-0.05341184721262132	-0.116750128135507	-0.2508598008008064	-0.21517636958306896	3.800875690081858	-2.5670255344968176

drug_390.txt	0.0231908118683219	0.638042329444431	0.04538370499568717	0.13877987574464767	0.048478313198062756	0.09977328261719054	39.874167142585186	0.49982053011246136

drug_391.txt	-0.0593654972087323	0.20373425471771733	-0.0347437588168531	-0.028622482454657372	-0.06395233077525236	0.14149719114068754	58.84218541785646	1.0922377512778902

drug_392.txt	-1.63567997286367	-0.127814801598871	-0.3368533411128398	-0.7851965747704561	-0.07549445964597576	-0.03559518575355153	45.80430230344565	0.26266180976549686

drug_393.txt	-1.68655366232947	0.24633758876504763	0.01663422191573144	0.03615680558087969	-0.03535172575723498	0.047555055421003176	48.4351798972016	0.06401824220108851

drug_394.txt	-1.79534048209982	0.18256089888467555	-0.040209286685921886	-0.06444071994597855	-0.09009469622087307	0.025354823096041024	46.85874738244812	0.6960259967056268

drug_395.txt	-0.0138247174692507	0.1337432170226607	0.3441021529008991	0.7324388006881937	0.027602720880715175	0.0287663350248507	36.01503902531886	0.4004627898920193

drug_396.txt	-0.0365996459855671	0.7636437121933872	0.056674312798873486	0.1717453455246985	-0.022485128322800654	0.053284385011604596	53.080906148867314	0.8216305643632841

drug_397.txt	-1.75100698234944	-0.29778982913709884	-0.0036242584045318993	-0.0005049756637884317	-0.054560048641914986	-0.03490258502748063	30.44012944983819	0.04038243724911035

drug_398.txt	1.71175533350692	0.7211296016710674	0.32258607483736	0.9342981175585476	0.04322151360355799	0.0837649068519051	35.806396344945746	-0.021839830418369673

drug_399.txt	-1.68086219952368	-0.4995952700015713	0.32894060376185313	0.7704619201461871	-0.02989261163202555	-0.07503030296836058	2.7854559299447934	-3.33824504104289

drug_4.txt	0.212113408834117	-0.5093521638093215	-0.0157977268007026	-0.015334811498555201	-0.001412566983862777	-0.003695195589981457	3.549971444888635	-1.4413830254734323

drug_40.txt	-0.162386802571263	-0.40652681440574057	-0.050342479905785525	-0.07314958316472014	-0.2239803347446322	-0.13598004379037862	32.684370835712926	-0.26988998186215424

drug_400.txt	-1.65769694740186	-0.24762200931215256	0.024538549065202836	0.07309851253865834	-0.04238366274398694	0.03063049836604415	22.481058442794595	0.29370627505851343

drug_401.txt	-0.0215038685990153	-0.4475124484683284	-0.395437858863126	-1.4020701091381467	-0.35675055237564063	-0.2917692963547914	-2.088330477822197	-2.2445952747387925

drug_402.txt	1.64475583275804	0.30550975079080417	0.026499292806109298	0.061816520264942276	0.03922467247960088	0.06046834058213521	24.580430230344565	-0.10008960021428302

drug_403.txt	-1.68785171525009	0.742426101067073	-0.007217526842156513	-0.0056365428084537705	-0.08053015542230542	-0.006410136072466729	15.793070626308776	-0.6791720430623864

drug_404.txt	-1.59026914174193	0.2740988339690853	0.006512889371082298	0.0015577600328601782	-0.0032948209234702486	0.050962995376628725	33.09080525414049	0.07277991821859683

drug_405.txt	-1.76378781110631	0.38151673529593366	0.27940796950849145	0.8722608243732144	0.06490994832785459	0.048141865645995284	26.039786788501807	0.2562342129305382

drug_406.txt	-0.0354212700088623	0.5570546195167707	-0.006427778006139945	0.010526581143194103	-0.027415518988207332	0.0019477577367213296	23.694269940986104	-0.4273289491156906

drug_407.txt	1.7237643534698	0.5419200506359555	0.4541833394037786	1.2422470232079943	0.33413270755233715	0.18339874434991896	53.47249190938511	0.8848745856570691

drug_408.txt	1.73834248627059	0.19305364762659893	0.5337744662484714	1.1708215018231665	0.32408868860709583	0.1735875426755246	64.71197411003236	1.6546900598185772

drug_409.txt	0.131873242767428	0.334687486272065	0.45928582589411415	1.214682855580603	0.2995030058861565	0.1058455049604802	54.53055396916048	0.8244118105331439

drug_41.txt	-1.69215578546057	-0.4473964492018404	-0.06374725964843198	-0.11894804652978858	-0.26530924366690695	-0.11080265441737953	22.229963830192272	-0.20965459345991594

drug_410.txt	0.101968100480858	0.01448861892042308	0.5641394829365357	0.9118622870468664	0.3664293570423198	0.1889351820439715	53.61317342470969	0.5682584349095914

drug_411.txt	0.090285624195286	0.024141535649075396	0.5334874856454533	1.2964515872700981	0.3155351548893714	0.18265149509059894	46.466209784884825	0.43448441462896686

drug_412.txt	0.113500801429435	0.14600188116451515	0.5165292991762482	1.2962907996055013	0.35840630226184556	0.008032929537689755	15.385684370835714	-1.7908136573511861

drug_413.txt	1.75631552670994	0.283915991781049	0.43034258794157915	1.1214742331135654	0.22465912600282778	0.07781972246832283	43.23567485246526	0.6420322558651865

drug_414.txt	0.107659563286649	0.23296515577367438	0.5498522459771998	1.2331435732933136	0.3141133006686566	0.02403085686222199	30.68570340757662	-0.1718360031058972

drug_415.txt	0.29844443860525	0.09865923483881917	0.5090509554339542	1.150733192346815	0.30595071908107146	0.11824087332891184	45.27051208833048	0.9035257387836806

drug_416.txt	0.136295556665002	0.019650884369196098	0.5652554616285684	1.4429621583675671	0.3898098248361173	0.16613275767623764	50.19474585950885	0.23967823773586575

drug_417.txt	0.148377433849226	0.15326913794336988	0.5450454740898986	1.3606130841623207	0.3210307391970687	0.0694759211525032	36.52636588616029	-0.07262526077440037

drug_418.txt	0.244065480726279	0.16439406799294853	0.5420711335242046	1.3738412186613735	0.3049886400865775	0.11360769738095726	35.38530363601751	0.6627024161996354

drug_419.txt	0.0950285098667788	0.19599820031609896	0.4984443922780233	1.1826253022828368	0.2508165926724726	0.10462055728403408	42.402817437654676	0.3637941295769724

drug_42.txt	-1.69195608501124	-0.23723845612264977	-0.06075721803766884	-0.09661605821247266	-0.26825249342915397	-0.15058029621847263	22.2598515134209	-1.1177608888616357

drug_420.txt	1.68282576135796	0.19322557611233784	0.4828613089310579	1.274402305134076	0.22369823385656215	0.14462326655230878	42.41290691033695	0.7101767080025957

drug_421.txt	0.118093911763933	0.27053293901466047	0.5039764940128288	1.1353627119020744	0.16945291187724318	0.12180618680779387	59.22539501237388	1.8784925928238934

drug_422.txt	0.357056520482434	0.3436763586991806	0.5507600582199947	1.4251532735171988	0.32169331723650724	0.09872308478180762	40.86560060917571	0.2153523195102085

drug_423.txt	0.270386525474945	0.14523700381676552	0.5529694174975817	1.212252983993611	0.26177296182119514	0.1078133495738558	48.27584237578527	0.3521404162794471

drug_424.txt	0.108807840870274	0.27357389130785914	0.5234167402974306	1.3264086069897927	0.3112086177883369	0.06144644371950209	38.620217018846375	-0.002095178843045752

drug_425.txt	0.302238747142444	0.6416315638973455	0.42674601012250024	1.407794037277782	0.3033850859293132	0.1370104784797267	49.71977917380544	1.3570972540187347

drug_426.txt	0.1362666526526	0.3715630176188377	0.4714616820426517	1.1267296488032492	0.28577108483504104	0.004359509966278136	40.370835712925945	0.3607641136930379

drug_427.txt	1.6863704443335	0.23233979840622493	0.5073752585614553	1.2509542714258537	0.24045514208502056	0.12240808040737354	61.55225585379783	1.0740847826995221

drug_428.txt	1.69201198202696	0.45175949019409406	0.5023729652952397	1.3015282666880066	0.3064958252015679	0.1857992719896719	51.31144108128689	1.0613246308336932

drug_429.txt	1.68537194208687	0.14580405296892152	0.5178185309667902	1.2204733596519004	0.30365987889752644	0.14246951808691571	43.81477251094613	-0.1323339700485866

drug_43.txt	-1.76045333913006	-0.18820442316976932	-0.08785954879578292	-0.16109399261945495	-0.23145702378882557	-0.09912123394200717	32.219874357509994	0.5705829223041209

drug_430.txt	1.70419370943585	0.5568556965653322	0.43824470199476717	1.2602590328744294	0.27506576026633994	0.15940308969602277	58.22672758423758	1.9374388648869627

drug_431.txt	1.71382925611583	0.10939422420698716	0.45969116566588075	1.0896234079592506	0.22427098451172753	0.08754377457917838	60.747192080715784	1.3308280291078427

drug_432.txt	0.121488819402475	0.1758541259018533	0.4694727044428424	1.2689443995941634	0.2522633667117137	-0.030017358293911608	17.683609366076528	-0.9997101394572898

drug_433.txt	0.0682187245447617	0.03078215503186632	0.5195606114377578	1.4172202120602475	0.23652119969845403	0.0907231009086245	37.362840281743765	0.4738033072840695

drug_434.txt	0.0735107864519011	0.3593746181181028	0.438797767266007	1.196606931425051	0.1397781210032464	0.07324675259527522	26.45650104702075	0.9112998354957876

drug_435.txt	0.0218172740888667	-0.2541930561860039	0.3990342582216889	0.8237209869259283	0.04711543002167912	-0.05613534798590773	36.135731962687984	-0.32240189358517685

drug_436.txt	-1.56850967567787	0.8118308360248054	0.39463545159904434	1.2658498976342025	0.07391547239428858	0.06939330006268764	51.17761279268989	1.1395744591232917

drug_437.txt	0.128877736027538	-0.34643952719882215	-0.017469084068987062	-0.03347836337019683	-0.13064249250271143	-0.1252533724010666	18.411003236245953	-1.3615537652552974

drug_438.txt	0.098523267729984	-0.6407787457647913	-0.007561628401278109	-0.0010481910119133353	-0.09403922680177626	-0.05240122472318506	49.33999619265182	0.6193545269657333

drug_439.txt	0.129526762487847	-0.12361246039279454	0.009805309285052022	0.017903088858560456	-0.0758579597811891	-0.08362357372799145	37.692937369122404	0.4720497782740546

drug_44.txt	-1.61871594522092	-0.4319347979685435	-0.06521117077909527	-0.11591068279024641	-0.2939943258928371	-0.17003326780437478	12.181229773462784	-1.7770086326982657

drug_440.txt	0.099122369077962	-0.42795356108606386	-0.0022068809555453317	0.01103684829665963	-0.10288584220890111	-0.05736658226180041	44.46049876261184	1.0802148255233404

drug_441.txt	0.214898704574717	-0.6045178249268175	-0.015491998979092897	-0.019894244937951222	-0.09685441656138055	-0.09386040946727223	49.62040738625547	1.5769561169694775

drug_442.txt	-1.51093813824717	-0.4327684181016024	-0.02414860660699983	-0.04598319623036279	-0.20113430821420952	-0.10678695274479075	22.85684370835713	-0.6511315775150798

drug_443.txt	0.0936805318338282	-0.33915042294652653	-0.04565843337424341	-0.09277027714503594	-0.23854049569994545	-0.2601827869431056	23.724347991623834	-1.7809277292348167

drug_444.txt	0.144604146411961	-0.2355990976050843	-0.018618130009083855	-0.03004499470728672	-0.17014310568410534	-0.19605190509512552	13.010850942318674	-1.337415443740298

drug_445.txt	-1.64891466627809	-0.39329945771820995	-0.02817020945208165	-0.03656699094589866	-0.2571903126753738	-0.18799895067819924	31.079763944412715	0.06005518263156372

drug_446.txt	0.207160312163334	-0.42922153242615707	-0.05166833568993087	-0.08093354910128947	-0.2110251640732722	-0.23916091852443036	37.50161812297735	0.8466523128896466

drug_447.txt	0.21927109335996	0.3762108927656903	0.045576523014604825	0.11149991815687987	-0.07534187351240552	-0.034873487085149854	16.562916428707407	-1.3442139061897465

drug_448.txt	0.0964264130120609	-0.4289028165535565	-0.02783425223518607	-0.03884074867901416	-0.10427161962884184	-0.1223255495062025	18.76051779935275	-1.1449658223378754

drug_449.txt	1.67452768216097	-0.5556687364361904	-0.007754715753950814	0.00911797906347378	-0.10431586666985099	-0.054943372265106455	51.03102988768323	1.169143329889476

drug_45.txt	-1.64707340902522	-0.5442615949951453	-0.06290406813648841	-0.13150136276615887	-0.2615199626781068	-0.12137282361626284	13.059394631639064	-1.686877487448061

drug_450.txt	1.79198045037707	-0.38167348153240344	0.038104953422567506	0.09641343010273296	-0.061149989897865645	-0.06270630603406105	42.652008376166	0.46822989579203955

drug_451.txt	0.183046482907218	-0.3014726328193348	-0.0411338849272653	-0.09335951427277306	-0.11683827002970666	-0.17157378333552287	24.64820102798401	-0.8449265283408406

drug_452.txt	0.11300155030612	-0.4153421587572041	-0.06740929342209409	-0.14645572565622633	-0.1775231230572109	-0.1661850798326628	40.55263658861603	0.10309919711063906

drug_453.txt	0.109406942218252	-0.47429452551571777	-0.016777219831070667	-0.021442752979564716	-0.10529335656523124	-0.07390995403760724	28.158576051779935	-0.6809008258570545

drug_454.txt	0.147849278713509	-0.5537750946113302	0.005702739806530688	0.04684248819702774	-0.07467882492052651	-0.014519203832212321	52.80658671235484	0.6852433943752454

drug_455.txt	0.13461912394566	-0.2735104225899607	-0.01300354599913367	0.01762141125569805	-0.0978458222380199	-0.07338673798871066	45.01561012754616	0.47624644022506607

drug_456.txt	0.146051974669575	-0.27062019169641527	-0.01930912988798153	-0.05243847156893161	-0.12082957212769402	-0.10752750776483198	31.10375023795926	-0.9969171547084209

drug_457.txt	1.71839083480043	0.44112947193424834	0.0069126603801760445	0.026871150106857422	-0.05543460065362241	-0.009361017570475647	30.676946506758043	-0.6343770151883279

drug_458.txt	0.256265601597604	-0.3506829953492581	-0.006573239508474826	-0.016607828564132954	-0.09718064244000431	-0.10749246239341446	18.55663430420712	-1.0472115502449664

drug_459.txt	1.67390755971306	-0.315825133881038	0.02492461739351351	0.06160943604183711	-0.07946978666797251	-0.06036872255344058	29.593755948981535	-0.807184133905368

drug_46.txt	-0.114858095631672	-0.4498582192012726	-0.038469698679612085	-0.08763153583015615	-0.2284240241932156	-0.11470726075033437	23.923472301541977	-0.8740965282393528

drug_460.txt	0.131523766981107	-0.26549309011623645	0.015276054689646795	0.03956708225847916	-0.08849202878746884	-0.11224658285796106	27.262516657148296	-1.0767802093884729

drug_461.txt	0.109307091993589	0.5151021659357083	0.02550918403137803	0.08833861793067321	-0.09890157901856778	-0.07434217599104354	17.59584999048163	-0.8692455349881657

drug_462.txt	1.78638883779594	-0.6855991075653451	0.0303201639910865	0.07789381315576877	-0.09309896940772469	-0.14908771189245826	5.34342280601561	-3.1435215128023364

drug_463.txt	-1.69084722198998	-0.3905593978165369	-0.008788107863420547	-0.015839805777988603	-0.20500631051923518	-0.07551919611748824	37.124500285551115	0.29579355272255364

drug_464.txt	0.147599653151851	-0.35035600435601877	0.016045125850874586	0.06473507389705829	-0.1021801090467972	-0.08399299702230466	7.103369503141062	-1.147695241782973

drug_465.txt	1.78479123420133	0.14615798396331423	0.05499757550433035	0.10223394201403396	-0.04121305297094167	-0.006653943230532507	25.185037121644775	-1.380446395819631

drug_466.txt	0.198801797304044	0.3434664644022832	0.022523976817627994	-0.05652804455915761	0.13639095162485024	0.01912605081843079	17.720159908623643	-0.6894812105681234

drug_467.txt	-0.0468252167203741	-0.34218745531179046	0.27873681839335995	0.8242452490041448	0.06376541980899846	-0.028519117245254917	21.265372168284788	-0.08387384387466593

drug_468.txt	-1.69773688749173	-0.494478591003412	-0.3170170061594352	-0.9746163782205601	-0.16089901729941425	-0.1755404774412259	5.364363221016562	-1.2449728854001119

drug_469.txt	-0.00154767848227666	-0.20130483118696324	-0.09384509946792044	-0.18984087763626462	-0.21816669664588925	-0.18683752847770474	12.948981534361318	-3.105844331763195

drug_47.txt	-1.71336344765149	-0.4028833259567465	-0.033461044821485875	-0.10187016000083282	-0.2255490459209311	-0.13646333451001705	15.389872453835903	-1.2263817650838316

drug_470.txt	-0.228956565152272	-0.5357057960228515	0.0014392142043773704	-0.00020703466794491643	-0.0931581350820331	0.021133063447390316	50.989529792499525	1.3664664978116408

drug_471.txt	-1.83455271637998	-0.27196545359951735	-0.04777620945619626	-0.08755959294544147	-0.17040429578024052	-0.14204514081755018	31.17704169046259	-0.04889616717068553

drug_472.txt	0.114848779462385	-0.25772109951328165	0.27486599765142866	0.7689519904873636	-0.01982959306040308	-0.1146364368682966	12.357700361698077	-0.23365584822374486

drug_473.txt	0.0670993509735397	0.04510478605654353	0.06866065014051762	0.048836644005859964	0.09411592150668356	0.040144250632490455	57.66818960593946	1.8153747572486423

drug_474.txt	0.0903355493076176	0.6007704808374705	0.001128816252524617	0.019243543436165078	0.013439077804033958	-0.023105505116895034	32.54045307443366	-0.20712815437087256

drug_475.txt	0.10571248390572	0.4593739507432574	0.260717784570152	0.6282316027381284	0.04337014494512157	0.03166247036974513	49.57395773843518	1.442969847852708

drug_476.txt	0.117694510865281	0.4970641419274554	0.053425867054098616	0.22510269166997632	0.08329669960158004	0.029405890135989054	30.635827146392536	0.4237315009534888

drug_477.txt	-0.0140533219309791	0.5669205083049307	0.29031320500448515	0.8041258330152811	0.029224509441432647	-0.027630333202286972	24.311060346468686	-0.4029782080023884

drug_478.txt	1.78254460414641	0.3748135176788372	0.3720898268711047	1.021959554448626	0.1822810676297748	0.09978292997223713	41.551684751570534	0.6453823156870703

drug_479.txt	0.114948629687048	0.5115418834632621	0.341906968604477	1.0862859953614115	0.0985072328045327	0.04644149388519387	43.27888825433086	1.7073775335300825

drug_48.txt	-0.240974901284437	-0.4000533214624047	-0.02937312496419689	-0.06632631353163199	-0.13806906328713922	-0.0709844387350813	43.5653912050257	1.0434530266012785

drug_480.txt	0.0222422347340233	-0.44899728364732777	-0.03433798537961416	-0.04689862044577375	0.0015432342365974945	-0.06603008916759232	4.311631448695983	-1.7407122689423378

drug_481.txt	0.125183277715006	0.3175482765365765	0.049693123924582444	-0.034505242792074675	0.12098119467479096	-0.02329571118642992	33.30820483533219	-0.09606035790236758

drug_482.txt	-1.60123164535493	0.6828664667361863	-0.006531966133847766	-0.10142231716214467	-0.06040882204270948	-0.13624578064548395	-6.0445459737292975	-1.5543684157491138

drug_483.txt	0.0587663958607543	0.4462871642658336	0.30736397888879746	0.729790586754212	0.03619664966688947	-0.022484858212611043	23.094231867504284	-1.0003944814579209

drug_484.txt	0.046979530703944	0.5159544547345862	0.3170183562610178	0.8948363419963021	0.05889642589694016	-0.018426309876154366	6.635446411574338	-1.1792796410769977

drug_485.txt	0.0528706939590614	0.42420822247954526	0.053455856033055554	0.0932255011778132	0.09241803405561293	0.00812173467931593	0.8524652579478393	-1.8380275566332183

drug_486.txt	0.0773339990014977	-0.46408464325383963	0.009871424616611835	0.022499028515989172	0.021371790602740363	-0.06303045881152983	20.701694269940987	-2.017866574108186

drug_487.txt	0.0432351472790814	-0.42846033850966003	0.01553061140532358	0.05556212402357125	0.051474966198568006	-0.07275941454557118	6.541595278888255	-1.8556347513921982

drug_488.txt	-0.0590069441292607	0.31429242112469363	-0.011183144394697114	-0.021894717168522593	-0.04821572953722043	-0.054299408997551014	26.197411003236247	-0.1257403529655968

drug_489.txt	0.0753869196205692	-0.26365632971020075	0.01566833239662721	-0.15690505503870045	0.06217838731955223	-0.0611643564237507	18.20445459737293	-0.7737760268230495

drug_49.txt	-0.433076222986095	-0.2866709534942392	-0.03126016354563571	-0.036048836252237704	-0.14562583879688373	-0.05387510706202087	49.75975632971635	0.31904220189888016

drug_490.txt	-1.78532655562111	0.2939832369866791	0.29765903861621323	0.6510980214627146	-0.04053651192157835	-0.05772978410824214	27.06567675613935	-0.805193586698936

drug_491.txt	0.0581627558662008	-0.3473828234410483	0.309596803800562	0.8261585864543791	0.04280701379504285	-0.031301344911082565	22.010660574909576	0.00038383974885671955

drug_492.txt	0.0767848227658513	0.22849180999538735	0.3133940804507378	0.7909052737674087	0.10064928259092881	-0.036983910359785925	6.964591661907481	-1.6303904364623627

drug_493.txt	0.0565152271592612	-0.2777151830217667	0.018153784432275444	0.008646107136698777	0.03246969336111453	-0.05514602448655371	21.610317913573198	0.2889817247683127

drug_494.txt	-0.0137747923569191	0.6124457245993147	0.29532951027577653	0.9949848861069486	0.06290015841551787	0.07819061498749257	32.854940034266136	1.311623284587702

drug_495.txt	0.0683974038941587	-0.17688034965158222	0.020526082511188398	-0.05376833323572405	0.05870709728435594	-0.12469186953685284	-0.9209975252236817	-1.886296200434701

drug_496.txt	0.0650524213679481	0.36519151608324546	0.3152419252504556	0.8009592642138288	0.10735195251917845	0.020030434215308267	25.608794974300398	-1.2067703094557367

drug_5.txt	0.165801298052921	-0.2380763739233394	-0.0071637441481264275	0.004750245268203723	-0.028842819937315724	-0.09110842460029549	-5.243860651056539	-2.849600778187436

drug_50.txt	-0.267834611718786	-0.38277994164127194	-0.0188583737185479	-0.02353584302766082	-0.15812050174926526	-0.04784000581311209	42.985912811726635	0.730233789560537

drug_51.txt	-0.0329854500545832	0.16328325734117824	0.015525234293910506	0.03799989877232457	-0.036187278883949146	0.048220093609801104	33.942699409861035	-0.31700396893279875

drug_52.txt	-1.7127703182069	-0.4651549414507975	-0.046953212798562766	-0.04239883344446038	-0.1644792453301485	-0.09473587524774209	32.81058442794593	0.09370777305199404

drug_53.txt	-1.7037338728749	0.4378378218283415	0.01731913216579395	0.05685729929276795	-0.12266908351677358	0.02597600455270017	75.43061107938321	3.208690525176853

drug_54.txt	-0.0383274370740541	0.4149109954301604	0.05014038918447622	0.10395207260101347	-0.024291597155057593	-0.010602566610394546	35.145821435370266	-0.07367175540109662

drug_55.txt	-0.0350823047725064	0.3327306698560998	0.026963814721514073	0.08355344674272464	-0.05188478839234048	-0.03037298602198531	49.02817437654674	0.21549300851471614

drug_56.txt	-0.152801181003614	-0.3751858704787667	0.023987294861422065	0.05604560712333745	-0.1278741727690193	-0.05947946248660751	37.3045878545593	0.09468835176228184

drug_57.txt	-0.249106722691083	0.20554362091680753	0.018600261460762796	0.04101550185026459	-0.13233750767559058	0.00040848161951886116	43.0009518370455	0.49078085748410416

drug_58.txt	-0.0405241420166401	0.05635738827853559	0.009502745596275092	0.01692138567626167	-0.0394021542985285	0.04733511306825652	33.54882924043404	-0.4525870321913382

drug_59.txt	0.00754323060863249	0.17517712545524816	0.022857972483086908	0.0511528669434016	-0.014558976185832928	0.11520631306209893	42.69312773653151	0.5899978829605225

drug_6.txt	0.255947657461177	-0.4790799175425574	-0.323131749088142	-0.8886341547905084	-0.02611391277720033	-0.019262803907156418	7.844850561583857	-1.9005895644860151

drug_60.txt	-0.0324861989312683	0.7059518169812624	0.04214421114550454	0.07119693384437303	-0.06780259267604316	-0.03385858757345227	41.084903864458404	0.23937291276985542

drug_61.txt	-0.0411232433646181	0.16819099555933759	0.031041123860784864	0.07728752090593832	-0.018976538157539285	0.0758062382074737	42.99733485627261	0.9544983313141304

drug_62.txt	-0.0535545963351622	0.04396516465954048	0.03060730500892475	0.05717436241120638	0.014675979736876094	0.10760194629522284	52.816676185037124	0.7333403667772629

drug_63.txt	-0.141917506515347	0.3269105974294492	0.045523431379028895	0.10510296067251834	-0.03546046566206217	0.0680005168318884	54.58176280220826	0.8566340696195688

drug_64.txt	-0.0440688249921768	0.11178186344929246	0.034368916239652575	0.07942544408646673	-0.05956870390570887	0.018726948105685166	54.52522368170569	1.664664137186451

drug_65.txt	0.164350125529409	0.07271341456866708	0.05264639602165641	0.10213325616958324	0.04190900015912551	0.15104235204246524	55.1302113078241	2.960615191940955

drug_66.txt	-0.0383274370740539	0.3232922450663195	0.39750385621938233	0.9881449365729903	0.06165144182458353	0.18029357481513736	75.94936226917952	5.6160657240847485

drug_67.txt	-0.155696837518841	0.07305212683246975	0.02844564887390663	0.0846772671351072	-0.07253434103680098	0.00422646965729641	36.0868075385494	-0.25040577192040175

drug_68.txt	-0.0116175019767001	0.15668473080520243	0.0623280638976067	0.11995472843617827	-0.020962402417627552	-0.016020416982832745	40.72244431753284	1.3135036559247681

drug_69.txt	-1.4999395643377	0.5093743366592444	-0.012552218765454343	0.0012710620583580856	-0.15634538281268565	-0.06580057244471565	40.11669522177803	1.6623222112507408

drug_7.txt	0.234879260057283	-0.5124876986079335	-0.05859487336334715	-0.10955306006401283	-0.06284580828605436	-0.08802058066642467	-2.7020750047591853	-2.018694975291777

drug_70.txt	-0.133580012755986	0.41482005024617746	0.004138605960963826	0.01860058136797621	-0.05047135488328822	-0.014886885689131829	21.151151722825052	-1.0427582771773483

drug_71.txt	-0.000808117966590638	0.40031317172086867	0.32636568166215085	0.9287707684838742	-0.022882713435629375	0.0715857613999833	35.02189225204645	0.017512952829901958

drug_72.txt	-0.0204043217470445	-0.5744157277746704	0.2862062677428156	0.8078263143011635	-0.037245261534464835	-0.0032508328886709363	23.906339234723017	-0.6325539861806194

drug_73.txt	-0.0557013761654169	0.36951846683526435	0.3038931545733212	0.8320726694135251	0.0076542153882380535	0.044074419822195725	28.044736341138396	-0.04817125286136112

drug_74.txt	-0.137973422641158	-0.39011633187556927	0.023403045908020753	0.06087480954608915	-0.08973435959089202	-0.0928614881706211	24.45212259661146	-0.33428675267768987

drug_75.txt	-0.0249974320815427	0.47802321331211706	0.03657559865867835	0.09159328399110378	-0.005047581597981761	0.04318941409529875	57.24271844660194	1.1594429423488768

drug_76.txt	-0.136275968821887	0.35894125137089034	0.338839519767124	0.9846858132529088	-0.03961085024877092	-0.009173424746105094	33.08319055777651	-0.5259190084510399

drug_77.txt	-0.246306377753943	-0.33038601731942363	0.3692626897359576	0.9746797245165795	-0.07763645786372989	-0.012044534419979753	38.90481629545022	0.3224594688495841

drug_78.txt	-0.241268480055037	-0.32264295831972933	-0.005461894449774601	0.00708572976542049	-0.13412197608807014	-0.036799812520936025	45.998096325909	0.620211093002412

drug_79.txt	-1.68566098221089	-0.4124660666885899	0.0031389517397575895	0.03721848952806894	-0.17827547386199824	-0.12560268984523576	45.61640967066438	0.799768130477636

drug_8.txt	0.222597682423733	-0.46851593315904555	-0.3083593616358859	-0.8782878229233477	-0.0011913399088654196	-0.03235188921127135	11.198933942509042	-1.862181872721067

drug_80.txt	-0.17092399677995	0.4275218901493649	0.03482109425863991	0.08446108312248507	-0.0807578195545127	0.052924477091165385	57.16961736150771	1.733915028432041

drug_81.txt	-0.226286407709011	-0.1851654037494902	-0.04099096213280187	-0.06733386720218931	-0.15712554421430938	-0.08530418207183285	23.866742813630307	-0.4470713009044221

drug_82.txt	-1.68350823047725	0.32855395614578653	-0.07858259492463854	-0.13216883382285305	-0.20525837618640497	-0.12846467506699424	13.558157243479917	-1.9339163228107754

drug_83.txt	-1.6248856380501	-0.24141758469152777	-0.03886295944596285	-0.07058842456231829	-0.20865162563911435	-0.10909694170586547	20.145821435370266	-1.5072339392626495

drug_84.txt	-1.57382275868494	-0.2729760921613383	-0.006327757784211352	-0.002996325588820181	-0.15752844173798836	-0.1119895990652594	29.655054254711594	-0.9796939845827648

drug_85.txt	-1.59593958344779	-0.27871841365214683	-0.036831868925225886	-0.06561520970202706	-0.2016481683732346	-0.23352299003328847	-0.12792689891490577	-2.920333472296706

drug_86.txt	0.0438980285552533	-0.24825262313432808	-0.014420950312849179	-0.00614926945103017	-0.19741185046629578	-0.1346228463214751	5.90462592804112	-1.9345209383187456

drug_87.txt	-0.104783733490673	0.25932388550295926	-0.025810391890658785	-0.017426073784340634	-0.14259467689637065	-0.09765953188062429	-0.36131734247096897	-2.6765818581368093

drug_88.txt	-1.53915370962695	-0.23695255135812768	-0.0070196817110873	0.008476185701244088	-0.2551441348149937	-0.2597481282288007	-7.016942699409861	-3.1696440318955617

drug_89.txt	-1.72864053202493	-0.19347552022681364	-0.08741173581544004	-0.15357226922512496	-0.26100758419236064	-0.23536430440312092	3.034075766228822	-1.4466929229566206

drug_9.txt	0.232693065664661	-0.20979161741976013	-0.34221037150063083	-0.9123587906810422	0.04119202214249716	0.015642343216572804	14.650675804302303	-1.1568619606257042

drug_90.txt	-0.12757371120353	-0.5339337239663409	0.020112819529739034	0.05931467884349456	-0.1606892660592521	-0.14137609355889147	30.857605177993527	-0.5075584879309691

drug_91.txt	-1.69139639822563	-0.07670312242482744	-0.03859905825259757	-0.060724613752424106	-0.19825566464938044	-0.15890701646381142	13.30001903674091	-1.7514015053141023

drug_92.txt	-1.74661357246427	-0.19910740407935756	-0.05616726797076238	-0.09449893358003858	-0.1733214073527957	-0.08025767628131845	26.389110984199505	-0.3125565124855963

drug_93.txt	-1.72998851005788	-0.48180291202528286	-0.0774130182976285	-0.15245871891420604	-0.22794739459235794	-0.10066305202430537	22.610127546164097	-1.7146461640688646

drug_94.txt	-1.53577982308833	-0.5125227403604291	-0.014930153500474913	-0.02393001158931518	-0.18358748705766645	-0.1470494114796753	16.345326480106607	-1.9003570897301383

drug_95.txt	-1.55669844515523	-0.30680318173630006	-0.07467163441306204	-0.11744118557592775	-0.20766123901900277	-0.1742970311479787	6.1020369312773655	-1.3121075164744875

drug_96.txt	-1.71453274633504	-0.17247694409838088	0.03174205932304888	0.05371628823087893	-0.1543138785227989	-0.13327593587828912	2.723015419760137	-2.6758957799985397

drug_97.txt	-1.69399250406687	0.26030064381819024	-0.0056631042339929105	0.011361762484641102	-0.10390196119128041	-0.014179135779347521	15.346468684561204	-3.319808553265157

drug_98.txt	-1.60762205973337	-0.19083678454554148	-0.09915226391338053	-0.15982614695880476	-0.20900627697642862	-0.12094603914071098	15.698838758804493	-1.3426055650014228

drug_99.txt	-1.73769799845686	-0.30679507419142654	-0.014728425205519202	-0.030831108111528893	-0.15207347984678454	-0.12708938414170284	14.246906529602132	-1.4292781123365983

