	SScmap	SSfisher	SSlincs	SSlincs_Norm	SSpearson_corr	SSspearman_corr	SSzhang	SSzhang_Norm
drug_1.txt	0.166949575636545	-2.5631208415365054	-0.5046015093364605	-0.9354688500899222	-0.13437034587552582	0.03868058167035106	-379.2677304964539	-1.6629481173068006

drug_10.txt	0.321367948077883	-2.6432544113429364	-0.5755671959288813	-0.9288710275293808	-0.1593110861854266	0.029082709387423893	-183.3244680851064	2.1749295997703135

drug_100.txt	1.34177195744844	-3.103020689452564	-0.675584938926859	-1.0672408484374758	-0.5702084316111837	-0.05944258163954891	-199.13563829787233	2.1473644629461823

drug_101.txt	1.14971005030915	-2.842995165576598	-0.0002537884347265651	-0.11480944828797773	-0.49603996563929553	-0.06811611008889944	-221.79698581560282	0.6326068462833773

drug_102.txt	1.19818733438304	-2.9689911704799856	-0.06782314667549694	-0.23907239038023687	-0.5598591477180717	-0.038741760407099	-68.86790780141844	2.8695140482371544

drug_103.txt	1.13972502784285	-3.1037103289198975	-0.4728120694577408	-0.7163464344758863	-0.49109308385533346	0.058748699363600866	-151.22783687943263	1.8864044070407344

drug_104.txt	1.26044394946042	-3.117089203846408	-0.5209166090464015	-0.8520434633366238	-0.5616873674835853	-0.033306349245506	-63.216312056737586	4.0699582720088765

drug_105.txt	-0.00965090825300507	3.1312231674331206	-0.5712488523621326	-0.8843491930217114	-0.4965953001107808	-0.025095408980120845	-155.18617021276594	1.3704819362839424

drug_106.txt	1.07412343023926	-2.9825584123514	0.002363429572970005	-0.12130125181249063	-0.5894621171067036	-0.25696773619275814	-22.76063829787234	6.517181182050988

drug_107.txt	0.0509120933983639	-2.929008003978569	-0.49919331811698453	-0.8280026947856103	-0.5114830448234353	-0.21013068256626533	-207.31737588652481	0.9423623992069154

drug_108.txt	0.0551557279465417	-2.8409059344571213	-0.5364562463142306	-0.893687117351935	-0.5814073098044159	-0.27651208696529467	-241.3040780141844	0.10768060838898717

drug_109.txt	0.0946964169130919	-2.926088331275902	-0.5103598990656077	-0.7845136648691782	-0.5902804761404337	-0.27466173422943324	-218.93528368794327	0.77110872605758

drug_11.txt	-1.22727063251277	-2.600019213950587	-0.6937334754208863	-1.1638551382961575	-0.31078075431783175	-0.05845451131349016	-251.93528368794327	0.9319620720478241

drug_110.txt	0.0885517877030607	2.932532562810365	-0.004156487512391532	-0.11235185743641263	-0.5116187954026222	-0.3769591274368796	-89.26418439716312	3.337209264617565

drug_111.txt	-1.23840393256269	-2.928446285831618	-0.4594061039378219	-0.787060073777369	-0.5209995389780562	-0.4644034662961251	-125.39450354609929	1.3222669534960922

drug_112.txt	1.08420830293022	2.723101369074634	0.05393669689450739	-0.04300157493630108	-0.519246509632369	-0.38401482144536375	-70.1604609929078	2.62147596996992

drug_113.txt	-0.168912016590499	-2.831095400717728	-0.5056526427330239	-0.8488796220487899	-0.5093472197225881	-0.3594933930880092	-198.72251773049646	1.1077529898791314

drug_114.txt	-1.30280732747033	-2.9165018035752883	-0.5975912672908326	-1.045101253120689	-0.5149362189956205	-0.40656990884953426	-177.49468085106383	1.1880858286463518

drug_115.txt	-0.0692614923768194	-2.829437041663328	0.032548250607029094	-0.11050421471281607	-0.5041278290287929	-0.3209762438285796	-177.06117021276594	1.8303690889967361

drug_116.txt	1.09084834287031	-2.8501248316306906	0.03478578441053984	-0.09540799739179545	-0.5073601522508647	-0.3490833527476228	-117.20390070921985	2.2330679773253754

drug_117.txt	1.17632013518184	-2.9938136349153592	0.0749512937833462	0.002001234431342813	-0.4989144534559231	-0.3035105094797092	-74.68617021276596	2.2556089137503985

drug_118.txt	0.0809631706286723	2.9696403649395196	-0.5213262037011048	-0.8338397533377603	-0.4896223464881395	-0.28523510532658647	-78.9122340425532	2.2031569640220185

drug_119.txt	1.33103805829717	2.79883528660943	0.10796972877446956	0.024292811839565	-0.45612099259321115	-0.16413163603342504	-55.85017730496454	2.6837179592921134

drug_12.txt	1.21655977572103	2.934575411557212	-0.45880123757640545	-0.7165241849349597	-0.4196767200229962	-0.2250874505869606	-76.82890070921985	1.4972262329150023

drug_120.txt	0.0811129459656669	-2.922300951264	0.005796314787309548	-0.15317522315411108	-0.4920350555387822	-0.286854444935091	-21.993794326241133	7.452921048125783

drug_121.txt	0.123798917009102	-2.992321001239742	-0.05022050108739909	-0.22992917554111658	-0.48051371889148653	-0.18853739727588642	-39.8040780141844	3.0204187134646343

drug_122.txt	-0.133964437958447	-2.922296129497407	-0.503522337676188	-0.8789399417016291	-0.5004786309391306	-0.309756533683941	-187.04432624113474	0.9842591003528465

drug_123.txt	-0.00715465263642989	2.9169554393008377	-0.5457339896065643	-0.8849472419963245	-0.47011443100989253	-0.17743335424614098	-134.75709219858157	1.0394781876319528

drug_124.txt	-0.164368831368332	-3.034120429957573	-0.5095261060530232	-0.9215913488381672	-0.47860726621783223	-0.2032271208673205	-196.62677304964538	1.0562151000233553

drug_125.txt	-0.207554053535082	-3.020212209266403	-0.11592307551045733	-0.3246096481431653	-0.47640647374666845	-0.22335319885873417	-155.70035460992906	2.265870128474256

drug_126.txt	-0.150090249241522	-3.027632799226443	-0.527147048641657	-0.9068585460684441	-0.4715364573829901	-0.20091377856945689	-196.19237588652481	1.3846119320472838

drug_127.txt	-0.152187103959445	-3.043877332288625	-0.4957103302967956	-0.8228440542357625	-0.46925058654703733	-0.21305882563324097	-214.9255319148936	2.5105960056910632

drug_128.txt	-0.155382311148662	-2.9484266826561907	-0.67124517293031	-1.0995677532355965	-0.4805665685292021	-0.15499393395686367	-230.57890070921985	0.3787405922025688

drug_129.txt	-0.150589500364837	-2.881051257029874	-0.661089927572955	-1.123696392745129	-0.48176888658343375	-0.30883119676479553	-105.59397163120568	2.2676388202245445

drug_13.txt	1.19858673528169	2.746400201555639	-0.47177783655468564	-0.7952058243818773	-0.441575826071668	-0.23931080348816597	-123.43617021276596	2.0737521960172858

drug_130.txt	-0.215691846845117	-3.013471420196383	-0.5256194915247621	-0.862092747530748	-0.4827948122306255	-0.21062981622048416	-113.32180851063829	1.8553063449503173

drug_131.txt	-0.218487653135681	-3.0110645610979496	-0.6642541099815127	-1.0794702101340539	-0.48270067081151785	-0.17407900791423872	-101.97960992907801	3.443521903779611

drug_132.txt	-0.135312415991398	2.886955254969906	-0.6180968096662254	-1.0199216947836667	-0.4614511560894722	-0.10872708799959095	-54.95390070921986	2.8706377971439676

drug_133.txt	-0.173704827374323	-3.0194087477394667	-0.4674652085957016	-0.7602722336706151	-0.4920988174667832	-0.2504193037437387	-84.09663120567376	3.4390739207761984

drug_134.txt	0.113514343868812	2.7864601936578053	0.033239526824797194	-0.05710712855820593	-0.48188822025592615	-0.21861084714811374	34.83599290780142	5.425101114070709

drug_135.txt	-0.275290909789162	-2.870620699801421	-0.5728778428126091	-0.9295727033352552	-0.5007825047786825	-0.2764444045947046	-129.68794326241135	4.683062102661139

drug_136.txt	-0.0523868044087714	-2.850294242076599	0.03915260623045591	-0.07263613430477117	-0.48687707578635386	-0.2526169789267092	-143.4459219858156	2.4848084111134097

drug_137.txt	0.0365797457659666	-2.921406058193684	0.052879010088092926	-0.07290858610187906	-0.48175309529962373	-0.29957782757334095	-98.77216312056737	2.4122822826483943

drug_138.txt	0.0704289719267253	2.784784270952975	0.03801574865318036	-0.047109431393217494	-0.5023219270247461	-0.42230063647500693	8.729609929078014	5.491675779831383

drug_139.txt	0.115611198586735	2.8018571557067493	0.021567816291680725	-0.10189395477045626	-0.48823345411716496	-0.27817941131810237	-12.84485815602837	3.673388764541838

drug_14.txt	-0.19281462421752	-2.582441031547169	-0.5774476740672905	-1.005146973757822	-0.4058652015190305	-0.09962128881616575	-303.20212765957444	-0.4779324537349821

drug_140.txt	0.0362801950919774	2.7720984357421687	0.10467027781437849	0.018663076954167246	-0.5004160549675448	-0.27563473479045236	5.941489361702128	3.545991274487099

drug_141.txt	-0.286086255232536	-2.9787292846972573	-0.5040797963508014	-0.875141659091458	-0.4992845420392439	-0.2870857791648773	-145.9964539007092	2.907552092223152

drug_142.txt	-1.16436499097508	-3.0541865109369346	-0.6171620554181563	-1.070055527155469	-0.4663919955414673	-0.13417385327609094	-229.10283687943263	-0.11052945893339237

drug_143.txt	-0.100449326010984	-2.8156484459130486	-0.0014271196651542972	-0.1746527341831105	-0.5016219399971503	-0.31877856864560916	-80.87588652482269	1.8065231243498832

drug_144.txt	-1.23115327009486	-2.894040392069418	-0.5649816524398249	-0.9726259966678517	-0.5020944246985368	-0.3575270521348251	-145.89982269503545	1.6022988084332475

drug_145.txt	-0.129309881331848	-3.069678097994108	-0.5875519097106932	-1.028040642618008	-0.45268899210881064	-0.03446880023816819	-176.06737588652481	0.432193774631561

drug_146.txt	0.0895157264103844	-2.9639608722317554	-0.5195526678367327	-0.8750877895500906	-0.4943694340537804	-0.2961078141265455	-204.25975177304966	0.8239086342164988

drug_147.txt	-0.154022811935942	-3.089096785413471	-0.591156018956922	-1.0450590635643842	-0.47508491012179344	-0.20288011952264096	-327.98758865248226	-1.2134867292910672

drug_148.txt	-1.33449825262107	-3.0826010389490817	-0.5783834803938999	-0.983018070297683	-0.46533653562190636	-0.1517552547398546	-264.3590425531915	0.11855687793793529

drug_149.txt	-1.33125312031952	-2.8390447919865833	-0.5733276658785107	-0.9927081867137284	-0.4825338315235336	-0.18263837441633413	-254.54875886524823	0.5650551163215266

drug_15.txt	-0.216628902799647	-2.7236962439528725	-0.5505955213108571	-0.9262732126142692	-0.3606279427866509	-0.09453326013605975	-314.47783687943263	-0.7728313263261974

drug_150.txt	-0.191017320173586	-2.870856874441419	-0.6075062472628745	-1.11279416504179	-0.44786585153542446	-0.07217627969334547	-183.27659574468086	0.7789654269693256

drug_151.txt	-0.031057260263451	-2.9901902582818867	-0.561209277909948	-0.9874367191018177	-0.4663513258500963	-0.01492105782122046	-102.46099290780141	2.450699505783484

drug_152.txt	1.253903759745	2.530260769223478	0.4220654774702592	0.798435648153471	-0.48872705817195383	-0.30432017928396143	44.212765957446805	4.156931912985437

drug_153.txt	-1.20220822612236	-3.08500141574587	-0.601220638572659	-0.97926339757676	-0.4683775421261289	-0.18020936500357734	-195.54343971631207	0.5919893121455863

drug_154.txt	1.03817734936057	2.8251637414975996	0.09037055931044058	-0.04925902235889995	-0.5092198080067332	-0.3438783325774296	-26.231382978723403	3.505775556661295

drug_155.txt	-0.207991858366297	-2.890384906317915	-0.6348642913904343	-1.1422872096703836	-0.4564986566949381	-0.12434214851017049	-220.69858156028369	-0.03227283345003028

drug_156.txt	-0.0593724797419256	-2.8989125051505593	-0.5827169659119283	-1.0478437443241082	-0.5257571589560134	-0.3775374630113456	-89.05053191489361	1.7652002841506262

drug_157.txt	-0.125765198356312	-2.9811185530698734	-0.5826260154042217	-0.9451993191921999	-0.44910015895705946	-0.0669712595231523	-210.1409574468085	-0.03532319911042948

drug_158.txt	-0.224966396559008	-2.9085228599532904	-0.624367232504913	-1.0690052113368211	-0.45774693796400556	-0.11161876587192048	-241.17021276595744	-0.5642726003696318

drug_159.txt	-1.37598602096855	-3.0835643593175246	-0.5906332953934086	-1.0334687309372022	-0.4539851727704429	-0.06095656954870683	-253.5159574468085	-0.8664169307708994

drug_16.txt	-0.183079227312877	-2.6784192781392413	-0.5447889607195779	-0.9083340530059544	-0.39957897437620293	-0.1232112399693843	-301.76152482269504	-1.3189707251206857

drug_160.txt	-1.10818771842237	-2.896314028037846	-0.5693156850984895	-0.9976269171758867	-0.4541190389181742	-0.06407958165082274	-215.08599290780143	0.27376681529517594

drug_161.txt	-1.07444986366604	-2.8753623018067436	-0.6457935155144444	-1.1016278646228497	-0.4784434050908125	-0.16667631256107504	-255.395390070922	0.09633535889176346

drug_162.txt	-1.30580283421022	-2.8942206961806827	-0.6632112912022954	-1.1391776809765255	-0.46874741847181745	-0.1777803555908205	-190.25	0.8315426252907767

drug_163.txt	-0.285725258266446	-3.0895815859089932	-0.5891268328260055	-1.00630880939068	-0.46286212797366405	-0.13868487075692504	-230.90070921985816	-0.4599094950893078

drug_164.txt	-0.279135143438688	-2.9915038244422973	-0.5938729599218128	-1.0524956775779508	-0.45659751738618265	-0.17095599581212276	-255.1595744680851	0.06758605426731501

drug_165.txt	-0.202899496908484	-3.0599652874861243	-0.5141044076207548	-0.996565573450743	-0.46762033246702417	-0.13787520095267275	-212.23670212765958	0.9534741167312126

drug_166.txt	-0.174941434002842	-3.0930507973346635	-0.6240759474624002	-1.1046697562471142	-0.44870823612849403	-0.05956856416998865	-236.92109929078015	-0.16397146253694622

drug_167.txt	-1.05212181727409	-2.9776656017795378	-0.5784673911532825	-0.9878830110796546	-0.4726603732049362	-0.14065121171010914	-257.83067375886526	0.22451674791062515

drug_168.txt	1.31586082414839	-2.987827040133729	0.09749390201973834	-0.04377314922048442	-0.48762601395566274	-0.2744780636415205	-50.50443262411348	2.0507422513782427

drug_169.txt	-1.11424017819425	-3.0767049588284263	-0.6057433076313705	-1.0118979204287448	-0.4794938156074172	-0.1689896548589387	-294.20390070921985	-2.270620447260301

drug_17.txt	-1.42312684818925	-2.558145126077957	-0.5452436301251559	-1.0118147554221009	-0.31060194220888226	-0.05348211964884115	-374.0762411347518	-1.1473367248192101

drug_170.txt	1.20173201735858	-2.8329741904807326	-0.5477065007507821	-0.8736305083253466	-0.46700334218478046	-0.14493089496115688	-252.6613475177305	0.30387435020488857

drug_171.txt	0.192273128768386	2.6004706267890336	-0.21193056621184542	-0.05240341570693485	0.05705694537850712	0.14616518753758964	-216.54964539007094	0.16554190511456685

drug_172.txt	0.169956603556204	3.040069089607702	-0.2786623044907082	-0.047244948112707186	0.07432423632888414	0.14095744680851063	-243.26861702127658	0.2517267018500538

drug_173.txt	0.242835746380429	2.6582070458849727	-0.19158384758287594	-0.1262160062984241	0.2897279746323427	0.23499479745440346	-214.13563829787233	0.8019028576103258

drug_174.txt	0.173401436307078	-2.878443587728649	-0.2155947471612665	-0.08825893896552683	-0.005248448399364128	0.10106675150937766	-212.04609929078015	-0.3333146722414208

drug_175.txt	1.3620185106955	2.587984180732759	-0.10659249059308329	0.0721288961573493	-0.19703283026772322	-0.009135060129509714	-108.69148936170212	0.90608191029737

drug_176.txt	0.336007527170782	3.251954168218256	-0.1339765688956987	0.10325333435211642	0.0648296966006742	0.19380203515263647	-168.65514184397162	0.2138489452823985

drug_177.txt	1.52357617420024	2.646767329162728	0.4383657718740397	0.862922541662458	-0.1164656782907637	0.005203515263644773	99.4831560283688	9.410029717292982

drug_178.txt	0.417074388417374	2.902441205227765	-0.08437679275294283	0.07308779681872984	0.10370111290265721	0.14402590275163601	-150.3918439716312	0.9989319673914911

drug_179.txt	0.139851760820308	-2.944236279180132	-0.24447955844444275	-0.1382974338157531	-0.0023834571498860813	0.120262496075232	-238.57801418439718	-0.1682893076959926

drug_18.txt	0.188402012366066	2.7606290401953544	-0.5210374807565041	-0.8373162591350757	-0.4928913702142908	-0.2760833744034773	-154.79343971631207	2.4691855102894804

drug_180.txt	0.27744537040593	3.296661896955518	-0.246784182680595	-0.267699969314097	0.041735596767540774	0.07169287696577244	-185.36702127659575	0.9812909131868495

drug_181.txt	0.244394946042475	2.978480566051418	-0.17267521033622246	-0.11019049027546118	-0.06600553640362125	-0.0105229684065828	-221.27748226950354	0.36264077242139064

drug_182.txt	0.355416874687968	-2.942450352230074	-0.21598469316957303	-0.07384125538067887	0.31478534758416066	0.14842010933900024	-172.2712765957447	2.0953439250276507

drug_183.txt	0.206801336456853	-2.868087503441939	-0.20177724749067144	-0.021120063575192027	0.0379021475851008	0.0816397329126094	-226.79698581560282	0.5466472274060439

drug_184.txt	0.427508736894658	2.7359759168458924	-0.13864074291264883	0.14143522894718608	0.2664074334329726	0.19845033092113992	-169.89716312056737	0.7335336563022845

drug_185.txt	0.263354967548677	2.867599403200338	-0.2124151516239252	-0.07070920571446337	0.31748394705527455	0.12008904055204656	-198.32535460992906	1.1426119844465945

drug_186.txt	1.45772495103499	2.8867181759564424	-0.12984101638796341	0.0875822659407014	-0.13961853077522998	0.06695189639222943	-124.70567375886525	2.241796823830546

drug_187.txt	0.325212181727409	2.9800852122133614	-0.2333493590602817	-0.21972077721742728	0.244323840977316	0.17668825161887144	-243.99734042553192	0.6702443956340656

drug_188.txt	1.68871692461308	2.6158724135105755	0.4805632404367464	1.044482341864414	0.12391158021484788	-0.056082331174838115	94.38741134751773	5.784622960524362

drug_189.txt	0.275486769845232	2.893162660295865	-0.16407458703465824	-0.04565584207267559	0.14028849062075388	0.09777109656885447	-237.91666666666666	0.5795432043885045

drug_19.txt	-0.228311379085218	-2.5589338692168564	-0.6018335379821496	-1.1000120359462349	-0.265943427510348	-0.0641207250708809	-364.57092198581563	-1.3339274754175707

drug_190.txt	1.63031606436499	2.4508252375523165	0.4909150970641214	1.1556343389250436	-0.15897102297853616	-0.17299297512360295	63.726950354609926	5.235093408803791

drug_191.txt	0.991547294442951	2.5971262516761304	-0.11003505519925005	0.11605832792894216	-0.4342419540178809	-0.39165124884366326	9.320921985815604	5.171659302171466

drug_192.txt	1.6491263105342	2.511657708877801	0.43754592076114	0.9960153330750255	0.07941243568678463	-0.08840449831684122	46.36790780141844	4.937207621022295

drug_193.txt	0.00823764353469791	-3.1468629609064394	0.030534642625341363	-0.03433881497265423	-0.44370491361075387	-0.22941720629047183	-138.49468085106383	2.2930539223140665

drug_194.txt	1.64154921463958	2.6000669171000887	0.37849988934064444	0.7707389383071729	-0.04360323401714268	-0.11563701545695385	46.90691489361702	3.324023607484883

drug_195.txt	0.136057452283114	-2.774845077305072	-0.24114995352389512	-0.07177209453983024	-0.0516111934110883	0.05145847187834445	-238.53102836879432	0.7913807419625187

drug_196.txt	1.68172740888667	2.9694573901918027	0.030015994147682884	0.4851643293605926	0.275705447735107	-0.039027492716721915	-46.01152482269504	3.199917610903378

drug_197.txt	0.181639079841776	-2.9839769725714493	-0.5919291263833759	-0.9296409397876013	-0.22313662261734912	-0.026711378353376503	-244.03102836879432	0.8340779101100824

drug_198.txt	0.187979569107877	-2.9356434721563063	-0.4618056250812871	-0.710907456824909	0.06851708463933752	0.04821924144310824	-210.47695035460993	0.5536059900783289

drug_199.txt	0.286182265063943	-2.8479716797002412	-0.11485156149418907	0.17747627512442116	-0.048018624886986376	-0.20109276987964272	-267.04698581560285	0.21879929431299355

drug_2.txt	0.21662506240639	-2.455049980124581	-0.5349952616156745	-1.0070201599714506	0.09844838275186876	0.09973692583162268	-344.6950354609929	-0.7677981460728152

drug_20.txt	-0.192964399554514	-2.5976550555355793	-0.555867004310608	-1.0021795693175926	-0.23030119533240184	-0.040877684964033184	-341.4264184397163	-1.4974857607989651

drug_200.txt	0.32297707285226	3.176369205294215	-0.42938134697974895	-0.6184995429172796	-0.09418897185238649	0.20178075855689176	-171.11613475177305	1.3515738320479858

drug_201.txt	1.49566803640693	2.607932234305479	0.4503935701740395	0.8842324043326399	-0.2358480452112918	-0.11448395509163002	-12.395390070921986	3.2325853083842846

drug_202.txt	0.361718960021506	2.727643256729319	-0.43824801841559813	-0.7121634712308832	-0.2545951552434348	-0.1855974098084109	-88.50975177304964	2.5931573065643283

drug_203.txt	1.48433503590768	2.7118593165446545	0.15672840527365686	0.16412353972772004	-0.24825453783153	-0.11933739995157636	-26.3572695035461	3.0323722611464214

drug_204.txt	0.397565190675525	2.6577462956741083	-0.36764183404125994	-0.6176969994037795	-0.23366884468220755	-0.12165014026071544	-123.90957446808511	2.5643527550448866

drug_205.txt	0.10083336533661	2.5553656629857	-0.39359922406264136	-0.6387249291596107	-0.44763623551726794	-0.20722153169886132	-80.02748226950355	3.104260043849523

drug_206.txt	0.0629901301893313	2.8435148741913023	-0.44159221477751454	-0.7362176337943453	-0.4470707543044401	-0.24145008827411962	-233.10195035460993	0.09448266567586884

drug_207.txt	1.51943238987672	2.6721155981033213	0.36688786461907236	0.6934156533860065	-0.2598015253693359	-0.14038333676474196	-51.64982269503546	3.765804257327664

drug_208.txt	0.244544721379469	2.8357569755132013	-0.033813666366063866	0.27500556053253983	-0.21135020903022717	0.06047990758881062	-118.94060283687944	1.633784510019982

drug_209.txt	1.37487230692423	2.5606686577095976	0.4124041597702681	0.7669883208596917	-0.4565605442791333	-0.24931340532519247	-29.88563829787234	4.505699501620455

drug_21.txt	-0.212485118476132	-2.6007652962511454	-0.5765992656636088	-1.069531087289206	-0.30449713652131716	-0.05348211964884115	-345.8253546099291	-1.1277612005439257

drug_210.txt	1.45178386266754	2.8972856648049006	0.061998458436926335	-0.005092507119977441	-0.22971867611740293	-0.08672776159271539	-105.73404255319149	1.8499169250051075

drug_211.txt	1.53495909981182	2.6207323548386805	0.3563964085943321	0.8435033649958357	-0.26312090866518173	-0.13564221913100685	-66.87588652482269	3.4732666075802094

drug_212.txt	1.33613041975498	2.8955317512248375	0.38206528161064796	0.6172674313132946	-0.44210254725455933	-0.2525512417579872	-86.55673758865248	7.176184553032861

drug_213.txt	1.22449786858174	3.0917374657458145	-0.44071320403116737	-0.7105109676688248	-0.5001835313461052	-0.19854875553958973	-176.14361702127658	1.613439076583108

drug_214.txt	0.145915741771957	2.8117083586958715	-0.44696383295268216	-0.7342687731072828	-0.41394980111036456	-0.18178138829833143	-180.5	1.2382844268535016

drug_215.txt	1.50914781673643	2.7658720765002633	0.38600598035219813	0.8037714596663201	-0.2689402604801286	-0.13656731525466248	-54.941489361702125	6.759580066469809

drug_216.txt	0.34389569491916	2.5683536930956716	-0.1145749837363689	0.020062279444501396	-0.23341790011497898	-0.07354726811947142	-67.56471631205673	3.6440449797414503

drug_217.txt	0.030788432735512	2.976376655261239	-0.4691296958248989	-0.7725617924492014	-0.46872342836208014	-0.07435460093882132	-193.93882978723406	1.0753883564832314

drug_218.txt	0.388678520680518	2.962992424715173	0.06905414437652854	0.04295850959131797	-0.25781043136042403	-0.16212309567064928	-104.33067375886525	2.5043960390339888

drug_219.txt	1.55887322861861	3.049644371565313	0.18953616729576347	0.17270166584471355	-0.22882488572632764	0.008672776159271537	-59.46808510638298	2.951620686460896

drug_22.txt	-0.303099197357809	-2.58977248022177	-0.5002721389329012	-0.8934844184399389	-0.25374490984663156	-0.14425717678254993	-281.9663120567376	0.33779586554936053

drug_220.txt	-0.266915012097239	-3.1035832761117557	-0.37587132279616575	-0.5752135140345604	-0.5330663419536208	-0.2772975630657753	-176.89804964539007	2.346042612185767

drug_221.txt	-0.39081761972426	-3.140392943114648	-0.61217547797164	-0.941627108983917	-0.4914401497729346	-0.2964933076316296	-158.8918439716312	1.1032178607497836

drug_222.txt	1.40096009831407	2.9168920375135237	-0.0730791748061208	-0.013249773713668755	-0.2522531575208557	-0.16259034430185032	-75.68794326241135	3.8029290749939517

drug_223.txt	0.390775375398441	2.94547827511502	0.13603350141774806	0.09050294906102102	-0.26159384914601314	-0.16096672551607974	-146.57712765957447	2.115695652381197

drug_224.txt	0.242647567110872	2.9268931343666913	-0.5064851435855402	-0.7994952636584652	-0.26368146016439986	-0.2407562661813779	-252.79964539007094	0.19605782964062168

drug_225.txt	-1.09947386612389	2.8590075542275786	-0.45546541145162767	-0.7409911676494421	-0.45188607033971673	-0.2535919748970998	-100.64804964539007	2.0607973955429713

drug_226.txt	1.44619225008641	2.6905718492588084	-0.1390720685352756	-0.029419521420002037	-0.2709554259195777	-0.1867591792656389	-145.9450354609929	0.733076298057874

drug_227.txt	0.0839855601213564	-3.2885706032820456	0.007856277800216888	-0.10703272695347915	-0.5117263322558694	-0.2596050997008613	-84.00709219858156	2.880769145713043

drug_228.txt	0.0261722800414763	2.9159836750375385	-0.5994766756654621	-0.9382855582707403	-0.2784232771066102	-0.2838888729468217	-180.55585106382978	1.950084386820691

drug_229.txt	-1.09562963247437	-2.9765772904150194	-0.37718476450810867	-0.6024526061362802	-0.451202682840975	-0.3419386547062125	-146.74468085106383	3.3277765465982245

drug_23.txt	0.140289565651523	-2.4993823190047006	-0.5324490131847335	-0.9556541939994521	0.014917552122342248	0.03058599058836429	-365.7739361702128	-1.8143881681436043

drug_230.txt	-0.229094819309497	-3.286898754718753	-0.6054268414000693	-0.9873307982824975	-0.5291902593934324	-0.42300020254153714	-212.0505319148936	1.4446407564602803

drug_231.txt	1.52001997004493	2.777834146309534	-0.08116133255679128	0.19658650035644842	0.23785640255272805	0.02324371209436125	-86.76063829787235	4.252714287712028

drug_232.txt	0.185633088828296	-3.0642718976174677	-0.539897172911636	-0.8882974843933843	-0.040098679682740855	-0.15963689983832477	-144.69414893617022	4.131750423927837

drug_233.txt	1.55398056761012	-3.0888359787643407	0.20171793768724136	0.21490813775512774	-0.022937665968953448	-0.17270388258496058	-29.453014184397162	6.416817310893083

drug_234.txt	1.54369599446983	3.0187644124789945	0.191517785588138	0.22475387782197837	-0.0015929805103912092	-0.12008904055204656	-54.12056737588652	2.8028180979765094

drug_235.txt	0.240738891662506	3.0233177932438933	-0.49787151812938996	-0.8423650952752091	-0.10255556559273803	-0.19351854536721225	-78.16843971631205	2.1071060532797574

drug_236.txt	0.0969161642152156	2.9813785227486687	-0.5248921249589241	-0.7616309812929134	-0.05442281262655791	-0.2758521003725634	-239.32978723404256	1.1796847558497963

drug_237.txt	0.416475287069396	2.7837255690661458	-0.45131810329766997	-0.6901587503004873	0.18253469668033723	-0.027348154155569585	-59.16400709219858	3.908487480761788

drug_238.txt	1.50983524712931	2.6772191754678443	-0.11096442677566268	0.015961426229246456	0.2513557971952385	0.02162474707286345	-73.92198581560284	4.110690251653315

drug_239.txt	0.358662006989516	2.663165201387855	-0.14009414890664487	0.10106646164107502	0.27201823837315076	0.02370627352907491	-181.29964539007094	1.3626752809637497

drug_24.txt	-0.416916932293867	2.6383632999516884	-0.49754600067233035	-0.8790018446025164	-0.24522445193472164	-0.10482495451172864	-164.61879432624113	1.530712451046171

drug_240.txt	0.222927147739929	2.6614073322592438	-0.23458008033270525	-0.15511898523873507	0.03054952086278471	-0.09430198610514587	-122.90780141843972	4.496229122193663

drug_241.txt	0.0551288451937478	-3.0640939126681404	-0.3755093828264858	-0.5887639720456421	-0.14339325288244795	-0.15709288549827177	-264.2322695035461	-0.018373636972627352

drug_242.txt	0.216974538192711	2.8264323456314298	-0.06439554897786234	0.17696783577211372	0.26136816813276853	0.06325527619709255	-139.8209219858156	2.4287362656862315

drug_243.txt	1.65243288912785	-2.703516055406706	0.40414770719589804	0.8470811995833654	-0.10622382022207312	-0.2565407187912521	-65.14273049645391	2.7346876430758744

drug_244.txt	1.60654018971543	-2.6919433911103825	0.16604225845825082	0.1539067667938972	0.16160193507023898	0.03798675957760934	-193.78900709219857	0.719161562837644

drug_245.txt	1.70788816774838	-2.628689988086671	0.4838323494250907	1.095921057359045	0.021311151660453026	-0.06481454716362263	-129.62677304964538	2.0146671850832654

drug_246.txt	-0.0558662006989517	-2.4804284937769645	0.06986557783909073	-0.058363146501426766	-0.22384355743365544	-0.23341331569986135	-251.8413120567376	-0.041536224310630726

drug_247.txt	1.6473789316026	-2.683169446322678	0.2224473566783513	0.1974566683284574	0.11798811099658696	-0.0941863490896889	-200.57358156028369	0.4006107565693751

drug_248.txt	0.156764852720919	-2.7419788864008523	0.3865412684942138	0.7955583485909625	-0.2675556118322452	-0.3363302594565502	-42.4290780141844	2.6857734122603936

drug_249.txt	1.65428011828411	-2.868648436052081	0.22002613047284247	0.21351587310849118	-0.02297420337687064	-0.1898181608725897	-177.43705673758865	0.775477402184433

drug_25.txt	0.0913130304543185	-2.8684514327072845	-0.5583087779982928	-0.8804362610400258	0.04095217357444389	-0.00404764660969691	-278.1276595744681	0.36681830222083595

drug_250.txt	1.49856369292216	-2.790874167198668	0.26238584075532323	0.2514150576400515	-0.1913952197559048	-0.22566563566424538	-100.13741134751773	2.7420926669859957

drug_251.txt	-0.017973040439341	-2.6420254889325205	0.24872301143674866	0.21730853913510223	-0.24083571407341126	-0.27053279766154353	-129.80230496453902	2.0070928862107706

drug_252.txt	0.000299550673989013	-2.634111956694778	0.21143488890568882	0.146202847501326	-0.22701198939786957	-0.27562082634164947	-164.95921985815602	1.6220101885023146

drug_253.txt	1.73904143784324	-2.727018794307742	0.45389072984584156	0.8743621538977291	0.04102246583202315	-0.16750021688939765	-99.76950354609929	3.5918518654747373

drug_254.txt	1.74882675986021	2.6998144929869365	0.4910297266712387	1.0385907083560921	0.13073806451314973	-0.08938999725841416	2.654255319148936	3.219276396172288

drug_255.txt	1.67189216175736	-2.669832519084632	0.1346668770902875	0.08623321617774393	0.13760145521706516	-0.11164753842368894	-227.54609929078015	0.8376124272490956

drug_256.txt	1.63160259610584	-2.745176663701981	0.248976567776679	0.25692343300318804	0.07467487325696848	-0.025844872954629183	-224.86347517730496	0.16565618365674445

drug_257.txt	1.72935596605092	-2.6965871627440077	0.1943262460373904	0.1599705851937485	0.09547797026824234	-0.18519268025431157	-214.20478723404256	0.5144631783602058

drug_258.txt	1.68881677483774	-2.68730501724683	0.17844677167001255	0.15750656047986372	0.14629277573216112	-0.051747564416986844	-216.29078014184398	1.6494982739389494

drug_259.txt	1.50335650370598	-2.7570292561402376	0.15517161562298093	0.15113569416083567	-0.08909728988363279	-0.008036772574258291	-165.45301418439718	1.1987886282192441

drug_26.txt	0.0743884173739391	-2.7425435990217397	-0.5219541267975899	-0.8584778055104197	0.038076634675803245	0.011102116415168669	-291.781914893617	-0.49226009960275025

drug_260.txt	1.50096009831407	-3.0395250920560066	0.46398128594545884	0.935742493015457	-0.09261295808313773	-0.11367118619418563	-189.62322695035462	1.1397069325891516

drug_261.txt	1.52207842083029	3.1596589076205923	0.43089581207544514	0.72643514171992	0.008748116830598961	0.03746530989824237	-70.38209219858156	4.0056846359728135

drug_262.txt	1.2520066054764	2.692949031694292	0.4463704440924927	1.1256506988289914	-0.41671884148588695	-0.342622571692877	12.845744680851064	4.629556199454117

drug_263.txt	1.58691962056915	2.7922901717337316	0.47254624723170396	0.9942581169127792	0.22355859355022592	0.07424540352644046	-97.53457446808511	1.9509403726474364

drug_264.txt	1.59686623910288	2.6604631720982277	0.32771222254851584	0.7815503397749224	-0.10520471424608077	-0.14327426215116582	-46.53989361702128	2.9546130682225438

drug_265.txt	-0.21527708437344	-2.88491404984161	-0.42554861629695684	-0.7032877567506938	-0.3644354098528607	-0.28919981498612396	-278.24645390070924	-0.0722063871732832

drug_266.txt	0.195721801912516	2.8732855190742486	0.3783048244364522	0.6614223509383093	-0.3964556216903864	-0.3514107308048104	-103.32624113475177	3.0727711234563286

drug_267.txt	1.52661008487269	3.042658225027852	-0.12647333018499007	-0.07615676144901401	0.1046626670524042	-0.10106382978723405	-174.41843971631207	0.4237273715490405

drug_268.txt	-0.0993509735396905	-2.8660439925159316	-0.32720816123156815	-0.5589919919981899	-0.27629248032502407	-0.19796484736355227	-162.37056737588654	0.4135238297628806

drug_269.txt	1.51118322516226	2.7668721157221166	0.5133297842868346	0.867513676086352	0.24208191577038296	0.110789870059704	-113.08067375886525	1.7083451136138377

drug_27.txt	0.102895656515227	-3.0239801361866303	-0.5104169686727497	-0.8474210820553867	0.03188229769183848	0.014455880748917538	-288.13120567375887	-1.4338221139341394

drug_270.txt	1.56460309535696	2.812636831703334	0.49671487648603396	0.9623470011917266	0.2768405444530379	-0.03937440376309278	-193.4450354609929	0.40840142183718914

drug_271.txt	1.53974038941588	2.770404885709495	-0.10178505112596951	0.08210701756195415	0.2960298997356012	0.12378942504666908	-138.74822695035462	1.612541927571847

drug_272.txt	1.61342985521717	2.9487127860282234	0.39924799014069967	0.725136663104188	0.1671164033202552	0.0393154486586494	-79.82624113475177	1.9375963631273387

drug_273.txt	0.190614078881677	2.72730149268273	-0.20467807665597174	-0.07481251975539488	0.21527373278706963	-0.11049116826911938	-127.70212765957447	3.727903988245139

drug_274.txt	0.085233687929644	2.882691153353856	-0.23040776472823746	-0.2573988850666927	-0.10305597682374291	-0.22814523589269195	-203.00177304964538	0.8963757546870211

drug_275.txt	-0.185387303659895	2.6173322533072017	-0.24106652682058732	-0.17050296180067698	-0.25936913729989847	-0.24514338575393158	-115.19946808510639	1.6264635398265872

drug_276.txt	-0.265052421367948	2.7941800479168957	-0.2766546501962943	-0.2661945414024123	-0.3341448232715849	-0.31822386679000925	-99.81560283687944	3.0472116478074978

drug_277.txt	0.231314566611621	2.701144255336441	-0.17064690414335756	-0.04494840775707015	-0.04624118744940503	-0.1347132284921369	-80.54698581560284	2.331341915125635

drug_278.txt	0.150036483735935	2.4611166493521175	-0.1562364320706645	0.11712330133958837	-0.21619344506918042	-0.1885985198889917	-106.63120567375887	2.42691375819342

drug_279.txt	0.0745497138907024	-2.9034855437185865	-0.3219034954920435	-0.31545778242999034	-0.10213781794720964	-0.19114246068455135	-151.00886524822695	2.333579908553818

drug_28.txt	0.0955566650024963	-2.806536432929307	-0.5117292845983299	-0.8763228524931145	0.046035647305701394	0.0226668210143027	-294.415780141844	-0.39014771970588863

drug_280.txt	0.124774376896194	2.7786297689470696	-0.24443187916357148	-0.21311158552028325	-0.11292436915822432	-0.22028214616096206	-110.60460992907801	1.8444792636656315

drug_281.txt	-0.214543569261492	2.5992706672008667	-0.19354024420630922	-0.09717810205243793	-0.26385953079550717	-0.18767345050878817	-180.75620567375887	0.5707899603759803

drug_282.txt	0.20763854218672	2.77088550851233	-0.24488661639429374	-0.011810599541577815	0.24448396236276668	-0.07857535200300013	-142.01329787234042	1.835897001581238

drug_283.txt	-0.290928991128692	-2.8967483889588443	-0.47069608702441107	-0.7502985686376634	-0.4828129815203011	-0.3163737280296023	-188.24202127659575	1.6808280108708782

drug_284.txt	0.296954568147778	2.674744658471336	-0.20297525170036623	-0.05163789293409321	0.0620082602510324	-0.14153561517113786	-95.66932624113475	2.883505079226581

drug_285.txt	1.59092515073544	2.5450707840424136	0.5445498263930418	1.2360692148476558	-0.1682911003066187	-0.17079093432007403	37.59574468085106	4.358334631884596

drug_286.txt	1.6681477783325	2.69284040864833	0.5214257406358845	1.2550139006410725	0.08642428259443567	-0.0947149306669077	38.498226950354606	4.538548825560573

drug_287.txt	1.46301701294213	2.8001680572984706	0.4338535260359033	0.8131919608328064	0.0012868565364068055	0.013182619762092737	-144.79255319148936	1.52116678300445

drug_288.txt	-0.0801298052920619	-2.7442994411223913	0.12960385080882497	0.06012122377895246	-0.4878901148170284	-0.16339037927844588	-278.17907801418437	-0.13801875969414498

drug_289.txt	0.392760858711932	2.458646561204652	0.38412824000943163	0.9460971138192886	0.21299929891441385	0.08505102486858955	137.13031914893617	5.300902623459859

drug_29.txt	0.0511732401397903	-3.001519538295152	-0.5871981542663851	-1.0022201317931212	-0.12659185344523144	-0.016421880530770323	-253.61524822695034	0.41212986535490426

drug_290.txt	1.57244133799301	2.9655432777354225	0.47655470214351925	1.0109764211663368	0.12078544395527568	-0.024919776830973555	-58.00620567375886	3.9300412957293682

drug_291.txt	1.51818426206844	2.9650082554444257	0.5108101371603929	0.9511546305073386	0.0027050010606003653	0.024399410261417256	-49.77482269503546	3.4017920461929028

drug_292.txt	0.298014516686509	2.9769510650511264	0.4913912441922215	0.8565364081384794	-0.028500653891240964	0.08684339860817232	-154.50620567375887	1.8600090041247452

drug_293.txt	1.28297553669496	3.2454264809018687	0.46471974824684437	0.864780639196385	-0.18976322825462108	-0.0830249768732655	-112.27216312056737	4.846814040102246

drug_294.txt	1.61108337493759	2.5944810942738816	0.4360384602948436	0.8535039935590356	0.04632057101960155	-0.14824236817761333	26.27659574468085	5.632803230236332

drug_295.txt	1.64653020469296	3.0698763762111065	0.5218448126828721	1.0086005320962013	0.12307524519459903	-0.011274609007052998	-85.2313829787234	4.354500262970843

drug_296.txt	0.0139137447674642	3.292235580739079	0.10746207179963008	0.0431387617852898	-0.18137810607424237	0.10915818686401481	-128.72517730496455	1.7462550027279544

drug_297.txt	1.58397403894159	2.9842525244232805	0.42743687275969966	0.8941737625674422	0.18426756572122202	0.050531914893617025	-110.03900709219859	2.6341280080477265

drug_298.txt	1.54588117823265	2.731280073733201	0.5414529520864588	0.8776248707394582	0.26691251253176906	0.17358621603300178	-120.09397163120568	1.7557367839614249

drug_299.txt	1.64792810783824	2.562625468010912	0.5408282732159431	1.1218402358435442	0.2027124416768295	-0.040183862871291456	-51.445035460992905	2.736915058339699

drug_3.txt	0.161008487269096	-2.524115462408066	-0.4999661843573755	-0.9214659580781301	-0.0054249981633041205	0.07845971498754317	-338.42907801418437	-1.48415258025171

drug_30.txt	-0.0959061407888168	-3.125760128313878	-0.5442012708367766	-0.9264588104225102	-0.25773063687876313	-0.12362669216474279	-142.36879432624113	1.8446994002191983

drug_300.txt	1.62187872038097	2.5724615344663064	0.5211540444325498	1.2095204712448848	-0.0792402168273849	-0.11436170212765959	26.79432624113475	7.166656557130599

drug_301.txt	1.56525212181727	3.011562680167421	0.41937653887156284	0.9160874334432543	0.2970224257591149	0.011158971991596043	-93.04521276595744	2.812664146481947

drug_302.txt	0.127309036445332	2.9130514252093835	-0.1458401353901056	-0.030675078625566343	-0.16948690101123512	0.012257169287696578	-84.2854609929078	1.6306316379636858

drug_303.txt	1.47593609585622	2.9310824849486043	0.4636961258560012	0.8340811136948147	0.31831009606726246	0.2213870660923381	-23.929078014184398	3.612286248591585

drug_304.txt	1.59681631399055	2.779938966983019	0.5365684156775385	0.9658404883235769	-0.03262571399643539	-0.09459107864378824	-31.59485815602837	3.7643779112143334

drug_305.txt	1.68087868197703	2.5136230664868133	0.5255086759080096	1.156678699242859	-0.03300605670904955	-0.12638760407030528	-8.257978723404255	3.79374029265748

drug_306.txt	1.58508391259265	2.6411369571179613	0.5393707166398907	1.2029147835937741	-0.020483697682418762	-0.05932178892941732	-9.279255319148936	2.469360689000736

drug_307.txt	1.65771342985522	2.4518427012946984	0.4985017736708336	0.8688273109619808	0.21098600287974792	0.027001243109198724	16.300531914893618	3.461728888368832

drug_308.txt	1.41583778178886	-3.305535088327604	0.37655547834736036	0.6212692020460857	0.04319884236819474	0.00011563367252543941	-123.58333333333333	1.8439943556863405

drug_309.txt	1.6564153769346	2.9763124294582224	0.45418408989050785	0.8388484245911836	0.2938241049421729	0.0202942962126954	-67.6622340425532	5.7922943685050186

drug_31.txt	0.0884173739390913	-2.9385314195423216	-0.5507107722837841	-0.8523180459563309	0.04436000850085631	0.03284376106154065	-298.34663120567376	-0.20672754366901827

drug_310.txt	1.29805292061907	3.3602594040544083	0.4311567553854939	0.7859455136753917	-0.16273811505185773	0.02960222016651249	-135.00886524822695	1.8364843899299075

drug_311.txt	1.53230154767848	2.9032728512851493	0.48821561687986487	0.9429715897646959	0.3155943967715345	0.09811800761522532	-51.63563829787234	4.056764522757416

drug_312.txt	0.311482775836246	2.628870546361926	0.48792111073228006	0.9656789707388458	0.23946067183331432	0.03804787813115096	-72.56294326241135	3.374700344226558

drug_313.txt	0.418472291562656	2.9812918703908533	-0.07321115362094746	0.039675259086564885	0.171243972878271	0.03376503237742831	-58.1781914893617	4.038867938465887

drug_314.txt	1.63200199700449	2.7923111227817374	0.4815699419938636	0.9152691558806068	0.12362837920770148	-0.06059204440333025	-38.447695035460995	3.1804390913740934

drug_315.txt	0.422216674987519	2.7834425214882508	-0.03198661817507603	0.3084738208080886	0.12678691369019396	-0.026538695047370903	-125.3209219858156	4.049854081604455

drug_316.txt	1.31391374476746	2.54098523724019	0.47881794396755595	1.16562457986356	-0.24799269572530605	-0.24213691026827014	6.402482269503546	3.822179280313253

drug_317.txt	1.28890126348938	2.596251197917311	0.5091133409657342	1.0275422623575625	-0.2751260212346396	-0.21137835337650326	-16.68262411347518	4.494932479308987

drug_318.txt	1.53000499251123	3.073186066872846	0.4686658703543228	0.8606822671923336	0.08875797840204405	-0.11234136051643066	-43.437943262411345	4.79216705885052

drug_319.txt	0.326859710434349	2.941811811379166	-0.10888728008384682	0.11731484591133473	0.3106750329791035	0.059032696390774936	-159.7464539007092	1.818924335592502

drug_32.txt	0.0770344483275087	-2.968358274493682	-0.6028186868532746	-0.9752300591046148	-0.16806390543249822	0.031224702417661877	-314.6489361702128	-0.5590523273815363

drug_320.txt	1.65931103344983	-2.9743090669800125	-0.3344072129113844	-0.5643987990801151	-0.0322954263765019	-0.30981843621080063	-186.93262411347519	1.2535748303662941

drug_321.txt	0.122066899650524	-2.7411991541369285	-0.6225273882642253	-1.0622599534895245	-0.26626883745280006	-0.14733433659296755	-306.84397163120565	-0.3126625968327572

drug_322.txt	0.22426360459311	2.903644710832352	-0.5275632389791551	-0.8455673490605398	-0.00565733195605414	-0.06441540461717654	-205.75620567375887	0.38368145796590636

drug_323.txt	0.176385421867199	-3.106791666587264	-0.6288487782651409	-1.0412651317402855	-0.20184124523061847	-0.11819128100314977	-187.32624113475177	0.9278659595090569

drug_324.txt	0.267698452321518	-3.111790992492142	-0.6171325432493888	-1.0240058400650425	-0.1827250453649052	-0.09483057771289904	-245.3590425531915	0.36099098775772753

drug_325.txt	0.204443334997504	-2.9536080565616745	-0.5465642619538635	-0.9120818575841232	0.017877855633439826	-0.0012721175059047434	-245.0195035460993	0.9144401507552693

drug_326.txt	-0.0740927070932064	-3.0071277846051974	-0.6220731394409831	-1.071029142640544	-0.3024785731322201	-0.2063143300485511	-281.32978723404256	-0.5658906448147311

drug_327.txt	0.372191712431353	3.059875457105983	-0.5667735423538381	-0.9295361259867074	-0.0015042584853492413	-0.16144327620391105	-207.9494680851064	0.851526567898863

drug_328.txt	0.115361573025078	-2.961990215752439	-0.6087076183655538	-1.0139881176247463	-0.39927504821091764	-0.3668324298845314	-146.93528368794327	1.5795847363231996

drug_329.txt	-0.29087906601636	-3.019251494348624	-0.5998642246186874	-0.9867518764264043	-0.32335365699181656	-0.24181797316789255	-214.25886524822695	1.9816146788996178

drug_33.txt	-0.156415376934598	-2.896526869806634	-0.5633889021817337	-0.9577132075988763	-0.22928816277190908	-0.04614317135054478	-265.343085106383	0.1315338593982683

drug_330.txt	0.244782825761358	2.753831117122604	-0.0057698983865676345	-0.13672731557468382	-0.22547085999163208	-0.2079333886924299	-48.112588652482266	3.030398065024618

drug_331.txt	0.227758362456316	2.5540700767924256	-0.39925287266950216	-0.7517800422773604	-0.22864338836801185	-0.12698045649849166	3.4476950354609928	2.8680626303549963

drug_332.txt	0.142236645032451	-2.8533901233163723	-0.5535518704704031	-0.9219362020557165	0.004327732732173378	-0.08106857923992954	-261.1161347517731	0.4507285032757836

drug_333.txt	0.0488267598602097	-3.0668135356876354	-0.5932764373499446	-0.9466909836823438	-0.17809954835982827	-0.07146987442264831	-252.37765957446808	0.6256315881564745

drug_334.txt	-0.176285571642536	-3.1798154208333584	-0.5838060154236593	-0.9524347681762539	-0.2465380884281803	0.0027755291037921672	-239.81737588652481	0.2898506244639783

drug_335.txt	0.159860209685472	-2.927120371901255	-0.5977905494103718	-0.9664605964238948	-0.20473009619549565	-0.07135422737665696	-276.6090425531915	0.5489058409698565

drug_336.txt	0.265401897154269	3.0530132642486087	-0.5589039195538744	-0.9344625212782711	-0.024092103537537962	-0.2083959768763952	-196.13652482269504	1.8584033090890033

drug_337.txt	0.19435846230654	-2.8527298784730553	-0.5488643633527877	-0.9120613528412602	-0.0066397313681873515	-0.0976061068166912	-236.77748226950354	1.0301831766286516

drug_338.txt	0.002181343369561	-3.136406536263027	0.013568644210182418	-0.09170232656132904	-0.3040276373242133	-0.31536949441838497	-90.5017730496454	1.4715713507987815

drug_339.txt	-1.46300549176236	-2.8412964294236716	-0.5962184478870989	-1.0238855298029867	-0.3104479663041918	-0.1977564486451919	-214.67730496453902	1.4228955792401312

drug_34.txt	0.162156764852721	-2.7366762808699856	-0.48922556631591707	-0.8972378629899542	0.05635415845386316	0.049843876822267666	-359.0585106382979	-2.3919435922293655

drug_340.txt	0.464153769345981	2.77412969383544	-0.4682897702664826	-0.7765573930465173	-0.034864353104654466	-0.24864114888138167	-114.17375886524823	3.2071975349152186

drug_341.txt	1.53584623065402	2.6842202398251196	0.17927210903488341	0.19043958584583504	-0.030851508883677797	-0.17000115760727025	-83.06826241134752	2.113556251593375

drug_342.txt	1.42306540189715	2.5235382036775222	-0.07638456749005089	0.10181003895305007	-0.2313254458892523	-0.13611657313180753	-14.486702127659575	1.4127407080110945

drug_343.txt	0.4445332001997	2.772405863535025	-0.6463878916642335	-1.1180113121504194	-0.022034080966811725	-0.22828726878690575	-135.4822695035461	1.2361444237113761

drug_344.txt	0.24018971542686	2.763937124524168	-0.5588232926755412	-0.8958600239564338	-0.03404000952785077	-0.2356886797303515	-212.93882978723406	1.7631066430072269

drug_345.txt	1.1837090518069	2.7020176082479446	-0.48092951238507636	-0.7907806398647713	-0.3217515046513659	-0.3173354942002378	-87.45833333333333	1.269518406048496

drug_346.txt	0.164153769345981	3.0016188604286547	-0.6148941595760843	-1.0000450985474023	-0.21253080639092137	-0.12871516218836176	-204.72517730496455	1.0371491237626347

drug_347.txt	-0.151372940589116	-3.0191488508600104	-0.6437981218355648	-1.0773343858417768	-0.25952947819199795	-0.037469642901194256	-250.0744680851064	0.050795006400665726

drug_348.txt	1.49680479281078	2.758767904032522	-0.5396543201550394	-0.8312817591486104	-0.05932019682390299	-0.25407656004297463	-78.1604609929078	2.1485608507328307

drug_349.txt	1.55217174238642	2.7640546792320846	0.4314758253160424	0.9618455062412824	-0.04945232321951909	-0.14339404476123357	-27.163120567375888	2.9408609801243295

drug_35.txt	0.0649026460309535	-2.7748248709336165	-0.5913086635820263	-1.043138276724581	-0.11849702582902316	-0.05319764115601654	-353.7482269503546	-1.2145113147889293

drug_350.txt	1.27269096355467	2.524643877107623	0.47004919875134643	1.0019492408334054	-0.3418761841154157	-0.21930559981411296	75.96719858156028	2.5933501335767457

drug_351.txt	0.441487768347479	2.8032397058150114	-0.3780806167034753	-0.6414866482234896	-0.029253608132047637	-0.16194964014746385	-93.16932624113475	0.8558835900827416

drug_352.txt	0.210434348477284	-3.001317999236145	-0.4674896530370393	-0.7653696797792223	-0.11753263668912628	0.07718770781751669	-269.709219858156	0.14473826806397405

drug_353.txt	0.170693959061408	-3.021218472760392	-0.4664373615380298	-0.7420692223775338	-0.13952582958736764	0.051053742324245116	-276.0558510638298	-0.2589638574012244

drug_354.txt	1.354667998003	2.5426067454794365	0.43514090483446427	0.9271768685658235	-0.3429054760564376	-0.19502182656815262	100.33687943262412	3.0576237703234224

drug_355.txt	0.276635047428857	3.0119483683747212	-0.03693821357470606	0.0875301345665952	-0.09148179915696902	0.11338209365554323	-193.18262411347519	1.4304718024677914

drug_356.txt	1.5600599101348	2.773758591036133	-0.108986809152902	-0.05767957499657578	-0.06347841353295378	-0.0684590923376212	-110.6267730496454	2.4510381058996247

drug_357.txt	1.45526709935097	2.726040423052474	0.38902403955754156	0.8187616418354654	-0.2161874638514695	-0.11164753842368894	4.553191489361702	2.638828131422283

drug_358.txt	1.54213679480779	-2.991490084898234	-0.32591279220222497	-0.5503593433071842	-0.2372964639423179	-0.214217571134007	3.5354609929078014	3.8126029693963845

drug_359.txt	0.11163255117324	-2.7616772264619684	-0.5456377695683281	-0.9191409189419286	-0.16128693234002378	0.07325604929198025	-328.1267730496454	-1.1045625740672589

drug_36.txt	0.116974538192711	-2.854726736810729	-0.6059007820232094	-0.9989327171497111	-0.19398823749292882	-0.040823407234943127	-267.43794326241135	-0.5693102629466428

drug_360.txt	1.4354967548677	2.6378616851123056	0.43978014823928246	0.8381319027501424	-0.3500466718306948	-0.20820444633024537	83.23226950354609	7.270444832418293

drug_361.txt	1.55786320519221	2.7695460202806554	0.1774297590761272	0.14714097369827236	-0.20986960371677582	-0.16588129867300028	-32.5008865248227	2.5653956131389832

drug_362.txt	1.52895656515227	-3.004069659876423	-0.4413454347929004	-0.718522021470053	-0.24566899350549193	-0.11130062737731808	-10.921099290780141	3.3774956565404795

drug_363.txt	0.204043934098852	-3.119513110617792	-0.5580983890188539	-0.9355209382424157	-0.16727957798686316	0.04053077391766232	-337.1950354609929	-0.9933241588647493

drug_364.txt	0.124712930604094	-2.80264247152833	-0.5670360367223399	-0.9454372645622747	-0.06118117008408322	0.004105114048721862	-358.13475177304963	-1.9887304256543787

drug_365.txt	0.29500748876685	-3.064785288829553	-0.49674275966519443	-0.7932245003272616	0.0042758797247116065	-0.060767251622629234	-308.9849290780142	-0.37027438474380653

drug_366.txt	1.5145781328008	3.313398251693124	0.019106578112482064	-0.13281396084242553	-0.2721934848017954	-0.022838310552748382	29.773936170212767	4.537772683100264

drug_367.txt	0.177783325012481	-3.16224132085635	-0.5699336378461608	-0.8998585928511265	0.03444131090321206	0.11604174501105317	-296.6498226950355	-0.25939223414540097

drug_368.txt	0.260209685471792	-2.9291445096688262	-0.5636554586986126	-0.9199620712026593	0.026912095188493856	0.07244659018378158	-405.26418439716315	-3.4788955329656943

drug_369.txt	0.45881178232651	-3.3129463791390084	-0.5629442313577325	-0.9448530520079692	-0.029407856174898994	-0.14876702038537112	-153.34485815602838	2.0298098118933514

drug_37.txt	0.167548676984523	-2.619979171066511	-0.5620809590454796	-0.9901701162994642	0.0336826437005423	-0.054585405707912614	-360.22783687943263	-2.322451376966519

drug_370.txt	0.133050424363455	3.00598751315117	-0.2532989098190264	-0.09935766722530509	0.025955291214076776	0.14732581695629965	-289.91223404255317	-0.27936505618412655

drug_371.txt	1.62116824762856	2.7617731384642363	0.44139439419420534	0.7872913220556581	-0.05855358081008652	-0.07678519816246702	47.16755319148936	6.455254682032371

drug_372.txt	0.213130304543185	-3.0587442783395646	-0.5306340808634318	-0.8438576774071951	-0.10276542858652807	0.0748749675083776	-358.5851063829787	-1.2910804442591144

drug_373.txt	1.45571642536196	2.467264413419941	0.4522430884549472	1.0531419753886213	-0.28249614016029967	-0.18773669459436454	65.12854609929079	3.933296719360291

drug_374.txt	0.100199700449326	2.664877543227888	-0.3474082377435951	-0.47724144524771284	0.046177482999577996	0.08811795331295161	-263.781914893617	-0.3940427255738631

drug_375.txt	0.108337493759361	2.700309501941717	-0.3528392338748476	-0.37098457715166366	-0.03219612216370138	0.06874620568915905	-276.6781914893617	-0.05119076440064333

drug_376.txt	0.063954068896655	2.7719525497340385	-0.5212606426179852	-0.8032351239718799	-0.2206802906467759	-0.07429678243109285	-162.0328014184397	1.4097185791093216

drug_377.txt	0.107938092860709	-2.667059769347777	-0.2542620094562235	-0.13755290993364905	-0.15580285116378323	-0.11592610799559623	-209.65425531914894	0.5933308023717697

drug_378.txt	1.39710434348477	2.375734824195661	0.506152387730615	1.3467966764888164	-0.3267242072282902	-0.25133705309568916	88.9627659574468	3.5277706078468714

drug_379.txt	1.58577134298552	2.8785642276807466	0.19047122036759978	0.14473491209666556	-0.16198631958609006	-0.1598242175600323	-46.4468085106383	2.347279375407287

drug_38.txt	0.102196704942586	-2.756042321336558	-0.47511592695976934	-0.7891598430614157	0.015309940431847552	-0.07493928580238851	-290.6604609929078	-0.6623860176254035

drug_380.txt	0.264802795806291	-3.122358949946781	0.10717485891317186	0.032603111562127585	-0.10398993260854891	-0.04151728951089116	-65.90248226950355	4.421799017225786

drug_381.txt	1.40923614578133	-2.964409327585278	0.04951142066886305	-0.07791761293368682	-0.24943152770421326	-0.12177633942888133	-33.190602836879435	4.714416396830537

drug_382.txt	0.0442336495257114	-2.712183129513641	-0.3945299994084379	-0.6992511370507877	-0.2142137038128509	0.018040939174649086	-225.79432624113474	0.40583596116928344

drug_383.txt	0.381777333999001	-2.9709403283583984	0.1586905530269042	0.09403529681135803	-0.11715304055812492	-0.07829305013613738	-114.53368794326241	3.358972397327107

drug_384.txt	1.63879181228158	2.789501633655821	0.19953515265680505	0.13171196559999687	-0.12338481862567263	-0.08534751994160915	-61.08599290780142	3.1709486335653327

drug_385.txt	-0.19600599101348	2.9500101584035914	0.1272748616815353	0.030005684924925335	-0.3242160799775688	-0.3094714950728266	-67.29432624113475	3.0600059281518885

drug_386.txt	1.52211682476286	2.7526421476814678	0.17519884572408012	0.11881005536788786	-0.13813275550444495	-0.10049728296647473	-81.10106382978724	3.1306020665411336

drug_387.txt	1.53225162256615	2.565357506263303	0.2425536472066121	0.21419149659445258	-0.20824302489579877	-0.15161327729464713	3.267730496453901	4.054728229207899

drug_388.txt	1.64013979031453	2.7620464750252975	0.18257656326518157	0.15576530581620018	-0.001967308347464669	-0.11587834008332297	-9.930851063829786	4.6888280962446025

drug_389.txt	1.69710434348477	2.7564892452465237	0.22806144628601338	0.1745218146908919	0.007852278081621172	-0.03955128972903838	-37.86436170212766	3.729695048278402

drug_39.txt	0.128607089365951	-2.682915670059735	-0.5426242893054709	-0.9066557643769653	-0.131526043575143	-0.08395975538971306	-307.28014184397165	-1.7105915295475596

drug_390.txt	1.22959023003956	2.616428805445572	0.46022523516927666	1.0070106184961474	-0.3006362218375669	-0.2518792661691392	10.84840425531915	3.6643211656659482

drug_391.txt	0.324113829256116	-2.8202269923316603	0.09824581694771584	0.002033261647549578	-0.12603037679806653	-0.09217069565509822	-213.0177304964539	1.3121628096533684

drug_392.txt	1.15691462805791	-3.074456917026737	0.019709221646004305	-0.1280277782657886	-0.2772024971763094	-0.16976986351528753	-175.82535460992906	1.5626005071784634

drug_393.txt	1.55282076884673	-3.0522302140240587	-0.43947262490053945	-0.7303183491530415	0.007700296902890924	-0.15126633615667312	-280.47960992907804	0.4872016725138593

drug_394.txt	0.356415376934598	-3.1226133962407987	0.11397275090829923	0.022360252030108885	-0.11059517323452417	-0.013646351426978153	-121.94326241134752	2.0451595737411807

drug_395.txt	0.303594608087868	-3.135482876466827	-0.571677923052448	-0.9139380994597498	-0.22172818149737805	-0.20076327184096676	-87.54078014184397	2.5965732440571716

drug_396.txt	1.27582088405853	2.5995922516146126	0.4776245844964504	1.0682602035233537	-0.3284013283164587	-0.24690644319151153	2.1808510638297873	4.169135203485597

drug_397.txt	0.255267099350973	-3.1504417433344085	-0.627390866518682	-0.9902023398338748	-0.1335245099134285	-0.06464669870915923	-115.38829787234043	2.223445380120321

drug_398.txt	1.39485771342986	2.74819735514912	0.16469254336047132	0.09039805975400761	-0.27242450286710196	-0.22551173968311358	-7.320921985815603	3.344000316593071

drug_399.txt	1.62036944583125	2.9354155513030546	0.07290824291932574	0.007965183505542484	-0.17129178010201437	-0.2595119712045676	-27.779255319148938	3.544569352783709

drug_4.txt	0.150973539690464	-2.465650096236055	-0.5410320618736704	-1.0173896637016946	-0.008149368117725972	0.09083287564143724	-328.03014184397165	-1.5609435577268338

drug_40.txt	0.196055916125811	-2.951427751341348	-0.5320255820754816	-0.8703912535884962	-0.13241116272094175	-0.04810917113239756	-268.77127659574467	-0.5261545727598871

drug_400.txt	1.60708936595107	2.9569448382528725	0.06337045417790999	-0.017664569255392726	-0.1624371446684983	-0.15115068911068175	1.5602836879432624	3.251132105692461

drug_401.txt	1.57254118821767	2.5538277118695505	0.4791392730820424	1.1027569463070048	-0.03979007361547643	-0.06025211096148829	49.702127659574465	2.4618250368447634

drug_402.txt	1.45931103344983	-2.9267812387556855	-0.4892765832885385	-0.8589206582098748	-0.2157056227822553	-0.2059673889105771	-149.05762411347519	0.7890890222703334

drug_403.txt	-0.019970044932601	2.888539496083795	0.1558623758439523	0.09912730807314218	-0.3081547584442994	-0.30577078960110377	-65.43351063829788	3.584356551093132

drug_404.txt	1.53225162256615	-3.1985721698154412	-0.43559988670605426	-0.7385940376600748	-0.15105061255670335	-0.13796692586766898	-123.57358156028369	0.9174813068626156

drug_405.txt	1.12651023464803	2.7386102016986937	-0.2886129208471886	-0.534055770885147	-0.3519490342911421	-0.3368798449727743	-33.704787234042556	4.838812595473385

drug_406.txt	1.53564653020469	3.159102127094215	0.11433603258285144	0.013004675346893091	-0.20861473958243315	-0.05574187616782603	-10.113475177304965	1.757885473820373

drug_407.txt	1.30627520258074	2.705356332742456	0.45893222890388036	0.8416946923266735	-0.5453791495250004	-0.2913149088521862	-35.223404255319146	5.79109545567492

drug_408.txt	-1.29510733899151	-2.8895973111863755	0.1183436883020404	0.04300187628167501	-0.4805516781104222	-0.06927258054881284	-174.53191489361703	1.2038626877176344

drug_409.txt	0.159161258112831	-2.9685782893147037	0.03415642167691588	-0.10578352017044917	-0.5702113119245327	-0.3123626712226102	-119.69858156028369	3.5947281029599742

drug_41.txt	-0.197104343484773	-2.8679230098638895	-0.5234302437912233	-0.9138256840749388	-0.24444462504974054	-0.06615011030704665	-215.3049645390071	0.7787723254767003

drug_410.txt	0.10857559814125	2.920924099120257	0.12145991716480356	0.0056114210842313494	-0.5599735520553375	-0.2473690313754769	-114.90248226950355	3.1179003129323046

drug_411.txt	-1.23326164599255	-3.083276271412103	0.0024490652581020678	-0.1185397582803896	-0.4936238474996625	-0.07840869718212871	-209.4281914893617	1.588650825436335

drug_412.txt	-1.0410998886286	-2.7416704916593337	0.0003706506918915997	-0.18310779365728275	-0.5738106104177985	-0.31224702417661876	-218.94769503546098	1.2759066028311379

drug_413.txt	-1.33954068896655	-2.9373187105843934	-0.46622845809219166	-0.8098116962705775	-0.5062093505921951	-0.105007517760137	-201.28102836879432	0.5269926472563523

drug_414.txt	-0.0815776335496756	-3.0810841035731285	-0.016599384918343008	-0.17375544958763844	-0.590252265477039	-0.2903897324842555	-141.02836879432624	2.8274857985896342

drug_415.txt	0.167786781366412	-3.078588483997106	0.03373846536064262	-0.08537283197511453	-0.5201600783786341	-0.32265525831583947	-168.4831560283688	1.8926776898144808

drug_416.txt	-0.0406544030108683	-2.921499108012384	-0.5585365104934088	-0.9013346722087783	-0.5585762044077253	-0.12617092717655226	-215.5195035460993	1.0575141527612126

drug_417.txt	-0.125277468412765	-3.069886127325387	-0.42664121579853853	-0.7355917709575033	-0.4911144944859936	-0.04521799498261406	-242.4095744680851	0.5635365579449766

drug_418.txt	-1.33171396751027	-3.106488869831653	-0.514157423491859	-0.8449061413521721	-0.4799812906686086	-0.07852434422812007	-309.915780141844	-1.0475229096909626

drug_419.txt	-1.41432850723914	-3.0784385868931134	-0.5518310397376414	-0.9155661989777033	-0.5610689324079605	-0.11541575189935761	-231.4787234042553	1.0272045724717715

drug_42.txt	0.136445332001997	-3.002949374546982	-0.5509118840071631	-0.8736872286940143	0.030913739918708327	0.024979761934129503	-264.48758865248226	0.2777246378039178

drug_420.txt	0.0296555167249126	3.0605347369436657	0.09606524158577995	0.028789658336489055	-0.5114320393184465	-0.16653174622753003	31.81028368794326	4.23200090560718

drug_421.txt	0.0111217788701563	-2.9620602490470453	0.025476503416949736	-0.1121096430648475	-0.5378349989359246	-0.19197409634562493	-115.76773049645391	2.3652033784095625

drug_422.txt	-0.0412880678981529	-2.9773457570575736	0.10114890455692202	0.001757877071579983	-0.549810901587866	-0.25419220708896595	-75.19503546099291	3.0840312653985458

drug_423.txt	-0.00969699297208049	-3.0986856504956846	0.0229128967527773	-0.08376466474781341	-0.574229931518975	-0.25303573662905254	-170.34485815602838	1.6749304292130764

drug_424.txt	-0.0885172241637544	-3.110484047210227	0.06389824285679763	-0.061629399940006435	-0.49421750699362643	-0.18549786177010985	-143.6586879432624	1.7303920769806094

drug_425.txt	1.25115787856677	2.578956673614452	0.48093404145882335	0.9371289492188954	-0.5304342290877269	-0.3145599650964456	66.21719858156028	5.231387366125356

drug_426.txt	0.0313030454318522	-3.1075198920808407	0.12905820755835473	0.03458951099152485	-0.51125393188953	-0.2671446762399961	-29.23581560283688	4.023683209384679

drug_427.txt	-0.0989515726410384	-3.1017040565549716	0.08502267382649653	-0.03347692322093071	-0.510176685509157	-0.3019544370833895	-117.50265957446808	5.73466375554646

drug_428.txt	1.05035907676946	-2.9918103472594546	0.1565772476639224	0.13590113746816956	-0.49693070753663676	-0.21822597578565914	-46.051418439716315	3.588995158966683

drug_429.txt	-0.0624063904143785	2.8972658215664815	-0.4694919083878667	-0.7551130366634271	-0.5105158482590816	-0.19313056680553828	-173.1285460992908	0.6943851809521612

drug_43.txt	0.40064902646031	-3.145123916529195	-0.4943553530633784	-0.7216231097873206	0.016050534119896626	-0.07979646173402481	-265.0656028368794	-0.1591542160795895

drug_430.txt	1.2339337148124	2.6429526496140774	0.49723307127159233	1.063965662443233	-0.4954979480134518	-0.30877761279687854	14.684397163120567	2.9252093532456547

drug_431.txt	0.0581128307538692	-3.126776447369547	0.06859017631422096	-0.030115026289377345	-0.49762153640412765	-0.11009598778375597	-171.89007092198582	1.584198165074784

drug_432.txt	-1.13805445677637	-3.1235948731202723	0.10810059057290833	0.04646898327354421	-0.4892048590945945	-0.01168035164512537	-258.7411347517731	-0.44264883687554424

drug_433.txt	-1.04802795806291	-3.1191348837825323	-0.5290740827822592	-0.7966710085492599	-0.49506910198218346	0.012374233921073414	-196.47251773049646	0.6948301883518762

drug_434.txt	-0.905115403817351	-3.2421568781319188	-0.4660777745666145	-0.8362985301790987	-0.4641042451075644	-0.02683011466999095	-111.50443262411348	1.434568093244759

drug_435.txt	-1.22391412880679	-3.1052488813635906	0.012733662862279449	-0.10537099781299736	-0.5902623764887234	-0.31502255328041096	-205.88475177304966	1.2780385270324288

drug_436.txt	1.25425323553132	2.614053819328457	0.5156571743338799	1.0946730837368934	-0.48492369591740647	-0.2648317353201693	-1.551418439716312	5.929346279132429

drug_437.txt	-0.443749759975421	-2.7337037918242695	-0.49929716746212616	-0.8613175774555173	-0.41314365482852033	-0.06361691319125001	-198.35283687943263	1.3010169499913313

drug_438.txt	0.0173086524060064	2.7982601957505073	0.22265008712317597	0.1695423885642212	-0.4406610943288054	-0.11902146122508413	-46.95301418439716	2.8050974409854708

drug_439.txt	-1.19247282921771	-2.7973024011046554	0.055849312215125346	-0.052623239351139994	-0.4400212597081068	-0.1569602749100478	-140.24202127659575	2.458816668295064

drug_44.txt	0.106590114827758	-2.7481783489697262	-0.5153719414965785	-0.8625671860505942	-0.11862346071299218	-0.029258702635809094	-297.4831560283688	-0.5555580375727563

drug_440.txt	-0.0693114174891508	2.8803986618920545	0.18578499575382595	0.1349192266490905	-0.4464414305017562	-0.15187092185474776	-63.62056737588652	2.2939447984951014

drug_441.txt	1.21146741426322	2.5839825195735706	0.18901852571656025	0.13860080893096055	-0.4585073065862102	-0.18194437172697503	-4.986702127659575	5.29465970939348

drug_442.txt	-0.41179768808326	-2.6682138147606604	-0.5233309095351713	-0.9006571136052897	-0.3856836183760173	-0.025562432391393188	-189.66046099290782	0.3980678634327231

drug_443.txt	-0.297918506855102	2.7077282906992375	-0.5332654571464737	-0.9525845039799189	-0.3853686720829928	-0.03712914388071137	-173.59840425531914	1.445058027223902

drug_444.txt	-0.270359844848112	-2.8395528665791216	-0.49232033576380807	-0.8970954396572066	-0.3809334840382935	-0.023943092782888645	-210.84574468085106	0.32777565504282613

drug_445.txt	-0.47747609355198	-2.901099985122244	-0.528951121332458	-1.008807951285608	-0.4032552437309721	-0.030767452561586372	-176.6462765957447	1.2301488000909564

drug_446.txt	0.120354084258228	2.5916938929220623	-0.368101852208805	-0.6554777947531993	-0.46922587832976714	-0.2033427879822137	16.972517730496453	4.7446885458431804

drug_447.txt	-0.40450862168286	-2.818639168593459	-0.35588007322755877	-0.633216074764392	-0.4160037045816179	-0.07298594949759775	-169.74822695035462	2.7365075876162233

drug_448.txt	-1.11973194055071	-2.839347341146753	-0.5003297777037242	-0.90399931179004	-0.4620180357475612	-0.17882135962485915	-193.9627659574468	1.0081762431011747

drug_449.txt	-0.171657897768732	2.6407948819759426	-0.41407442507960573	-0.7790679715017871	-0.47840323621395886	-0.2795674166968205	-26.993794326241133	3.5310212132392365

drug_45.txt	-0.345036291716272	-2.7464290628385566	-0.5481633478810268	-0.9502613179570044	-0.32614448461385753	-0.15334798298451724	-302.5487588652482	-0.4794808356034663

drug_450.txt	-1.26880832597258	-3.089472330459281	-0.004506197897783143	-0.1360915671895105	-0.4395317740040685	-0.056908220527445465	-202.15159574468086	0.6333759255065612

drug_451.txt	-1.14010138638197	-2.8190172658406327	-0.5683387020607027	-0.9196736665589343	-0.4376475458807391	-0.09704470939537958	-252.43971631205673	-0.09129188249041355

drug_452.txt	-0.320338722685203	-2.654687291417827	-0.27545894466785775	-0.31640637085524653	-0.5035714683989254	-0.41570761092609554	-170.31914893617022	2.0800371077406727

drug_453.txt	-0.434817005261339	-2.8149094610282366	-0.5288772314817962	-0.935752361537657	-0.45547347203901345	-0.13729686537820687	-206.90159574468086	0.31543186171868576

drug_454.txt	-0.568650869849073	-2.8977931342971894	-0.6863696451714869	-1.1726718522791861	-0.4954528867336091	-0.2441732795395069	-205.5008865248227	2.018204046491122

drug_455.txt	-0.513533545835093	-2.6821408715230115	-0.615023089465858	-1.1329587413308286	-0.4619806713632571	-0.18194437172697503	-241.11613475177305	0.4746900457562834

drug_456.txt	-1.19746534045086	2.864087714742961	-0.5852677866618257	-0.9949805419746967	-0.4652057159084549	-0.22427853577787962	-225.66578014184398	0.748612701618141

drug_457.txt	-0.563408733054265	-2.6960684852030936	-0.5997686055575907	-0.9919183786257212	-0.46799169360022075	-0.20565613028007731	-217.14982269503545	1.207429706251925

drug_458.txt	-0.400003840393256	-2.7762297038119894	-0.6408844056978853	-1.1349883782470902	-0.465889458030457	-0.14423689227179778	-226.81117021276594	1.069657426612243

drug_459.txt	-0.468201543838089	-2.7656228560412295	-0.6379054015043868	-1.0666408695706848	-0.47251913957518515	-0.22647621096085005	-218.69060283687944	1.0169125839385627

drug_46.txt	-0.166699950074888	-2.8963361639215597	-0.5665134477345388	-0.9225648780419675	-0.20413524803385188	0.010523881185211966	-277.3253546099291	-0.41716757392438747

drug_460.txt	-0.545973347670802	-2.7127044491306442	-0.5486784983222445	-0.9399399046377239	-0.46156848150924595	-0.1879590617014205	-220.28191489361703	0.9810847315815108

drug_461.txt	-0.485974883828104	-2.7054691463489102	-0.6066132748211704	-1.0248943557915409	-0.45548956771931437	-0.1791683609695387	-235.54432624113474	0.543549516558093

drug_462.txt	-1.24224816621222	-2.831563702807931	-0.6204126591532513	-0.9921543386297131	-0.47480737057155875	-0.15915795009301822	-293.7154255319149	-1.9298222330986448

drug_463.txt	-0.500053765505588	-2.7335412525255336	-0.6132829916556478	-1.047133863036994	-0.46015853951597224	-0.18946273419503187	-195.99024822695034	2.005410021668153

drug_464.txt	-0.403997849379777	-2.8496296012354865	-0.6389141916873151	-1.0574059396789894	-0.4576238846402745	-0.14574056476540911	-177.3714539007092	1.536866518898434

drug_465.txt	-0.439045278236491	-2.63115794726012	-0.6334183780809225	-1.0280737898296062	-0.4609696777510344	-0.1599676198972705	-207.99202127659575	1.423779530668658

drug_466.txt	-0.10399400898652	2.915364931732749	0.15076769653167615	0.08692869255722391	-0.473453892823971	-0.13958598451154774	-168.83421985815602	1.3269137463756024

drug_467.txt	-0.0695956065901149	2.766724638208303	0.06105682723728513	-0.050448492885376395	-0.5203114719194692	-0.28842373270240274	-140.68971631205673	2.1070158666477226

drug_468.txt	-0.0883175237144284	2.5838807605482357	0.3555436563744194	0.6461424246737975	-0.3845190798063091	-0.10477622366815431	-22.250886524822697	1.6229741880105004

drug_469.txt	1.10583739774953	-3.090320103907356	0.1194868257613782	0.04084143108757782	-0.5048372939101984	-0.20168844820889745	-93.33067375886525	3.9720691330050015

drug_47.txt	0.0993509735396905	-2.766691140907012	-0.5826030553853419	-1.0070104957338601	-0.15904490644363073	0.029836937865765797	-308.2845744680851	-1.1256016513651532

drug_470.txt	-0.0200698951572641	2.5594137748835952	-0.4553093356416197	-0.7430773802269204	-0.4989461352471245	-0.2504915016172431	25.70567375886525	1.965342745719408

drug_471.txt	-0.0530319904758247	2.74864872226614	0.14423573435829398	0.023812146894574282	-0.4752728960813223	-0.10766739981793783	-139.91755319148936	1.1816732554645266

drug_472.txt	-1.35761357963055	-2.591188173046392	-0.5336181149586076	-0.9615686640240162	-0.5093005987075961	-0.14455880748917538	-132.86968085106383	0.5004046620289719

drug_473.txt	1.29359422404854	-2.9919015673891036	0.07564949243068475	-0.0035612864747044948	-0.5408599164145935	-0.20989938847428263	-67.39007092198581	3.0662437563106044

drug_474.txt	1.31041898690426	-2.9778259965248726	-0.2920377156630469	-0.5982257129701434	-0.5386651065374264	-0.21117150598018736	-7.171099290780142	3.6282042300806934

drug_475.txt	1.24581589154729	2.8804127508308293	-0.2983930013482633	-0.5761239778342653	-0.5380174426351971	-0.26147797098642045	-83.15248226950355	1.6233165720149074

drug_476.txt	1.27177694995968	2.785701265815293	-0.2911280745760788	-0.5784879607274316	-0.494119352706239	-0.2204232696594946	-100.52748226950355	2.3688552946056967

drug_477.txt	0.115177234148777	2.7596390048337325	-0.329277416430686	-0.5753750488062983	-0.5174016124833846	-0.18862033201187606	-96.03989361702128	2.1610585096132655

drug_478.txt	1.3391758516072	2.7278546006949993	-0.26619922758873393	-0.48594369331864207	-0.4853511805537093	-0.24089279679996184	-94.33599290780141	3.6825650543793

drug_479.txt	1.3139636698798	2.827194416959383	-0.2823245005225984	-0.5813572053086152	-0.5182002800200347	-0.21996068147552927	-99.67641843971631	1.8989273475507984

drug_48.txt	0.180828756864703	-3.2611025049376305	-0.5455385127128052	-1.0066576766431492	-0.043565134212514414	0.057876326236205394	-154.38829787234042	2.437826268924891

drug_480.txt	-0.182276585122316	-2.9337025611801337	-0.4209852468851786	-0.7224058011432486	-0.5504318989324803	-0.19787209569118325	-175.54609929078015	0.9652072842142166

drug_481.txt	-1.14769000345635	-3.1992454112073516	-0.5021322313894915	-0.7916598914820598	-0.46732638156843653	-0.1125245757495741	-155.93085106382978	0.9821123675939228

drug_482.txt	-1.16146933445985	-2.8479917238678496	-0.5653260674210759	-0.9956815462399258	-0.5132535585319546	-0.14224586656934857	-162.32269503546098	0.4013841729732933

drug_483.txt	-0.0944083874188717	-2.9363034011843845	0.06091921934476641	-0.08441357108806691	-0.5394563872047287	-0.1527697477545605	-106.2482269503546	1.3585534004441018

drug_484.txt	-1.37044433349975	-2.769977513043545	0.05003886719750841	-0.08004000681090656	-0.5146643542736857	-0.06834740418088212	-180.5921985815603	0.6868732391336143

drug_485.txt	-1.26704942586121	-2.7735699661399686	-0.4451028799274114	-0.7619599505915642	-0.4857949386803554	-0.030993408325679202	-173.37765957446808	1.386886554009838

drug_486.txt	-1.28497254118822	-2.810380458789434	-0.4243302567882094	-0.7709641940983405	-0.4627304048307438	-0.03238117287757528	-258.45301418439715	-0.3683155622384056

drug_487.txt	-0.134452167901993	-2.9618104844661137	-0.3827951324244518	-0.6764198210149968	-0.4466365290131667	-0.16063374688197168	-189.20035460992906	0.5175845484513556

drug_488.txt	-0.0596259456968393	2.8295638539839074	-0.3297132672625969	-0.6028164408674613	-0.4635981572458131	-0.13900774928159104	-155.82978723404256	1.4977995733502052

drug_489.txt	-0.0301701294212527	-2.906846138409457	-0.46328015460984356	-0.7643891704101007	-0.46837474043415406	-0.12952469151030113	-156.7712765957447	2.837211640027682

drug_49.txt	0.262905641537693	2.9018600172645694	-0.5108006841437612	-0.8082548197570909	-0.004168460094600326	0.06886184270461601	-182.70656028368793	1.883218411221214

drug_490.txt	-0.205845078536042	-3.028434015380166	-0.5291570996492544	-0.8765793837196121	-0.44101726383067696	-0.006244940483532376	-129.04343971631207	1.2087321854616744

drug_491.txt	-1.23539690464304	-2.9212104075156997	0.05881348320190016	-0.06450436509301083	-0.48597936292242955	-0.033306349245506	-243.8413120567376	0.35121949035995575

drug_492.txt	-1.48297553669496	-2.8948260696948864	-0.47640875072241273	-0.8241055298454983	-0.45007779610492854	-0.04741528885644952	-275.92907801418437	-1.3739617898178822

drug_493.txt	-1.30519221168248	-2.846467148591715	0.13577185152223228	0.07966907720156702	-0.4436278821920473	-0.06846305122687346	-188.48581560283688	0.6086312055060974

drug_494.txt	1.22265063942548	2.5684953297478157	-0.16551304527337612	0.026437336845603066	-0.46158593464941067	-0.20538915368062036	62.07890070921986	2.5178721739193164

drug_495.txt	-1.30109835247129	-2.831145200813074	-0.5098057740305085	-0.8429363277811088	-0.478277505881582	-0.0003469411379740209	-218.36968085106383	-0.1591551995999804

drug_496.txt	-1.28996505242137	-2.9309426946004917	0.1187824504182391	0.08534428739665395	-0.4509150455339013	-0.05470105275390396	-208.35638297872342	1.1221077652714864

drug_5.txt	0.30264603095357	-2.5611496566941483	-0.48934163330886604	-0.9126625452943695	-0.18686468750857224	-0.0082680466051722	-359.0398936170213	-0.9858020089081491

drug_50.txt	0.139241138292561	2.9024488722257336	-0.4700130038810661	-0.8335235324309442	0.15754906524792883	0.12089849966024524	-276.62145390070924	0.07705277091956109

drug_51.txt	-0.0618072890664004	-3.44937873385729	-0.5214600434152308	-0.8527720057116297	-0.0927921342333268	0.08435720277584782	-173.4255319148936	1.1313416413595232

drug_52.txt	0.0858327892776221	-2.8473500971260135	-0.5228169431610472	-0.880721512111417	-0.0429010950248808	-0.08042554425031141	-180.5531914893617	0.853962439430992

drug_53.txt	0.255966050923615	-2.8979832797415974	-0.45152598419669304	-0.7292606316196166	0.04790964538835489	-0.04573443961322524	-129.9494680851064	1.3531142580204019

drug_54.txt	0.0380544567763739	-2.768327216083623	-0.5102975695692233	-0.872888046674736	0.01729544975768397	-0.0046832991260066315	-223.86879432624113	1.002900998500862

drug_55.txt	0.074699489227697	3.10609826084537	-0.4741421308467069	-0.710392317704136	0.07750264141259225	0.06747419851913257	-223.11170212765958	0.7832108780689482

drug_56.txt	0.140289565651523	-2.8820316026824777	-0.32815676693244533	-0.5669570142784237	0.1665226156555053	0.18207048083697383	-163.51329787234042	1.7512127574308527

drug_57.txt	0.139490763854219	-2.8693049074233055	-0.4798439270054906	-0.7956591318295321	-0.00876085342486306	0.08724812816227166	-181.29609929078015	0.9905361695022179

drug_58.txt	0.128718460770383	-2.9718484032397807	-0.13793888581005354	-0.03432638513517433	0.08742083044119985	0.13130583105137109	-218.9290780141844	1.4528187104378072

drug_59.txt	0.12861861054572	-3.1959072772746877	-0.3533383122653222	-0.5494250898235162	0.04115137448209536	0.012199705130708628	-222.25886524822695	0.9659620597279639

drug_6.txt	0.215726410384423	-2.4624207731277736	-0.5407665038584578	-1.0150658964202335	-0.021843605441376396	0.06955566479735772	-345.7695035460993	-0.6582949812075878

drug_60.txt	0.0799416260225047	-2.8212040733909207	-0.47004688979441245	-0.7778250163414453	0.01622190020662094	0.012430979161622538	-253.29166666666666	0.5631352930907374

drug_61.txt	0.293260109835247	2.850378932187403	-0.29448719553565533	-0.03478093380461311	0.1715847116656214	0.19166835311990096	-252.6427304964539	0.7427297098399379

drug_62.txt	0.369196205691463	-2.999003174305961	-0.39626577880382824	-0.6481484690098501	0.2073781771782289	0.17790754828052344	-196.67641843971631	1.224815983591273

drug_63.txt	0.39435846230654	2.7110546011748844	-0.14072725636966057	0.04189687274968246	0.11585034479847547	0.10436240644990084	-116.34042553191489	3.375238586597764

drug_64.txt	0.220818771842237	2.734072929547262	-0.4595422071768638	-0.7440700783936127	0.13177473090564729	0.13766586690150354	-141.90602836879432	1.5572023107118227

drug_65.txt	1.59556818618227	2.9570167522406745	0.16421683392298267	0.16962559938425192	0.04485519271065287	0.02249139950637752	-54.430851063829785	3.574109174382754

drug_66.txt	1.30953569645532	2.864315574963668	0.17448835283300484	0.1384638831131864	-0.1786532455153449	-0.16160272910109297	-23.91223404255319	2.2239086504229233

drug_67.txt	1.4656630438957	-2.997579235528762	-0.36727964519101547	-0.5802035761397797	0.07807872474281205	0.24960249786383487	-152.04964539007094	2.200456435249859

drug_68.txt	0.295867736856254	2.8078982580181107	0.4638460854134395	0.7385853354505196	0.005396608604945334	-0.0668960134418478	-103.1959219858156	3.248918471345988

drug_69.txt	-0.0128192326894273	3.3135989148129816	0.23002897293620678	0.2209411517059263	-0.18287319915218903	-0.16842531301305327	-69.0017730496454	3.543426695845726

drug_7.txt	-0.137493759360959	-2.543455182627202	-0.5439839106982137	-1.0119819118879887	-0.08911277150737235	0.03995258884037755	-327.6755319148936	-1.3116996865541426

drug_70.txt	0.30898652021967	2.7726225621718075	-0.20841715903128355	-0.0027736693321234185	0.3077480598466037	0.1255854295247578	-277.16312056737587	-0.25473882116339613

drug_71.txt	0.188978071354507	3.0031628051561716	-0.45292477549208554	-0.7593377246561503	0.09672118363783946	0.09765545955339751	-248.12056737588654	-0.11803276330602612

drug_72.txt	0.349375936095856	-2.8481744220982086	-0.29895136699570624	-0.21198958465195672	0.25445245142238804	0.05319456499207052	-232.93617021276594	0.2664682224619702

drug_73.txt	0.314028956565152	-2.821497326785725	-0.5130060978266218	-0.828047057252328	0.1089387277858799	0.08250701052853655	-273.6063829787234	-0.4691334948696185

drug_74.txt	0.306540189715427	2.823500857647973	-0.2275978591193245	-0.10528810945975964	0.2012500413190627	0.05070683127787426	-258.084219858156	0.17393845448885034

drug_75.txt	0.295207189216176	2.8221029632766097	-0.4286818097506394	-0.7026467637292519	0.20027755177071582	0.08794195025501339	-255.86258865248226	0.31567117942540346

drug_76.txt	0.334747878182726	2.8668530817537228	-0.20660385473031764	-0.08225174295701643	0.288794010543784	0.07736339995585909	-255.58953900709218	0.6165844246402289

drug_77.txt	0.200499251123315	-2.9859627487542024	-0.5297630608279584	-0.9040405536570696	-0.051498894729073555	0.04573443961322524	-304.77127659574467	-1.2177197898579517

drug_78.txt	0.1518222666001	-3.001274887374089	-0.4636272867237202	-0.700779003268243	0.011960859729085532	0.1545488711582188	-237.82712765957447	0.46508786358235527

drug_79.txt	0.170394408387419	2.717703224760073	-0.14991271115230526	-0.14239936688043323	0.12943705405980668	0.08377901769856305	-142.3005319148936	1.836936385711101

drug_8.txt	0.180629056415377	-2.48816667072416	-0.5528655981189438	-0.9968739338536485	0.0038272631610715147	0.08204446246670874	-338.12943262411346	-0.5995345214727285

drug_80.txt	0.139241138292561	-2.8129085787001142	-0.4873001011495215	-0.8336585890003367	-0.02142066841528223	0.0699025758437286	-273.2650709219858	0.03296464879120511

drug_81.txt	-0.163055416874688	-2.9231851902991153	-0.5502129177819755	-0.8886289746950151	-0.061200326797185366	0.12251741787664258	-258.2836879432624	0.22637047503943808

drug_82.txt	-0.132405238296402	-3.1007525307395367	-0.709785123729761	-1.0902994246902296	-0.5879573082613381	-0.1380825729136603	-185.96808510638297	1.4567673022602878

drug_83.txt	-0.204497100503092	-2.910528476422205	-0.4305859082347898	-0.7520306806852002	-0.5068344315687312	-0.23649820905229088	-169.74379432624113	3.90432030750435

drug_84.txt	-1.28628211528861	-2.967954537342076	-0.5741550839866574	-0.9445566315170112	-0.48614792707045484	-0.06927258054881284	-288.1923758865248	-0.02961556836138462

drug_85.txt	0.0425208341334153	-3.093521790937774	-0.6993743782841838	-1.1008180644909595	-0.5630201477397127	-0.023245056244259404	-298.82801418439715	-0.4630939106532673

drug_86.txt	-0.0618226506394254	-3.1140125518227197	-0.6554196799903944	-0.978268200172934	-0.5128138796923931	-0.09032034291923678	-217.90425531914894	0.6983947317418778

drug_87.txt	-0.153773186374285	-3.0867037590437496	-0.7175006340759642	-1.1962481491294557	-0.583927522795201	-0.13276280879805866	-268.84751773049646	0.39334693636332774

drug_88.txt	1.26878144321979	-2.978769266789686	-0.6603532279075435	-1.0263303898009037	-0.5576484855331006	-0.056667052535756754	-247.17730496453902	0.36251146172539245

drug_89.txt	-1.26980682821921	-3.15415142417007	-0.6518920634822619	-1.1063763314105004	-0.5499124064828267	0.01572799825482228	-150.80673758865248	1.6956061341994595

drug_9.txt	0.419670494258612	-2.5738851884696787	-0.47813615324735703	-0.8163111208441604	-0.15738696666910684	0.0008672776159271537	-320.0833333333333	-0.6930368171858644

drug_90.txt	-0.286635431468182	-3.071554600763667	-0.5762726706145991	-0.9599046820418773	-0.5148444449550589	-0.2130218587160488	-196.65159574468086	2.495582156989682

drug_91.txt	1.06508698490725	-2.9300179444059236	-0.581332235923836	-0.983262882791001	-0.5004197032057056	-0.01989129191051053	-300.7898936170213	-0.21945136587136835

drug_92.txt	0.0146626214524367	-3.0591076128449073	-0.681411441753446	-1.0240618670404769	-0.5728863409059235	-0.06510928689312459	-252.93085106382978	1.7842032364670417

drug_93.txt	-1.04035101194362	-2.926637742104739	-0.5220385375291434	-0.8583197655740821	-0.5126144987561649	-0.2593963241585763	-305.5150709219858	-0.09640692481714569

drug_94.txt	-1.2682092246246	-2.961131701133814	-0.6444123925628986	-1.0373220551576268	-0.5719315941110408	-0.1173817516812104	-267.3510638297872	0.6346837584460316

drug_95.txt	1.3584968700795	-2.980704682916993	-0.5883478470071962	-0.9937269629240013	-0.5553032925517418	-0.11726610463521907	-174.73581560283688	1.3365622088083657

drug_96.txt	0.066734513614194	-2.9326898037365994	-0.5883454160402561	-0.8691801721558121	-0.5120178944094846	-0.12940904446430979	-299.1666666666667	-0.2342267347514271

drug_97.txt	1.19808748415838	-2.980753818223146	-0.49246667559318297	-0.8019510816614766	-0.464240013772979	-0.0064762345755150575	-254.84574468085106	0.13846393373167631

drug_98.txt	0.0632051922116825	-3.027745569112669	-0.5288534955763191	-0.8961780387861167	-0.5469018298710281	-0.11830692804914114	-289.27659574468083	-0.9442334710790358

drug_99.txt	0.0331848381274242	-3.0783506478311367	-0.727743946777123	-1.1332502780475826	-0.5689831673734795	-0.021857291692363317	-278.4929078014184	-0.30789826445761115

