	SScmap	SSfisher	SSlincs	SSlincs_Norm	SSpearson_corr	SSspearman_corr	SSzhang	SSzhang_Norm
drug_1.txt	-0.0568814003075654	-0.8134782757754785	-0.04515802687500202	-0.12569647249739296	-0.06827209529466259	-0.10091919565055155	-6.866383574570415	-2.873327832913071

drug_10.txt	0.0137511124617422	0.9472160770507958	-0.00809158573112459	-0.025935397145823436	-0.003975219344055881	0.016915201245436922	-0.24211984232074638	0.6420733283694486

drug_100.txt	-1.89270133261646	-0.9353006316588894	-0.021711004474524398	-0.05366866005083387	-0.03410995367350001	-0.07909571549228077	-6.216352373559807	-1.0829739379312555

drug_101.txt	0.0530607934252467	-1.0700201547969013	0.012891262195629472	0.03357333302726462	0.022309329336010465	-0.010125760119532118	-3.092157131333425	-0.11473448195620484

drug_102.txt	-1.84248627059411	1.1666280579619732	0.015998241163577204	0.0220223490341655	0.015886383098253267	-0.02084077648724992	-2.560309270505152	-0.5251791969045118

drug_103.txt	-1.83794308537194	-1.0616764681621496	-0.007514465019174077	-0.01356574788132614	-0.0014705191521681093	-0.030769414429943756	-0.8137984566914753	0.07372438400100471

drug_104.txt	-1.78337493759361	-1.0184952324842225	0.02299886674609547	0.057788082981872435	0.022781465893071177	-0.00885248737669232	-3.5422279043574876	-0.052964502905689784

drug_105.txt	0.146164615952326	-0.9882784539392107	-0.029149920055177025	-0.05712324676926683	-0.02819122514335174	-0.022341790251105813	-1.2211466751898696	0.8670285722419331

drug_106.txt	-1.6946080878682	-1.0811905934557873	-0.018525075750854075	-0.039255476766897945	-0.018833051862756904	-0.0202190598926095	-1.7572104774515622	0.19128827371121382

drug_107.txt	-0.323453949510517	0.7001114941487516	0.04286260559503646	0.086062082794784	0.05290379785204257	0.11886461613077978	6.085764729160008	4.542315388092842

drug_108.txt	1.657275625024	0.774528712503171	0.020685416028536185	0.04486811682336256	0.03448020094006189	0.10062756684442416	4.84262514649255	2.124010385707647

drug_109.txt	1.57187112308126	0.779371906976059	0.016881541771693154	0.02617500037017667	0.032356049679320806	0.06655300436834621	2.05718155944173	1.3428475344103667

drug_11.txt	-0.00656840825717953	-0.9713499367079448	-0.0334895025883232	-0.07358291036467002	-0.0063286610000658754	0.006989777433125257	-0.4960808486674885	-0.0077174632754549105

drug_110.txt	0.14190829140904	0.8838857231962012	0.045832485373795445	0.08605974073145867	0.04416977614780019	0.05431435092961193	0.12513888254722005	0.4882802441328435

drug_111.txt	1.68752957520241	0.872953025890771	0.03961795374718041	0.07331823745292126	0.059448459455166254	0.05660044031573079	0.856734091289591	0.538255602902217

drug_112.txt	0.205891163255117	0.758132805780038	0.06770248675733759	0.14870358865853306	0.09304075761922609	0.09733375772489662	2.6939409159399115	1.6453981713310089

drug_113.txt	0.165401897154269	-0.939586530246773	0.036994976976657656	0.08736701896509041	0.046533681649027	0.006634931928142118	0.6119811880736039	0.8661168606107154

drug_114.txt	0.2345481777334	0.868424220824199	0.04151696798396609	0.08579366313362591	0.06897338270751158	0.0724035885783828	3.203293609119827	1.2310332467551848

drug_115.txt	1.70336234778267	0.7797912182620061	0.06680298488132802	0.1294459641946918	0.09044106527057562	0.11978620409069801	3.436448868392615	3.8252029327410453

drug_116.txt	0.159610584123814	0.7249481511971468	0.06500746870036003	0.1279224025497423	0.08799256653552054	0.10436500351753514	1.4933716877463739	1.6106195975371393

drug_117.txt	-1.61585823605729	-1.037786899839753	0.02024242119700842	0.05449910191438223	0.009734544987399016	-0.02261388937193079	-1.8393376253747926	-0.6032674817913802

drug_118.txt	-1.7017381118957	1.0397816719373725	0.044582393381950636	0.0953793511648165	0.019951439045054552	-0.04412142432580652	-5.9196383726770465	-1.725482234754537

drug_119.txt	0.134541665762226	-0.9006688820968443	0.06590219069239789	0.16397170896120256	0.06093317379239745	-0.021659288170366452	-4.3089204450329515	-0.5685724287369919

drug_12.txt	-1.92948403481734	-0.860938857123208	-0.06798437700293522	-0.159693259933392	-0.0981305296133935	-0.09006496004941414	-3.980579273396953	-1.901331290464962

drug_120.txt	0.132212884686349	-0.8893236829832978	0.033259105461585614	0.06580267863236994	0.0036498215768974588	-0.05319621600309808	-5.9568360653242625	-1.8628233526576605

drug_121.txt	0.226201082990898	1.0381972590807385	0.04960818310985357	0.08435643851464414	0.04896973261475776	0.002823880208781851	-2.097271053072158	0.1545457496469921

drug_122.txt	0.127049809900534	-0.6686997681463187	0.031845214174678005	0.06636221702985601	0.01689935338052668	-0.11630117507039896	-7.632710835121684	-1.877592831431225

drug_123.txt	0.109629034708806	-0.7421931107379005	0.033795347186767216	0.06787558764757196	0.016325259445771723	-0.08976266514404073	-5.053315678127331	-1.798506298738359

drug_124.txt	-1.83623603056953	-0.7817616294766303	0.01934279615264503	0.0502667686515727	0.004225029080454159	-0.06818024612461293	-6.356452521193857	-1.430240531382487

drug_125.txt	0.152751307820877	-0.8307732755858817	0.05786561437779242	0.12595350418244788	0.042917204399218686	-0.021633979292133596	-5.44064958982086	-1.0931069802884243

drug_126.txt	0.141238142785821	-0.7324936323688267	0.020451802655225254	0.048805857534477026	0.00684340613022853	-0.07938298386155324	-6.448655312542806	-1.943667211306462

drug_127.txt	0.0365759053727102	-0.7120165589204053	0.0060689474924091324	0.017574871529685954	-0.04127190130985626	-0.11888091102172517	-9.718034184131623	-3.0411941233363406

drug_128.txt	0.136615895554661	1.0928930898005584	0.04883618420090369	0.07999781900315006	0.02362432621218023	-0.03373722279971313	-5.281889715842503	-2.034367497608499

drug_129.txt	0.105362775235141	-0.9924268497537603	0.04742496819871991	0.1080601042294379	0.01705862617199647	-0.06587834123161931	-5.731914828851042	-1.1007633614686387

drug_13.txt	-1.90287394994465	-0.9738110786644893	-0.03269583502733214	-0.07220612241844693	-0.05152972265496576	-0.04574253293299644	-3.777361764303	-0.9629370385449525

drug_130.txt	-1.79451817257391	-1.0021406516741544	0.021137908463601723	0.04184352032394395	-0.00806558130357312	-0.07283427439571206	-6.077393726313867	-1.7270325846820016

drug_131.txt	-1.74154111641902	-0.9945539157783754	0.023089765785833216	0.05567113301350085	0.004935184268860413	0.013692424561087905	2.276380073969225	0.7615652596697942

drug_132.txt	-1.7516632242272	-0.8100119320582104	0.03001227382714519	0.05948763646360061	0.0034771360640283564	-0.08497334124004507	-5.4402690896914905	-1.6592016232007682

drug_133.txt	-1.78987513712709	-0.8016718171007717	-0.01931056153316965	-0.03965510831554053	-0.03766954484433866	-0.11355689636956293	-7.0462231557158725	-1.3812266141395186

drug_134.txt	0.147249944481271	-1.0379604770557085	0.027085208618554374	0.04144255337043584	0.007359924924725061	-0.07006270625930575	-3.2660304704503598	-1.210630164002287

drug_135.txt	-1.70829750357741	-0.832003502939699	0.022399998442023422	0.04460797018241902	-0.019405867851829812	-0.09872573006780834	-5.706390880172899	-3.039562472030454

drug_136.txt	0.190694393192819	1.001524573168898	0.03370931918248768	0.06559789871892896	0.056483238046136426	0.024860471734256342	-3.2226686757073497	-0.617009001168683

drug_137.txt	0.059591382157533	-0.7846757495967822	0.019291801555654686	0.041846957938934726	-0.010867745845293448	-0.08571882380058406	-7.515379815229137	-3.6915542216677895

drug_138.txt	0.101459015490143	-0.9410020235690781	0.047549121672461725	0.09798114511477807	0.02005772126836145	-0.05336104640007462	-5.43145670669528	-1.9604393554219661

drug_139.txt	0.186850159543294	-0.8308321256481496	0.019531725028293395	0.05511971485441547	0.009448111390952774	-0.07942743981922423	-5.813935436738048	-1.832790715108669

drug_14.txt	0.029527447958497	-0.9927612409304762	-0.028471998292267514	-0.048677310444431576	-0.006766642260407848	4.039602869399227e-05	-1.716618723650366	-0.13328717212102892

drug_140.txt	-1.69631547661785	-0.7484469403308782	-0.011896330605118188	-0.03250697174761169	-0.042434597066863464	-0.10398990260879068	-7.673196048886656	-1.7694506350783155

drug_141.txt	0.138862525609579	-0.9198476184434907	0.018931309961746717	0.023963080532121817	-0.008905860276985556	-0.08705681410355194	-7.545606745506293	-1.4515665719363104

drug_142.txt	0.0526927000803143	0.9807883216607829	0.02227803331184261	0.0	0.05359381632194354	0.07690547550680919	4.644278039054533	1.9094032046264267

drug_143.txt	-1.88424228206186	-0.9560779124644023	0.034638120112208376	0.0	0.02568531821571469	-0.011829572130607546	-2.595908862609013	-0.2659241723844247

drug_144.txt	0.0351190605396253	0.9640401110295393	0.00914906832503029	0.0	0.03942911938177401	0.06592054075260492	1.7579866977154772	1.0627171707647671

drug_145.txt	-1.91015341536191	-0.9056844926748495	-0.04343414798478476	0.0	-0.03757550214350962	-0.0029686070159443837	1.8120329360911982	1.2333054614540686

drug_146.txt	-0.060226382833776	0.9747772613005667	0.022779148264558707	0.0	0.025363570362427163	0.05885804240532591	4.891542243124363	2.349506967130096

drug_147.txt	0.037765091493195	0.9230320317156282	0.013109261948149153	0.0	0.016546943981433755	0.022952342293000375	0.5498987869655876	0.915257463592049

drug_148.txt	-0.0757031676565419	-0.8215818770194108	-0.03157762397311295	0.14974114293720353	-0.033206061942330854	-0.04309068399577679	-0.7275466873658737	-0.298801548897199

drug_149.txt	0.0279797694762205	0.9940585908304398	0.038637916248509124	0.0	0.06938723624302669	0.07882634933084673	4.2929698796097595	1.7334292460399159

drug_15.txt	-1.93717250211639	-0.842447906769559	-0.045585895028219164	-0.10101850227583237	-0.06994126127264814	-0.07324691457805095	-2.2229121957901468	-0.3452201629353023

drug_150.txt	-0.0717091586700217	-0.9748492190237714	-0.0040285047338737	0.0	-0.004082023025834116	-0.006296647220415158	0.1799156811713316	0.6821127415155723

drug_151.txt	0.0528924005296403	0.9628083372728565	0.023829521360201444	0.0	0.046544570267604404	0.010044955418178231	1.5377075628205714	1.055066477178056

drug_152.txt	-0.160956057552467	-0.9057214590264671	-0.03947126077404614	0.11380797365757289	-0.07859145705130896	-0.07028538423490907	-1.7560233170479278	-0.13762238016794895

drug_153.txt	-0.0863871416954836	-1.0291700654378875	-0.005534156868360507	0.0	-0.004367700888071606	0.029852887994372787	3.168850737409251	1.1328667243917265

drug_154.txt	-1.9231339445681	-1.091456328341478	0.0016739851139946638	0.0	-0.03145478220229468	-0.05000756473090767	-5.811606775946304	-2.1103331098004037

drug_155.txt	-0.0513896379511001	0.8688823760896889	0.03091567053369723	0.0	0.05084947783277864	0.1007108213981277	5.903033347031338	2.777079966775243

drug_156.txt	0.0168464694262953	-0.7377646219584041	-0.04716846851882864	-0.15404763171366664	-0.08124452928026285	-0.08878206542821585	-5.470511239973821	-1.3879910814713634

drug_157.txt	-0.0878848950654286	0.8938901393028262	0.011550191892389816	0.0	0.00041101637732441525	0.009941821860614954	2.599379023788868	2.7942868559499994

drug_158.txt	-1.84400915349384	0.7760300749625153	0.004615944456928367	0.0	-0.006307464431528257	-0.0013149916051635802	-0.49426966805168715	-0.10731870941588006

drug_159.txt	-0.020143029602753	-0.8707625241745256	-0.022583564642095988	-0.01892517315122566	-0.007290061272318284	-0.03619275242633953	0.22078139506567432	0.31410878073610343

drug_16.txt	-1.87900014526705	-0.923471541831798	-0.041209362560314516	-0.10535501509203876	-0.04393283967746866	-0.04471216581658096	-3.229563338051535	-1.1869541733940587

drug_160.txt	-1.86228174460717	1.0243239300812286	0.011598863782575547	0.0	0.034254328583364135	0.1071229520726704	7.007457802535653	4.2139211590620285

drug_161.txt	-1.85474305264511	0.9547257834083125	0.02667234793591755	0.0	0.03131228250617778	0.06351550112739487	2.2190767544860965	1.340029279937118

drug_162.txt	-1.86812298274996	-0.8641980140867432	-0.012619558590213964	0.0	0.013143889835692528	0.045221723923011804	2.973258450907873	3.019851062443841

drug_163.txt	-0.0389083598682245	-0.7151531452375809	-0.009557119015390608	0.1854902737991666	-0.01465207400469747	-0.037554725459524985	-2.3471987580475777	0.4471117829346584

drug_164.txt	-0.0683641761438111	-0.8878177268401815	0.0038950298235840564	0.0	0.0030160699587550195	-0.021378814591062917	0.7089782810526155	0.3508447926086461

drug_165.txt	-0.0893826484353737	-0.8507136211098874	-0.0006735003832265551	0.0	7.958018475560686e-05	0.006707325524817536	1.2491667047166797	2.364925493766204

drug_166.txt	-0.0510900872771112	-0.9834477973081794	0.02077572592849211	0.0	0.03300024338735763	0.02943488584581267	1.2476447041991994	1.3685525081244811

drug_167.txt	-0.033216897062433	1.1395158012876903	0.015797347111186882	0.0	0.017782044899854778	0.02651410924930572	-1.0823858880112018	0.03608615414543834

drug_168.txt	-1.87885036993005	0.9946646016323054	0.010247720700260532	0.0	0.010071429931907142	0.03334342252163442	1.1999908679968951	1.2178352699514907

drug_169.txt	-1.9294744338342	0.9580087421412053	0.03900760035865106	0.0	0.05844955932368862	0.04210055435912798	0.5200980168333257	0.8792594852580333

drug_17.txt	-1.93198029043391	-1.0061140478075246	-0.02706926868487361	-0.061347328174737925	-0.045326467793820505	-0.022365375175214183	-1.9031398870675615	0.15845587147331866

drug_170.txt	-0.0150007430326082	1.063272657727571	0.3179575057292686	0.7740332249160922	0.0535353908965077	0.11771653201230799	5.6941387760071835	2.4457539411895683

drug_171.txt	0.0256408030095325	-0.726731451780764	-0.0642527565786076	-0.13287054096040696	-0.08187749644484044	-0.06288703828877357	-1.7445930931616516	-0.4612109791899444

drug_172.txt	-1.82166440973991	-0.9010878937491122	-0.07949276708128147	-0.1725193396340151	-0.09418787020759598	-0.06009731442553084	-1.823889320122369	-0.6197871588667586

drug_173.txt	-1.72627363302872	-0.8798900523193287	-0.04215497866494844	-0.09685725310785764	-0.045804432780581335	-0.005246611152021199	-2.747941494300108	-0.5634974630588485

drug_174.txt	-1.66496559508563	-0.7159570120808159	-0.075231398171031	-0.15818912092457543	-0.10050452181897067	-0.06910104247167782	-2.1627170753238056	0.045707988431851136

drug_175.txt	0.0174595965583397	-0.8865155959004203	-0.05725839042562722	-0.11481448256690613	-0.09077361380673843	-0.13079429046230856	-11.672024108488197	-3.0482329743592502

drug_176.txt	-1.79921422214504	0.9428558631314521	-0.05260858887378156	-0.09863328565697405	-0.059657288015136256	-0.007547932970392499	-2.655038582713118	-0.47487353373555424

drug_177.txt	-0.157221943005225	-0.940432843026415	-0.029763937475593166	-0.071898952434928	-0.03961025900646021	-0.006818145730319569	-0.9049358476781882	-0.12569721646825088

drug_178.txt	-1.70213100082318	0.9359763497364746	-0.04583705539147917	-0.07595672752559052	-0.0530402379042987	-0.02469931238949044	-1.3254798106631356	0.06916128978837338

drug_179.txt	-1.82811126120184	-0.7844830837553953	-0.05346973928006227	-0.12824769371188854	-0.0671599638835784	-0.06290527893606485	-2.9293335159733953	-0.21426606498775158

drug_18.txt	-1.89350915098924	-0.9877561538546826	-0.039447216640281224	-0.07805115196669349	-0.06427978411499422	-0.1213611255543767	-8.834391123692981	-3.2700583313871205

drug_180.txt	0.0868489907279548	-1.0565198081329035	-0.06401818910841078	-0.12538238217994574	-0.061788156965819324	-0.0259841799549898	-0.8951646043559655	-0.23736869633650914

drug_181.txt	-1.69888586852163	-0.8604350192019781	-0.0630042945456688	-0.12262030506645433	-0.06079333638120407	-0.053724763801685844	-1.323759950078383	0.32180496135919184

drug_182.txt	-1.66585122316525	-0.8097064717310539	-0.07009541699602825	-0.1323471328927196	-0.07043747967752535	-0.051638059247082216	-2.0689618434470267	-0.47140572010128123

drug_183.txt	-1.68323818619896	-0.8523924327197481	-0.05472305041086439	-0.12076369093997547	-0.07540377353741157	-0.07597218099671114	-2.18003744121273	-0.7706087724939767

drug_184.txt	-1.78750912093398	-0.958317139986746	-0.06544215025393971	-0.1362449721338656	-0.08055375574960079	-0.08007172339354553	-5.5357746221633715	-0.8833501109659203

drug_185.txt	-0.220898167798469	-0.8056319091623954	-0.06200581311398373	-0.11359802149411935	-0.09059351218966531	-0.11156442056392167	-3.9841407546078567	-1.1241824689065205

drug_186.txt	-1.781927109336	-0.7736973864503792	-0.08408153221955103	-0.15019285950711764	-0.09887982899906589	-0.10233953164123218	-4.916000791440269	-0.935695635402781

drug_187.txt	-1.74153460444784	-0.8435697767873593	-0.05859006768541694	-0.1027140116483975	-0.07686212955305129	-0.07448667337922811	-3.583352358339802	-0.6025378033450874

drug_188.txt	1.57106831391708	-0.8899097605913387	-0.039276162275117626	-0.11073842723220129	-0.04934418359117161	-0.03341228350368436	-3.2810221755475397	-0.9640477413445312

drug_189.txt	-1.82347131476698	-0.9156782443578677	-0.07332864386024032	-0.14334856795060935	-0.08861111468278361	-0.11808250363204474	-5.263640929637916	-1.5683544799436213

drug_19.txt	0.266971282207124	0.9145284218120355	0.01307235749324595	0.05136765994207271	0.027110524455619792	-0.010194398838633543	-0.6687518073756145	1.9499343648775476

drug_190.txt	-0.192229047732749	-0.9346051951875856	-0.0723223036490915	-0.1770404106332471	-0.09053557919881595	-0.0379815264636484	-3.0438031748930796	-0.7647823701725649

drug_191.txt	-1.90633088828296	-0.7047601524395829	-0.29144538735989944	-0.9901544182842033	-0.15609459328966413	-0.11359893637962994	-7.979589973060591	-2.4910950097021516

drug_192.txt	-1.69376587292974	-0.9625048725311622	-0.06854774568914881	-0.14616183159661922	-0.08039968942506079	-0.03749837180141806	1.5794103769995282	1.3011015968684811

drug_193.txt	-1.69880179730404	-0.9893974895674154	-0.05570914864554949	-0.1053907177400904	-0.06593023383533564	-0.050613657258154414	-1.114637078976607	0.884006640612012

drug_194.txt	-0.102717078228811	-0.9153592166896971	-0.06846193201815012	-0.15544864831084593	-0.07195252836256907	-0.04020332011222517	2.032342510996454	0.972893015999176

drug_195.txt	-1.81533352145695	-0.7004211535066247	-0.07240555108926064	-0.14999069941920945	-0.12834794542408257	-0.1651468937692681	-9.504193111425657	-2.789847351144965

drug_196.txt	-0.132009761277816	-0.8943092439681055	-0.07405831609950156	-0.15443367463519037	-0.09069321531195321	-0.0884809473053155	-2.221785915407211	-0.0994428796087004

drug_197.txt	0.032487055370122	-1.080853170754442	-0.03639349595203059	-0.0561431178225093	-0.05352051936490218	-0.04503896686706297	-2.0392523933458135	-0.14013699923628742

drug_198.txt	-0.108754259914476	-0.8424721354750864	-0.03607687225917672	-0.08111646231731862	-0.06068318902876051	-0.06066751261890137	-3.7531923960854146	-0.6811309412028336

drug_199.txt	-0.012894871739214	-0.5801989885158028	-0.08762628754800578	-0.19672973699685103	-0.1466499517407414	-0.14436295815401137	-9.534069981583794	-4.200233392536156

drug_2.txt	-1.93198029043391	0.8513109439362742	0.015989760910951126	0.04334052312831621	0.022199821426992172	0.02261949281735388	0.6947780162245255	0.9737826474530631

drug_20.txt	-1.94055780877179	0.853163028558208	-0.0025973792774905136	0.004304869999102345	-0.016595953395933408	-0.004155174574002964	-0.5229593778061885	0.6206357254086419

drug_200.txt	-1.71618876033775	-0.7841281099127417	-0.06640337898402957	-0.12309634337228748	-0.08352688582592564	-0.14215357502625806	-8.854420650503021	-2.5930380590402318

drug_201.txt	-0.0708911549064363	-0.8826249557505845	-0.009667479294623638	-0.016496036687530746	-0.019901417735030246	-0.02598793551395506	-2.178835060803921	-0.42305667303667327

drug_202.txt	-1.93482602183681	-0.724863207687463	0.014804298310661185	0.014569767605463135	-0.025194614009560037	-0.08619990006926763	-8.25867920795093	-1.9857242309504415

drug_203.txt	-1.94356291649482	-0.9453020018554078	0.002642228462399837	0.011529237040101337	-0.02361130884748537	-0.0421368240280626	-1.3509733193309286	0.3256964471411682

drug_204.txt	0.0275803685775684	-0.9694320007071584	0.012291147474186054	0.0157099953283123	0.014503797364145816	-0.03514595863858203	-2.8564601311964446	-0.7279279748520945

drug_205.txt	-0.0588592028345442	-0.8445985950748404	0.03982745185354175	0.06167682819202025	0.01945043564446846	-0.02208184917846413	-3.4815914037410773	-0.3982815936617005

drug_206.txt	0.0092578523519069	0.857870667736452	0.018635753126808513	0.038008690796623446	0.017459367796295616	0.005087626581725003	-4.530797680471212	-0.42720683675354887

drug_207.txt	-0.0046808549717231	-0.953087199086763	-0.0009086525620920216	-0.01562209390710062	0.0008397384504485579	-0.01381436639603606	-1.8270855212090773	-0.6068947295166413

drug_208.txt	-0.0677458728295517	-0.9621857272364536	0.0038932818936753266	0.010708984729032589	-0.013761902559350366	-0.1254636255368703	-8.744547433146128	-2.876683893380624

drug_209.txt	0.0277800690268944	-0.9562152297678316	0.02325659545223646	0.06224615580394455	0.04981688810289429	0.03263729738010533	0.34648341780436204	-0.043358249295091855

drug_21.txt	-1.66142742408127	-0.979631067305347	-0.00556497941436257	-0.027556117769044597	-0.006593866858871226	-0.036865699012879304	-1.071929744456113	0.05117248050604797

drug_210.txt	0.0315244524517572	-0.9621233702932995	0.009442033407452893	0.02359162938063286	0.012470084355090939	-0.03895268211332055	-0.6804864313653867	0.4615848338659756

drug_211.txt	-1.9393096809635	-0.7850026679849755	-0.009668237438651583	-0.016061875598442188	-0.019534982739493528	-0.050730599111710455	-3.6957064365401884	-1.700679680607716

drug_212.txt	-1.90266464851218	-0.9856002262531118	-0.0005668099269736659	-0.008380899988540358	-0.005397788150144148	-0.04940044474948839	-3.733452049373697	-0.6394219514613596

drug_213.txt	-0.056562647667295	-0.9620653872522889	0.02499403678337056	0.05892710676155499	0.011257983529452878	-0.03741015129190661	-3.2485731245148624	-0.8067179905447498

drug_214.txt	-1.90266464851218	-1.0574092180532735	0.03751706631100096	0.0766775512248975	0.014835365813863332	-0.05827281209100236	-3.0489475366421623	-0.7088797150901669

drug_215.txt	-0.0113804210072851	-0.6308692732598398	-0.0313678626073195	-0.07885835965714239	-0.08691810825985466	-0.16227755591239115	-11.230446098351674	-5.216836791443153

drug_216.txt	0.0494974928910982	1.1132588234553829	0.049919914623580336	0.09382915815570081	0.06106177414727035	-0.011314072284445217	-1.5566869092735491	-0.7660964021217282

drug_217.txt	-1.9030141242985	-1.0019454087955837	0.0021042876204719896	0.013471691086656967	-0.025605036432930644	-0.10532304794245868	-4.8896549624826875	-0.6746653011921077

drug_218.txt	-1.87984887217668	1.2172476953046638	0.05445541526965017	0.08545025997012462	0.04835261949070862	0.06666377659769636	3.9720256304887145	1.9363830360107583

drug_219.txt	-1.90750738440834	-0.9044955600499707	0.03333132490363416	0.07127113450416439	-0.002058332000097611	-0.07841941484042553	-4.086601829444622	-1.0268961974025177

drug_22.txt	0.08506279042974	-0.7922680020536823	-0.06903038523155751	-0.2016556843774523	-0.15159156400271415	-0.14673706449226773	-7.6716283883536525	-4.189488142181089

drug_220.txt	0.0527925503049773	0.9973947356539358	0.048198685821815856	0.10273272177318932	0.05722267585128678	0.05135774084364314	5.777453084334049	5.6300071045246485

drug_221.txt	-1.86533026547136	-1.024848749358256	0.020393367118337863	0.036864615308841	0.003663222882434662	-0.03364299988255325	-0.572820114758839	0.5228068033485899

drug_222.txt	0.047999739521153	1.0909853140254884	0.04395510747438386	0.09309998173144024	0.03919043193705114	-0.030916767059062936	-3.6038232652999103	-0.7090902954883348

drug_223.txt	-1.78100675074345	-0.9727788401048494	0.0031222141464588016	0.00957180167960553	-0.012651725435446418	-0.02510652062305191	-0.5998356239441122	0.5633274807576854

drug_224.txt	-1.85484599188174	-0.9550480151616287	0.004488033313918227	-0.001018791832179844	-0.03228821920666112	-0.10839990194118435	-5.410574859595452	-1.5541441728336023

drug_225.txt	-1.94286396492218	-1.13949155134301	0.026904591089077695	0.07407824707127197	-0.01865251941906367	-0.11656927220314123	-12.330563292391519	-2.9877085856418204

drug_226.txt	0.0163971434153117	-0.6634171729650951	0.004163440441824928	0.012925504822642764	-0.012273848025365726	-0.04540401410375015	-5.453677914250491	-1.9222983009873813

drug_227.txt	0.0457531094662355	-1.0461635246275254	0.028328971918750445	0.06703096433304778	0.027962064615884945	0.008088374664812296	0.384031170570598	0.8129139705792572

drug_228.txt	-1.93692287655473	-1.0338755014804801	0.03295918356501518	0.06132626390594714	-0.0056213385154477375	-0.05042315433858303	-6.175288799598192	-2.2253208602511814

drug_229.txt	0.029926848857149	-0.8825571094277	0.017331107943484747	0.02927842156356164	-0.010999044217925233	-0.0995191169515574	-8.393026193628906	-2.64124280623667

drug_23.txt	-1.94371269183182	-0.8015343003447127	-0.0497108441042437	-0.13351859932678406	-0.08643058458014498	-0.11797279476955504	-5.931814376816888	-0.8471231807962937

drug_230.txt	-1.88929431939048	1.2565426271579052	0.038423090135312504	0.06862319855965715	-0.0037145484476348804	-0.0807382372070816	-7.79226214936913	-3.5581012650668793

drug_231.txt	-1.91715253207146	-0.5585240994033718	-0.026430628522183267	-0.04940001717909981	-0.06295258275465611	-0.11525822710488658	-14.071610124347442	-3.2102210439673953

drug_232.txt	-1.86812607176192	1.039798529424663	0.01415707351674031	0.04039317068733589	0.00089432804131098	-0.016963050335404403	-5.285253336986135	-2.1694761866478083

drug_233.txt	-0.217113460244416	1.2055760954189259	0.038389540660234006	0.08861829421126544	0.02271504504990968	-0.012269779392544446	-3.9539594843462247	-0.727295175173505

drug_234.txt	0.00900822679024937	-1.0014757524283322	0.006317957665555957	0.020935760346584564	0.0006220408349204396	-0.05420786911693411	-4.977215652253322	-1.0966934184596338

drug_235.txt	0.0332718313833598	-0.9074218824502747	0.007618754311200515	0.004457979305879323	0.00028274322461038017	-0.015253769350079353	-3.540294963700288	-0.6980858416023592

drug_236.txt	0.000970283704877395	1.0497035002933606	0.0332153882772975	0.07281839639414989	0.017901969901528633	-0.046421197053836495	-6.907157968433709	-1.726027309231797

drug_237.txt	-0.0222448935292713	1.171272036419929	0.00909803819143784	0.01962268126996919	-0.009710643752550761	-0.02041105649336188	-5.576001095840373	-1.0911992004912405

drug_238.txt	-0.0351850986062713	-0.6854461023229481	-0.025383106177090553	-0.042575685978728905	-0.06290351609604802	-0.1264134908012462	-8.807816994657777	-2.3558892318954707

drug_239.txt	-0.0215459419566303	-0.9161564321424485	0.012697318787911194	0.029326086983491484	0.0052855335329795436	0.004269008094455012	-2.0480343363316744	0.3236956328759001

drug_24.txt	-1.8763349123472	-0.7520802356089733	-0.24554767702912308	-0.94771361886585	-0.1150728074205402	-0.10893058011509675	-8.442628190493584	-2.0498538962501875

drug_240.txt	1.5995193664353	0.8466564234696927	0.04819531043390049	0.09040439354234864	0.03991130740393076	0.02616001104987611	-1.7646987199975648	-0.5166130851249219

drug_241.txt	-1.92054743971	1.0090320966585924	0.02804147187322706	0.06978797671030029	0.015890949841393377	0.005773461130768823	-4.523370317945908	-1.2671885644043372

drug_242.txt	-1.87286895743342	0.8772100115052308	0.014103960410968647	0.022542699110647713	-0.001933845642399099	0.017784675709261268	-2.6156339893155565	-1.2286106904859324

drug_243.txt	-1.85726351943656	0.8119035431390701	0.053280860994634416	0.1497325935806999	0.061282751790871344	0.08116524049909808	1.2578725476766661	1.4251119896806088

drug_244.txt	-1.77796131889123	-0.8092513011547375	0.012900049527230312	0.021035607744271823	-0.010379386210267221	-0.009758939804343218	-3.062554221268435	-0.6698614046834156

drug_245.txt	-1.87586446417331	-0.8196069645531818	-0.21323863768566648	-0.8696658567347552	-0.051713993711523944	-0.02050717945654082	-2.883856140511088	-0.5436145815600391

drug_246.txt	-1.86458138878639	0.591561113614056	0.32550912625782813	0.9527102444795617	0.09873945681065097	0.13145945087285033	4.525835958784226	2.010985044089174

drug_247.txt	-1.92399227246087	0.777681901291336	0.03768143284271652	0.09438791303645228	0.04155251336930308	0.06298796561937739	-0.3820525698978738	0.20313774881923954

drug_248.txt	0.0582843126614426	0.7521497785733426	0.24062482231321144	0.9659938157723984	0.11297545112785369	0.13858227889708463	4.277673774409084	1.592951730251532

drug_249.txt	-1.85746321988589	0.7430948958914442	0.06836437554529473	0.16539128269357356	0.09127524551240734	0.13706573068675962	3.0043377014748187	1.1918354894744367

drug_25.txt	0.0660943367557359	-0.7520363395521992	-0.04739729160310718	-0.11238904565455776	-0.06145096639085897	-0.1381197517333483	-5.714046542775825	-1.6686738621675279

drug_250.txt	-0.281710043630207	0.8554820600567452	0.04413692501059466	0.13339124613764541	0.061195907304260805	0.0886375691944352	3.894586244159323	1.8645197256262358

drug_251.txt	-1.91071219258069	0.7792667969200369	0.04737831210326034	0.12389842071003038	0.05133070471549527	0.0769453865829052	0.4525211938572059	1.4972840395577354

drug_252.txt	0.0857930495561006	0.7429208620945188	0.05461337150049586	0.15200101255578968	0.08056415202715382	0.11780920469611099	2.137664946806082	0.7798100537349288

drug_253.txt	-0.223614578132801	0.8906267749425072	0.013012348030758458	0.03036860172797118	0.013213488183162451	0.03584521136962271	1.0163158455473875	0.3941013146561876

drug_254.txt	-1.86408213766307	0.8336857810791545	0.20812532894587843	0.9036915324754761	0.04325437311181692	0.08055624909142388	3.06066694062676	1.9163235031987567

drug_255.txt	-1.72742191061234	0.8046899506324321	0.012121012376718615	0.0384280955360809	0.0027576184198735572	0.012104607953500737	0.5960458426555865	0.8031308069401635

drug_256.txt	-1.93312856801754	0.5140950124412342	0.33334911912624765	0.9910179364394778	0.15032738001353643	0.21993729657979752	8.685448153052372	3.675317504535885

drug_257.txt	-1.85990955039013	0.6666610429735729	0.06310111358728618	0.16033422630634336	0.0715551309777588	0.11246637959446654	2.9861345752857558	1.5648093818360835

drug_258.txt	-1.70549827432764	0.46313762676870557	0.0654790836972863	0.14944478570979663	0.11435155381662113	0.17259158379164022	6.216291493539107	2.478229858678567

drug_259.txt	-1.88007929577206	0.5591743729915143	0.062681116476102	0.1350067602855104	0.07944743169796635	0.1255517082280396	4.108807816994657	2.5261029805387936

drug_26.txt	0.0686405174846426	-0.7489173135703192	-0.061054148624710314	-0.1459674108607863	-0.0673496031935677	-0.08850085536352142	-1.581267217630854	-0.5010741850853505

drug_260.txt	-0.149216559775721	-0.7451702956511885	-0.09625185373149975	-0.22865971979373317	-0.10957973102407173	-0.13727920157100293	-8.218559274310154	-2.5640238821299155

drug_261.txt	0.0293398530966092	-0.7001561190793766	-0.34939975114698646	-0.8776962593910119	-0.1538938551286949	-0.20276984148801533	-12.571800374412128	-3.3760333300216048

drug_262.txt	-0.142869558538447	-0.8541172849781473	-0.18646183953297518	-0.7836343912167925	-0.06040624459639165	-0.033577457600623514	-2.336331674352769	-0.6314097189531137

drug_263.txt	0.201840717185092	-0.6969092300898703	-0.08189562725071578	-0.17730876173866383	-0.09898771534076155	-0.17363193815672687	-9.423511863994033	-2.064970254746691

drug_264.txt	0.0740823547287763	-0.5943317083739972	-0.33986112766895815	-1.1014215430862326	-0.199951328030426	-0.20600408309569426	-13.814757317017488	-4.149054624167413

drug_265.txt	0.116418849985891	-1.0020084179987583	-0.06043596424910658	-0.11230893156501903	-0.07260186029256355	-0.0659222469605399	-6.108838257005007	-1.905071548260672

drug_266.txt	-0.15051461269634	-0.801285733429688	-0.0757157531163488	-0.20123850022817447	-0.08106692826241618	-0.08257359608280787	-5.191117604979985	-1.4022985186772012

drug_267.txt	-1.77178922252073	-0.5463824413135536	-0.3535684296263756	-1.0280127571885123	-0.183683541244603	-0.26708109246766765	-16.915118031140132	-3.9990381889650943

drug_268.txt	0.03998350300636	-0.6409510637193367	-0.11477417349202965	-0.2592544916394244	-0.1432302777592037	-0.17001895352579166	-9.895940824619881	-3.368218859280075

drug_269.txt	0.133842714189585	-0.7989751731585069	-0.08603957500332768	-0.17044299494480847	-0.0808118012989265	-0.13802321794830927	-7.516034275451654	-2.6872954399175244

drug_27.txt	0.0768781610193405	-0.7078757974738976	-0.08061583769502512	-0.15958627917991947	-0.08561934270438465	-0.14984955492017965	-4.04833873643517	-1.4523860490562213

drug_270.txt	1.75571642536196	-0.8502912333091995	-0.0903171577209139	-0.18966005531239022	-0.09461287349843957	-0.13822547981291425	-6.974567371352906	-2.354452237120154

drug_271.txt	0.0754303327617269	-0.5577204185931236	-0.10216552717745685	-0.23390647779328	-0.1461862633765814	-0.1736463673510729	-12.739555271448792	-4.421122752386437

drug_272.txt	1.75921118322516	-0.8561038624834039	-0.07913877202570802	-0.16984971179835157	-0.074881815454818	-0.10175868502089373	-8.674931129476583	-3.0490939350887443

drug_273.txt	0.145025939351842	-0.457686908608973	-0.3607195808562569	-1.0042251036256473	-0.20713105947200672	-0.26063183504608073	-16.06066694062676	-8.188778546797025

drug_274.txt	-1.76760853702723	-0.46532360621677693	-0.3614440543868855	-0.9544905134773691	-0.18210974176646036	-0.21334465007578637	-14.699694077895986	-2.8500227628109345

drug_275.txt	0.149905576417982	-0.4372663883695941	-0.3825170734972265	-1.0352673010305184	-0.2113242206814475	-0.2555682829859336	-17.470648220020394	-6.77246574955322

drug_276.txt	0.20267642015238	-0.46641212887283034	-0.3587212610469857	-0.9943873435120174	-0.18077155825205252	-0.23612174114429257	-16.439964689587995	-7.11845248029575

drug_277.txt	0.110626618600527	-0.5341568861269159	-0.34504774876832905	-1.0323544412555044	-0.18464486697047186	-0.21986727921233376	-15.313410346559518	-6.920417264889688

drug_278.txt	-1.75390734967782	-0.47173991036064133	-0.38496654484060394	-1.0428258773506358	-0.23602068591280081	-0.2660220695544091	-15.362586183279303	-4.982418606592009

drug_279.txt	0.160689400681586	-0.48174723108418044	-0.34010805394166765	-0.9473000201891877	-0.13506019847651451	-0.18252589103661637	-14.721519565316653	-6.5651494147954255

drug_28.txt	0.0583060192320216	-0.7817380334952191	-0.050947749199448	-0.1003419744743056	-0.08000952113555587	-0.12448214430051943	-3.903489947186582	-0.30340085411244483

drug_280.txt	0.0713637737373872	-0.5114087945597098	-0.3708840964178832	-1.0252518494352696	-0.192497788223052	-0.23008513732099198	-15.348370698446038	-4.792445557583006

drug_281.txt	0.13687512209946	-0.45538968564432114	-0.35772825514104817	-1.0728438541956988	-0.20192396944218352	-0.25056553225864725	-15.0787026467589	-4.179398654980428

drug_282.txt	0.161987453602205	-0.42191173694544826	-0.4069576695046121	-1.0435354589082348	-0.21542601712430656	-0.2658686644355723	-16.607308646484938	-6.854657085377308

drug_283.txt	0.128138227441447	-0.48402174148981036	-0.33119669163219834	-0.9508449733798507	-0.1471369242152551	-0.2041321252946206	-14.321735689390135	-4.300437962555259

drug_284.txt	0.133430289348586	-0.5603825035150427	-0.35219874250014005	-1.0497433911969294	-0.20225637028922858	-0.22806692602402337	-13.507084912408871	-3.738100264458795

drug_285.txt	-0.197993394523599	-0.7790718786021158	-0.23695341614116755	-1.0614324775145916	-0.15076830656059353	-0.1423349885496158	-6.754151256411427	-2.4478526178207947

drug_286.txt	-0.165335859087623	-0.7380863757702213	-0.2666964751960182	-1.0239390328138285	-0.1686214342097071	-0.18521957299602781	-8.710028461409676	-1.8416472493425033

drug_287.txt	-1.68252312167201	-0.6678996650139425	-0.10893183299349739	-0.24357536994680373	-0.17066450650789708	-0.2188960344976633	-12.874145777209565	-5.36042792735609

drug_288.txt	-1.86115517359412	-0.6866504618910942	-0.09409169881429055	-0.19803613709041296	-0.147738907909859	-0.19510220565591085	-10.033666651446662	-4.608245931712657

drug_289.txt	-0.0279177387764507	-0.564777914464843	-0.3850769814526517	-1.191923890358027	-0.3229440692040206	-0.3117103913443802	-15.101197814407257	-7.298421105846933

drug_29.txt	0.0483209967657209	-0.8394999681300395	-0.05954320608216995	-0.1250789846797295	-0.08892682067275054	-0.1337441880817971	-4.368826385400971	-1.4811383941233647

drug_290.txt	0.240000868262823	1.1123214521879787	-0.0005799459376240323	-0.009754493220518745	0.030974065182032558	0.0722992371544512	4.063026041428854	1.6238372640342162

drug_291.txt	-0.252001512780996	-0.9526363747457627	0.009626475555510966	0.029009725359372296	0.019461885139144732	0.011518384428408825	0.1772674002709161	0.7494906799565478

drug_292.txt	0.264014847294276	-1.0856873523631236	-0.01860463705022286	-0.044100950036909725	0.01584787661643196	0.022441613202341237	1.2130344124317003	1.2641643782147478

drug_293.txt	0.251932970110052	-1.1001132259764117	0.0056397065308727845	0.02119596438732846	0.030384915732959532	0.04038892314511994	2.3836658904464025	0.8681302217921083

drug_294.txt	-1.74637082837283	-0.6572709363016846	-0.05884412394287955	-0.14785610013187372	-0.08627621760875401	-0.15228817456318783	-8.427514725355007	-3.5638698906252047

drug_295.txt	0.275547548242853	1.1204475889423189	-0.008556026863218574	-0.025948202008851173	0.02676754445082661	0.02600428643283535	0.8935360638022617	0.6060441091451886

drug_296.txt	0.12264805133437	-0.8404768919171367	-0.012423813671239625	-0.023776017187116805	-0.014408805339761311	-0.03494730104506225	0.741579532137041	0.40800654928923286

drug_297.txt	-1.56767799805309	-1.0510007712589116	-0.01837876574724351	-0.04359423565270948	-0.013055515010640244	-0.007289765953916754	3.3994033757971476	1.2774567697232717

drug_298.txt	0.230996982786689	0.9348725024995712	0.010926036640994091	0.018225747125409697	0.053436672137327466	0.04986232438444316	3.341795656210523	2.841078905461767

drug_299.txt	0.235857083939308	-0.9946395948306347	-0.007554014444909107	-0.025544595819132765	0.0020923705579992875	-0.009508634059035825	-2.787330867692495	-0.45274122978057735

drug_3.txt	-0.0421534921697722	-0.8987702821281081	-0.012782859306461572	-0.020590879315723842	-0.037491408595658096	-0.03752373175719875	-3.862898193385386	-0.8541426708664934

drug_30.txt	0.0638477067008184	-0.9522394677785995	-0.04983423679134047	-0.10483730578636652	-0.0763403826268553	-0.11178229434023321	-4.172473098640854	-2.477246753872333

drug_300.txt	-1.59034399905159	-0.8402705374995929	-0.0060996579317212085	-0.026107676424605097	-0.018349929615786402	-0.03047546591694681	-2.640290397698735	-0.07947157128411497

drug_301.txt	1.68587770518136	-1.0651491675053295	0.030994606896424304	0.07154135193700228	0.05570621467444965	0.030367284376693844	-0.03840007305602484	0.5996681907005764

drug_302.txt	-0.0980650262065096	-0.8348807743252973	-0.001562911163632802	-0.005476451108258118	-0.009618939490614913	-0.015287819515889407	0.3970899350105779	0.5729378520849006

drug_303.txt	0.224723783889383	-1.0399873996516182	-0.017276559845204514	-0.03948143263610393	0.013803218047689476	0.011787066540721494	1.0369693925695935	1.1447710346365956

drug_304.txt	1.73889166250624	-1.135584249298362	-0.02277725803002753	-0.06126026646773597	-0.006465835940093678	-0.024666478513390072	-0.1531741320792049	0.40957462559262153

drug_305.txt	-1.62299502251639	-0.98297108784054	-0.014557603394373772	-0.06423159009163942	-0.005896389970770111	0.0025405587105177246	-1.2508865653014323	0.5379128320285818

drug_306.txt	0.264613948642254	1.0599031940298724	0.0076341730866032464	0.013756535458267105	0.011705527031364177	-0.010960222802325906	-3.4041063573961616	-0.6067888937782685

drug_307.txt	0.216025961058412	-0.8909766260362648	0.005005703278327389	0.0054244343335206335	0.0014490122959796555	-0.0403396481335113	-3.9805336133814286	-0.7881608946033611

drug_308.txt	0.236755735961276	-0.9262700614855031	0.003646934384101269	0.010219340333408433	0.004318203039719317	-0.02089131904790976	-1.0785808867175015	0.5079011491073159

drug_309.txt	1.72177386094771	-0.9514503056609225	0.007034991518929917	0.00945146845971695	0.013729269864142064	0.003170855309618508	1.0003196201086708	0.7522239807067634

drug_31.txt	-1.87694111007402	-0.788196446716454	-0.04772129089248056	-0.09336879049261915	-0.09543153238771927	-0.16280922835294231	-6.485107224936456	-2.5931110345105473

drug_310.txt	0.242696824328724	-0.9287749374402026	-0.011552079727045278	-0.029754496886759907	0.0059105256838396306	-0.01818480594769288	-1.7030120390240933	0.3457658513579128

drug_311.txt	-1.61795258617091	1.0094733304609365	-0.001615720563484968	0.005264020332007124	0.01898755209803637	0.06335899512561488	5.519808836735004	2.3074600399163927

drug_312.txt	0.141018906422974	-0.6082705952195411	-0.01472152946906466	-0.02410999777792666	-0.05036848182534288	-0.17160710783014377	-10.00811226275817	-4.048363264449245

drug_313.txt	0.255477653085589	-0.9546941140366882	0.005330939652788469	0.010271242038615958	0.028007604193995388	0.012971365150173593	1.0748367654445004	1.750059646045623

drug_314.txt	0.286780698517441	-0.9385172944264748	-0.010447093571006538	-0.027200899861216155	-0.018482969876149676	-0.09719075963206082	-5.436951128563384	-1.3156021648533813

drug_315.txt	0.213241008053138	-0.9955969194418963	-0.009455728466307739	0.005517336844077736	0.003362289604985579	0.010839813854287025	3.9460755216656773	2.513141026940256

drug_316.txt	0.259022336061126	-0.9319410249025741	-0.0062372590814915585	-0.009236193840897577	-0.002096124073660477	-0.017864761889810312	-3.3002602620884893	-0.47156936489101947

drug_317.txt	1.56888830633648	-0.9445047858532787	-0.003876102054217151	-0.017193342320902194	-0.02582413102109541	-0.048193793767629035	-4.363758123677762	-0.7447553715121654

drug_318.txt	0.196915496320736	-1.0270001724640325	0.01562396482465489	0.03677151503512627	0.011656277207495484	-0.037716504581761096	-3.8508439492869426	-1.101620829808949

drug_319.txt	0.254129675052638	-0.9917772559939848	-0.02516081905845996	-0.052103737603677314	-0.0110691838027027	-0.026957026254607747	-0.794164650015981	0.7875347441130721

drug_32.txt	0.0571078165360654	-0.8474878242889006	-0.05331599001649123	-0.11555975313798134	-0.07953687360559629	-0.11281952354369534	-2.3064852442049832	-0.8617674265670456

drug_320.txt	-0.112452475133454	1.0062897605506849	0.0006778837168318896	-0.004825100178417252	0.005849210633233088	0.012485653451219537	-1.8134483965724548	0.13440707158806933

drug_321.txt	-0.194787334049094	0.908047186152442	-0.025513717040316963	-0.0605525855500092	0.0054912109945862595	0.04700138646788714	2.581662937765399	0.7439294858037788

drug_322.txt	-1.82104610642565	-0.8839397799799477	-0.006654428357730197	-0.0327085748989317	-0.02553202562833184	-0.07443664986422908	-4.062523781258085	-0.6801281576336207

drug_323.txt	-0.153759744997888	0.9403048253285622	0.001783290704197471	0.0046994612185210505	0.006652662896744829	-0.01283566051152614	-3.4545454545454546	-0.5165577343973321

drug_324.txt	-1.7653988081423	-1.0468234199454964	-0.03589856206018535	-0.07695123351818511	-0.016902966372062463	-0.0015653248727141708	1.0052813417956563	0.48639917387032194

drug_325.txt	0.0805226942195402	0.958693350121653	0.00839293549590514	0.012368766452381719	0.04202308724433431	0.05968405332603608	1.9049054076678387	1.5295929762893703

drug_326.txt	-1.75711123949527	-0.944374371155188	-0.03748056381752743	-0.07770313678860946	-0.004559800919713528	0.04187402408369945	3.555241008781943	1.9830623538881205

drug_327.txt	0.140732379691333	0.9631112323463695	0.017177310132023782	0.051315780414041334	0.0701103964529058	0.0984702845834474	4.0369541725644185	2.8033014434408905

drug_328.txt	-0.112161273140457	-1.0154188381677265	0.008424750271961018	0.020916763288550744	0.017298207674791063	0.008665298537910246	-0.8892592423481424	-0.3531882365102947

drug_329.txt	-1.75777328989793	-0.8717176905663446	-0.03287100665208195	-0.07176592618394678	-0.03428711307192982	-0.058920464357190776	-5.4464788518028096	-1.8572055291919645

drug_33.txt	0.0739325793917819	-0.8907458723523746	-0.06419092285115324	-0.14300263894637827	-0.0645947907233606	-0.08093742549511619	-0.37844542867144576	0.8273922640865482

drug_330.txt	-1.7567747876513	-0.907573707495405	-0.023633631928051402	-0.05095206320254203	-0.00942810428865246	-0.03572444518551292	-4.083481728383788	-0.537695015309246

drug_331.txt	-1.81377624199153	-0.6427069887062786	-0.0946299285466503	-0.25876611655876686	-0.16262999963677072	-0.1733834584844124	-14.872532456661036	-4.552420352402444

drug_332.txt	0.145312466083483	-0.7145309475817163	-0.0029625298385505816	-0.026144972314319503	-0.01849366336447094	-0.07139624364781884	-6.220157374853508	-1.284882373380191

drug_333.txt	-1.71696527115681	-0.6714802951368197	-0.01590963508165963	-0.03218779243604175	-0.04094025832180201	-0.09406879267741632	-5.792855729570948	-3.5304698986438114

drug_334.txt	0.17976079359222	-0.8436050248052647	0.012319802504398986	0.04254225856611921	0.040235762517449994	-0.013893620863005681	-1.296500920810313	0.28377521953968005

drug_335.txt	-1.68428352454596	-1.099075427363121	-0.019806488069423006	-0.05336108664699063	-0.01362677944919455	-0.027975871851749778	-3.3955983745034475	-1.1404301802784442

drug_336.txt	-1.71633544666278	-0.8846754150754549	-0.004838822389538228	-0.01793973184675174	-0.003839662099716952	-0.02095388331849166	-5.9015874465397316	-1.4213572985692968

drug_337.txt	-1.73196200682254	-0.6988686742540053	-0.019868217191709947	-0.040118857634501626	-0.020380641113811042	-0.038639800656029955	-3.3145975069631524	-0.2326487504634035

drug_338.txt	-1.69032446313807	-0.8953305603972015	-0.03823342198046972	-0.08741081838376114	-0.04280173307958884	-0.0965595273836954	-8.970655830022983	-3.917440751251815

drug_339.txt	-1.67387338724355	-0.9100787947894403	-0.021463272991596782	-0.041006617930965106	-0.006885257702564582	0.005051095706208829	-0.35071457924295696	0.17540643056635274

drug_34.txt	-1.86510885845145	-0.8504215519278807	-0.06537804147818796	-0.1373604664376054	-0.07175505328431868	-0.09894076699195699	-2.391230233018279	-0.07551985286223159

drug_340.txt	-1.58328502229933	-0.8945834426667495	-0.013086782703499833	-0.01951756869629434	-0.035111091387461005	-0.06946674564868172	-8.810815335677214	-2.4411280688303965

drug_341.txt	-0.117854656142876	-0.8228690684088922	-0.0379246870731669	-0.07934194449720017	-0.04395501462365129	-0.058532602566057045	-8.8156552973228	-2.833353305063109

drug_342.txt	-1.80107606149304	-0.6674412921237719	-0.2655233918615794	-1.059264787414659	-0.10682424937814708	-0.09366256137651933	-11.331217752614036	-2.557829134002002

drug_343.txt	-1.60719915110612	-0.8437454690307911	-0.05342580143359721	-0.08344439428131034	-0.04136973293730507	-0.023581476378699437	-3.4880751259455427	-0.8979850084876996

drug_344.txt	0.145062840521826	-0.6540141535925749	-0.047544265744843384	-0.09655144627494844	-0.05500171695863876	-0.1373274386867782	-11.062752081335708	-3.575045501257521

drug_345.txt	1.6287850832447	-0.8950368963695927	-0.018821898403928228	-0.046492354953501014	-0.017908614930641727	-0.04005958732547814	-4.261905849047989	-1.4290226689645285

drug_346.txt	-1.58543180212958	-0.9230664619031416	-0.026399963291159012	-0.05762264974130321	-0.027467324865107362	-0.059636305672939274	-6.632893475183781	-1.807709983469533

drug_347.txt	0.0789154896417914	-1.0255966213025178	-0.017469082062784136	-0.03766834402311259	-0.0064099990445179176	-0.032140718312461576	-3.445093831331903	-0.042237273645821805

drug_348.txt	-1.76284611544222	-0.6718646562537631	-0.05906179593817143	-0.14051964243653825	-0.07868382698944643	-0.14186796666651114	-10.643486598785444	-3.9259439333417716

drug_349.txt	-1.75928874247158	-0.8018777643895869	-0.32010299022862304	-1.0521568569921929	-0.09651081338920343	-0.11845027955155113	-1.7110634217615635	0.7133372041612696

drug_35.txt	0.0650958345091058	-0.6958174047716117	-0.07362351292753005	-0.15402497402423537	-0.0927042437693983	-0.15819041209832616	-5.275497313669087	-2.83114589466045

drug_350.txt	-1.71252594352618	-0.944429080715531	-0.2595665062697742	-0.8591967750711343	-0.07506190130627197	-0.04865551171537802	3.354626120572881	1.6455570682610454

drug_351.txt	0.19220734116217	-0.8514736815324933	-0.044759446210148546	-0.09600559575117051	-0.025321718117106606	-0.055516451818262	-0.7783206246290124	0.7362283830868391

drug_352.txt	-1.82136485906592	-0.935051415103971	-0.29442780796636325	-0.8817441121871743	-0.10125583702595858	-0.10665497727742336	-1.5922865013774106	-0.207765035502852

drug_353.txt	-1.84608739065315	-0.824522058549501	-0.27626375934270475	-0.8122061083801619	-0.0210131275593351	-0.07056084594742862	-2.153143692068855	0.3540565098000631

drug_354.txt	-1.73244606334645	-1.004804681019815	-0.26103258587757533	-0.8706382539673263	-0.06972774341123446	-0.07906321955675494	-1.6070346863917935	0.42605715678082484

drug_355.txt	0.144968583913427	-1.0010052987271767	-0.3356625668407687	-0.8971639706580208	-0.05806120404192568	-0.0444110462648144	-6.959027746069434	-1.140012467733715

drug_356.txt	-1.806661162103	-0.6589160407348897	-0.30539708473710786	-0.8877245286236772	-0.11998827952836634	-0.1317357288535926	-7.41960032266411	-2.111847203230841

drug_357.txt	1.73478820231192	-1.0672952189528446	-0.3174672877457809	-0.8842499034650264	-0.06827323897438212	-0.021013716699280222	-3.511087773769843	-0.8972711123449709

drug_358.txt	-1.72007423647138	-0.8727943178426465	-0.3242326794208402	-0.9047775494736325	-0.10655290453585033	-0.1702992024886251	-9.451912393650213	-2.0348720641135953

drug_359.txt	-1.76405826043543	-0.9567669510934097	-0.2849273763202325	-0.8733942955695251	-0.04022941360588438	-0.019177975934145008	-1.3520234996879898	0.7431155344817751

drug_36.txt	0.0541622349085068	-0.8198433990307498	-0.05473205144422186	-0.10975772769870484	-0.07888195235510642	-0.10180326211413161	-3.3396800754912257	-0.6766805629818208

drug_360.txt	-1.74652494502394	-0.9607200779195741	-0.27651358781288593	-0.8107939085304394	-0.07346351590959296	-0.05827001530888648	-3.355798060971341	-1.1451973301868377

drug_361.txt	0.140924649814576	-0.9877210663462925	-0.0513373753935053	-0.10739000131533483	-0.061859615576391684	-0.07363522524375916	-5.276654034062371	-1.3013338556180827

drug_362.txt	-0.154358846345866	-0.8768569796402867	-0.2933544048771538	-0.8731020810873256	-0.07797426984447951	-0.10014630786783577	-5.22761517738916	-1.0509450467819514

drug_363.txt	-1.80964205865115	-0.875551375732847	-0.346496811587255	-0.8984138979633082	-0.08559274446206282	-0.04896319527816643	-2.9564555651948923	-0.9275217156541297

drug_364.txt	-1.81492451957515	-0.5715045459202873	-0.3540333853145539	-0.9394490773371637	-0.15565674800474705	-0.20628835245205662	-8.340395415734442	-2.4033563605287753

drug_365.txt	-1.74774143133126	-1.1322223715019613	-0.05561256413539076	-0.11052740085654394	-0.0377479927572696	-0.04422624010188829	-2.043924934934478	-0.1400236113283566

drug_366.txt	0.111573025077768	-1.0581396038666777	-0.35120492752728993	-0.8326097545484814	-0.04860382675449953	-0.0452895886372624	-5.923915194131166	-1.0952081603235917

drug_367.txt	0.10157497866912	-0.9485724595674963	-0.07820125794228783	-0.16645505716363024	-0.09089382907184777	-0.091263703443379	-1.4616836369724366	0.2741276812359076

drug_368.txt	0.110917486646285	-0.8791359724598208	-0.3481624800422445	-0.8892091071363735	-0.08977686118075028	-0.13022444726826765	-5.585833219183295	-1.1587812886977498

drug_369.txt	-1.75583739774953	-0.9058161597196102	-0.3150583399191745	-0.8640363921407843	-0.04975074320700049	-0.0712683963481783	-6.36891770543202	-1.4147222408456548

drug_37.txt	0.144726388677853	-0.9308736290362716	-0.057615178216214896	-0.12075285018494153	-0.04217665888440605	-0.05034076110213137	-1.913702570658874	-0.880959646021884

drug_370.txt	0.144918658801096	-0.8250278329323342	-0.333634893038645	-0.8929172485587058	-0.0532802306428663	-0.04832082634693626	-0.6011902044046695	0.44139791429049685

drug_371.txt	-0.138033334613464	-1.0555117546849972	-0.3363037115740345	-0.8885802710506127	-0.06423512313975588	-0.07337017217597255	-5.570643654018842	-1.3590896909234713

drug_372.txt	0.105176098728162	-0.9899784119997823	-0.34906109476221925	-0.9203345224523264	-0.0771695611727482	-0.09710820872944187	-3.0048095216352375	-0.30013382367970226

drug_373.txt	-1.76880114610693	-0.8767134971170913	-0.2751780500382019	-0.9267443343637347	-0.070848665112407	-0.06895712466800819	-0.6300473342160936	0.10939044294133218

drug_374.txt	0.179476437517637	-0.718289879288498	-0.2514540734898813	-0.8710755046748665	-0.09743930324176668	-0.130093083719591	-8.50983973334551	-3.2256501029930384

drug_375.txt	-1.73525147062016	-0.6881149776305993	-0.2614688503024505	-0.9076998835369633	-0.1447356118795048	-0.17368370605574024	-7.934493097727653	-2.8080912367264257

drug_376.txt	0.0416924780053999	-0.6397548045153896	-0.3189533590249183	-0.88433806220934	-0.08884813814374103	-0.13903976080886946	-3.733452049373697	-0.7216877619374533

drug_377.txt	0.0259111333000499	-0.7443406832100796	-0.2857095066335096	-1.1368816535497217	-0.15278650562649138	-0.1575105695175052	-10.824102400194816	-2.579483149755111

drug_378.txt	-1.75546154013127	-0.8612930141312418	-0.22206594539380595	-0.9839889966397208	-0.10592224648639563	-0.12366598008905134	-4.722615405689238	-2.9368741843857045

drug_379.txt	-1.78926301183676	0.8738778437044163	-0.010557532713247997	-0.019053323808719047	0.017416120839056522	0.04344809643810596	1.0576381595969742	1.2421082339908445

drug_38.txt	0.0455251904751568	-0.7735480178516569	-0.08814130422452068	-0.21016269306851104	-0.10591648760325294	-0.12161977764982723	-2.357928861695813	-0.6197666081248583

drug_380.txt	0.125245993885426	-1.2325148239023895	-0.0013070908479614896	-0.009094242130752772	0.0030993971483550724	-0.04793468467597875	-3.0511696573976836	-0.27056676052400835

drug_381.txt	-1.73720072065814	-1.1083705869131446	-0.053815661694482236	-0.10537785024289575	-0.050705571000674014	-0.07271649179128002	-5.374914387470891	-2.4159145819533454

drug_382.txt	0.0138841904367529	-0.7775509152600776	-0.011408379315840628	-0.01963340177215661	-0.02073336673136967	-0.016610979157900444	-3.8973562851011367	-0.28265402472440715

drug_383.txt	-1.66579820904095	-0.9651111147935358	-0.07889723201258844	-0.1656858592668749	-0.0759537461890476	-0.011513939662587139	0.20968601129324385	0.17319903888021904

drug_384.txt	-1.64489352927131	0.9192675908681402	0.02315488568148208	0.056398818239433435	0.030888739884894954	0.07006270498950305	4.7155989833036545	2.1600165664396425

drug_385.txt	-1.85532353643448	-0.6324366804056678	-0.08507716769340268	-0.18724411041841255	-0.14759224081953165	-0.18262627461278275	-10.386390271372692	-3.1294651736183723

drug_386.txt	0.265851223165252	-0.9106620289396468	-0.023155992945823045	-0.06708625666075013	-0.009149929034025159	-0.03997627474654548	-4.022038567493113	-0.7697940455516845

drug_387.txt	0.279020599535479	-0.9641189626659996	-0.009903596542155113	-0.030055086663955788	0.009988671284835495	0.007888111080087894	0.8997458259135808	0.418754458342073

drug_388.txt	-0.283778679806377	1.0432101814463934	-0.033348829198341146	-0.07348785216480497	-0.009353445395328454	0.03095923649458138	2.9924052174177738	2.831609443872822

drug_389.txt	0.252422035842557	-0.9016231054159602	-0.029129126295590085	-0.06309266543447112	-0.020240664951056614	-0.0344693295623011	-2.6649924660974387	-1.0943338915622804

drug_39.txt	-1.87852911268549	-0.6562895868930457	-0.09416928102680294	-0.20823667764153503	-0.14109864913195577	-0.1809185934469795	-4.992100817314278	-1.9841623759061346

drug_390.txt	-0.269408011728227	-0.8712858029861381	-0.19181833538565107	-0.6345294816740965	-0.04346118842820974	-0.04454321946962518	-1.2313288586518119	-0.10810775220492944

drug_391.txt	-1.86450975710348	-1.0455713225662286	-0.0454243148339358	-0.08827909009574159	-0.04207980229430528	-0.008508388878203712	0.4610443967550949	0.03321891744709334

drug_392.txt	-1.69475786320519	-0.9203128159446996	-0.06809296396902312	-0.13778526391023976	-0.06930882247733086	-0.04262463678469061	-1.0894023103967856	0.3288625319534654

drug_393.txt	-0.229655516724913	-0.976485618454542	-0.044116370619421086	-0.08391944309561011	-0.05186075297445231	-0.07929325525940038	-2.985267034990792	-0.5635948661112504

drug_394.txt	1.76425361957064	-0.9642812593603882	-0.06532620056106389	-0.13196277030778897	-0.022949508368348956	-0.0030828411264587022	-3.124514862335053	-0.5154709125871894

drug_395.txt	0.102201714151181	0.9533409870815415	0.00483802098973013	-0.0001807831684442207	-0.008147651597014964	-0.10171780838621543	-7.732584509078733	-1.5006806788792095

drug_396.txt	0.26980682821921	-0.9775088613181759	-0.01876643924754498	-0.047023608782068405	-0.016344846137701805	-0.020032148882718502	0.3173827679101411	0.6777007541022714

drug_397.txt	-1.78247319655968	-0.9776967760216946	-0.017419781546511803	-0.03399355264399284	-0.029507855909963583	-0.11053044448909367	-5.762689679314491	-1.2293335228339999

drug_398.txt	-1.59057500705464	1.0146505731810236	-0.01333194072220295	-0.013108153569930281	-0.01307245608289542	-0.01330329638433723	2.340212775672344	2.251156582285824

drug_399.txt	-0.193409885172242	-1.1106964384467328	-0.026740899528272216	-0.06402550987963962	-0.01866419596686017	-0.004474318392808796	-0.5668995327458412	0.023512176482997093

drug_4.txt	-1.89517588166246	0.8374002031608067	0.01527574667167654	0.03157120555762205	0.023839265252202785	0.034603187525946266	0.8513766494680608	1.7886380084610523

drug_40.txt	-1.8574203911524	-0.7799740703522027	-0.03447603061609214	-0.0678933661322666	-0.059350670585146516	-0.10114777398182732	-2.1176658600063925	0.9122977661748136

drug_400.txt	0.323119668323602	-0.9608708434364949	-0.02908930298674295	-0.06041789600999814	-0.018619045860999578	-0.05273657678721624	-3.289499718429904	-0.8782407891081245

drug_401.txt	-1.60833440474739	-0.7379430380999553	-0.3055825170809405	-1.3410499582845987	-0.2304360052373722	-0.23566785177222813	-11.917416251921527	-3.245850649231321

drug_402.txt	0.0106889832475366	-0.7092647590102188	-0.03691728967824723	-0.07627174825159472	-0.0725605301342224	-0.11705139534835012	-8.122521041657155	-3.658161559546156

drug_403.txt	-1.60273193888098	-1.07984784617788	-0.0460685544486259	-0.12290976540031273	-0.04416409974105204	-0.027130468393914038	0.38553795108290334	0.3124218326066028

drug_404.txt	-1.67532831188001	-0.8936255812983112	-0.040703657798308285	-0.08123400090183935	-0.037802115148010976	-0.043763225023632876	-3.820890979102933	-0.5083900803612065

drug_405.txt	-1.92830753869196	-0.7532967992653928	-0.25198287249930496	-0.9111619251565695	-0.07719482221467218	-0.06111264679930256	-7.782064745902014	-1.5896863179853917

drug_406.txt	-0.119962364146089	0.9078475828323674	-0.010301002768383333	-0.02581654556409707	-0.0006349043790590217	0.04617954862798668	0.614431608906747	0.6916608653637727

drug_407.txt	1.8905948769154	-0.992738458406976	0.22204394743709827	0.7838027355189496	0.026786292748826553	0.0024903586954808585	-0.21117757180037441	0.31556534012050347

drug_408.txt	1.75384999423941	0.7052982361863931	0.31524695901977834	0.7988755776551075	0.06715171592521595	0.04028300273095458	-0.13274888513462094	0.46075509803260567

drug_409.txt	1.85796305541687	1.1293014214636767	0.31941546862079495	0.8741223634072082	0.08123912585659318	0.05410109088316286	2.5011491103906973	2.2002367321864393

drug_41.txt	0.066992988777703	-0.8665250681609815	-0.053279040958434415	-0.09117731520234318	-0.07004076104300382	-0.09508901314540627	-4.139947947582302	-0.6855481949873534

drug_410.txt	1.8763854218672	1.1367665152574864	0.32415490531894886	0.8074918378976463	0.08941639997920173	0.09599456259672075	5.385446631051854	4.7965489468504225

drug_411.txt	0.106040938592112	0.9011714105689617	0.3563573878793561	0.8827204670632735	0.08959065880297236	0.12082865666337292	7.071579684337093	3.9132122535865195

drug_412.txt	0.0991447611191907	0.9769010318031186	0.33970522254861646	0.8488620662694872	0.07536806740941085	0.010907470375998086	-0.9096236092720271	0.8367512057836379

drug_413.txt	0.0583962684735438	0.7103080702508926	0.31970987995645567	0.8019808657822487	0.0647916125251064	0.0025741761706982703	-4.66835608724107	-0.7052383461172198

drug_414.txt	-0.142785821268098	1.0931945515947856	0.344639247432853	0.8849773103701943	0.058870370406910136	-0.0037298294941334785	0.513553414608161	0.6905895257055058

drug_415.txt	-0.101847229156266	0.9723048641844204	0.3353360521627988	0.8226924283249921	0.05402343040792897	0.003586177732009871	-1.9070818684078352	-0.8799217309264099

drug_416.txt	1.87948077883175	1.001440976014756	0.32291700413907776	0.7999589543936341	0.07473612176009803	0.06332475313662712	3.1611341947856264	2.012761733741838

drug_417.txt	1.84902646030954	-1.0504828588884132	0.32851781805576225	0.8023940539029644	0.07038719617360462	0.023852932487225486	3.4132688005113923	1.3003224715681525

drug_418.txt	1.81892161757364	-0.9862386145457556	0.29156512025479797	0.7753366060210318	0.04293491600237298	0.03051420296992075	2.7478349542638845	2.487399285276196

drug_419.txt	0.0309535696455318	1.001981233715922	0.3398846616184352	0.8439170834985322	0.057905778853866684	0.01043775167474731	2.1132824985160497	1.6620393230099266

drug_42.txt	0.0636480062514923	-0.765476544517329	-0.06462403626421423	-0.13015824473775833	-0.08636733298490253	-0.13473880316717257	-4.44876185257903	-1.1286299815658491

drug_420.txt	-0.162306540189715	0.8456439441706671	0.29609563798951133	0.8667021823329919	0.06041735082376521	0.02777395732965896	2.399920855973091	1.3715088094695873

drug_421.txt	1.72635085832789	0.9442394903811387	0.2944924771430753	0.7804326738891767	0.04056889615982338	0.05126435886870165	3.2330943792520888	2.101108699782479

drug_422.txt	1.9337493759361	1.0597801907270579	0.285759949376186	0.8106703177095138	0.0536433376403134	0.004123458746259603	-1.600916244311523	0.4054616918222402

drug_423.txt	1.96739890164753	0.9395783059825049	0.34805575750140216	0.8150756405733854	0.06347416565046324	0.007802907431524127	-1.7301493082507649	-0.42979988414647197

drug_424.txt	0.165202196704943	0.9889123209835615	0.31519788108072994	0.7836522107606458	0.033089778554982366	-0.015538612616072395	-2.412462140237128	-0.013529150458712377

drug_425.txt	1.76133876108914	-0.9747499201338174	0.01643887485963562	0.025565437230621546	0.032674825592319184	0.024997669737767767	0.046177495700348535	0.8632373118210954

drug_426.txt	1.76809785322017	1.0220201306286532	0.296488711532287	0.8339784434411602	0.07303165891420917	0.07253500044265761	2.92630473494361	1.5384512873465743

drug_427.txt	1.92661008487269	1.0453100939427027	0.31813975865349853	0.8289559067809347	0.053832608799909504	-0.02400944346196599	-3.8635374336027275	-0.615326300677887

drug_428.txt	1.8	1.0323888168808975	0.2797210739355237	0.8004845882355904	0.0569059759726918	0.02041511432326591	-2.797771791242409	-0.5277636752582402

drug_429.txt	0.00294558162755865	0.9399398049411591	0.3399426455434456	0.8421985374463548	0.029473142244180895	-0.07192242564596482	-6.403101837054624	-1.8969863725487992

drug_43.txt	0.0948512014586815	-0.8298720352824485	-0.05724332567410814	-0.10223949858090198	-0.06409739798128915	-0.13960036055317837	-4.806705934280018	-0.6858658187578943

drug_430.txt	0.00773839241138297	-0.9374457721313398	0.04071667593383374	0.14008300397566253	0.03236576706770624	0.020344817684714692	-1.229867738155031	-0.08724083151940348

drug_431.txt	-0.119171243135297	0.9257226886335526	0.30137771122267704	0.7758640418909388	0.024179960666443165	-0.015361163193730055	-2.402386496811409	0.16799705112759988

drug_432.txt	-0.0332001997004493	0.8439373585579419	0.3604581355147778	0.8233427759731256	0.07961840485704808	0.10647596120662622	4.50439097149293	6.359100348958553

drug_433.txt	0.153313507998871	1.012743821408098	0.047749370308238004	0.09232209277649539	0.05156633834285276	0.035095338208674255	-0.5546474285801257	0.1700765705864992

drug_434.txt	0.0395406889665502	-1.0349130625472935	0.005326690586601596	0.018284543131332598	-0.056912383375520965	-0.11495404178315169	-8.881055659558925	-5.820315531348049

drug_435.txt	-0.127309036445332	-0.9330478196989294	-0.006884347166583732	-0.009826357683826725	-0.004615259485121669	0.01987822533383009	-0.1123692982055614	2.114294561821273

drug_436.txt	-0.144682975536695	-0.9404550091503203	-0.1729943018085636	-0.6905802230740353	-0.015394825956053546	-0.01278562413262459	-0.8885439021049267	0.4621159080547227

drug_437.txt	-1.75606590114828	-0.7349470226604371	-0.04815678556002023	-0.11849023544528786	-0.10051532244145844	-0.08701868284746532	-9.052463357837542	-2.372960963542094

drug_438.txt	0.124306099379359	-0.7685835966116807	-0.044891667974698846	-0.09967211278246141	-0.09543562799646788	-0.10199650358841793	-7.578360196642467	-1.6260798720093899

drug_439.txt	-1.75965833857909	-0.8889811760601787	-0.05070451488575192	-0.10915842911221185	-0.100534032353588	-0.08625726340816431	-8.371839946425581	-2.3720385980886727

drug_44.txt	-1.81752062541639	-0.7221166529240434	-0.05624847944173286	-0.12426277898155258	-0.06964302892210768	-0.08193156025275078	-1.0901633106555255	0.15884718643278697

drug_440.txt	-1.76144604163988	-0.8106259072581656	-0.05526340991276538	-0.1340508621109865	-0.0965285724438227	-0.08862613136668109	-7.381428549685707	-1.4174349310914185

drug_441.txt	0.0809593302354161	-0.8756455387897657	-0.06132568691063632	-0.16199971464926644	-0.09959478577996815	-0.0857249724089443	-2.6653729662268084	-0.4608071288444512

drug_442.txt	0.0759199829019013	-0.7504308590446211	-0.030004314550090894	-0.05423654823107199	-0.10140146929671633	-0.12229075237977527	-9.63647017639986	-5.159596276959716

drug_443.txt	-1.91367948077883	-0.5658997988167103	-0.09895969255477002	-0.2705530929418885	-0.21566243534841742	-0.24645950771175779	-15.111882258039968	-7.779516863265136

drug_444.txt	-1.82326201333451	-0.7717362587628612	-0.02279032388387084	-0.04863204082832612	-0.11001305980946319	-0.12896631354519303	-11.285603397105154	-5.151069539169133

drug_445.txt	-1.87134298552172	-0.688822139892224	-0.053085937488768414	-0.12088619304132597	-0.1490500453461708	-0.178933457358019	-11.688887874221876	-3.3458279384534175

drug_446.txt	-1.77377971504282	-0.5310713210723147	-0.1093660410551772	-0.2572971318437056	-0.19043639069359022	-0.19710280522743379	-13.73197570887174	-3.796613786050463

drug_447.txt	-1.86465953244047	-0.6444322034628547	-0.307898622413309	-0.9221275190201681	-0.14606673154109562	-0.16939817123323994	-7.925239334581374	-2.3575998723840117

drug_448.txt	-1.92685971043435	-0.6833221112890807	-0.28440588478725065	-0.9205109725360175	-0.1370909959113383	-0.14737430625151798	-9.054076678386071	-2.1491078977729985

drug_449.txt	-0.184003509785489	-0.7305419843329949	-0.26544722742876137	-0.9243537941300295	-0.16169956388563464	-0.1390314240732189	-11.078626546733027	-5.068870860225757

drug_45.txt	0.112974017235017	-0.733459501568446	-0.03562733392051409	-0.07280246827610948	-0.03972368815201367	-0.08509418469285304	-0.9608541466904099	-0.22231406200886544

drug_450.txt	-0.244562671043602	-0.7457254640525675	-0.07182953671156553	-0.1430067526406395	-0.1227634520841033	-0.11722893707454177	-7.321705249379785	-3.6624227089592183

drug_451.txt	-0.187308168182509	-0.8808670526775293	-0.05951868758180129	-0.1389293882208711	-0.12666377879472118	-0.11170024407669753	-10.406937278358674	-2.7100257551324867

drug_452.txt	-1.64577206097209	-0.7238708114975492	-0.05625809292860684	-0.15584271047547815	-0.121309162446585	-0.09995230330361202	-8.202654368902486	-1.945692751903883

drug_453.txt	-1.79188174260349	-0.8722144678693299	-0.06461713301494226	-0.1419875139320247	-0.10823914542996675	-0.06886901807955478	-7.315297627201193	-2.5391308886451904

drug_454.txt	-1.80646146165367	-0.661375364722351	-0.06295331076006408	-0.13420100228847104	-0.14140774392966396	-0.18281809037999686	-9.065476462261998	-3.0091506849016736

drug_455.txt	-1.84378432351473	-0.8475343335304892	-0.04307724379685693	-0.0782057887988235	-0.11815690546752682	-0.14324794038308297	-8.791455489094867	-3.9334959530332325

drug_456.txt	-1.67644528190991	-0.7591085095479482	-0.047614660641308926	-0.10245601798475079	-0.09374035543555141	-0.05747332401406316	-5.693849595908863	-1.278048236928891

drug_457.txt	-1.80533238603633	-0.8453633233702733	-0.06467404853237427	-0.14243616267248171	-0.1364518815810885	-0.14341639837924156	-8.878118198560188	-3.3060459531435913

drug_458.txt	-1.69892276969162	-0.719311351141773	-0.06545260060489375	-0.12339980167240638	-0.13038946002140692	-0.1546306614621453	-9.655632162914936	-2.1163529464202173

drug_459.txt	-1.73946037465541	-0.658260449270203	-0.09055177673850606	-0.1829686822736975	-0.1544573026711376	-0.16672748265889276	-8.69523461637977	-2.610592151596502

drug_46.txt	0.0980464086478977	0.8308579760189609	-0.03287516382649541	-0.06811057840808987	-0.016641505502246412	-0.00014782482381136904	0.9603671065248163	1.0054458846857035

drug_460.txt	-1.78381466262145	-0.8722184577617895	-0.035006161966714106	-0.07238526733224121	-0.1086523719820826	-0.1374922499609489	-8.953837724304826	-2.288123809997878

drug_461.txt	-1.79679519182764	-0.666981394101294	-0.06154674017285597	-0.13818981896152943	-0.16756872327367692	-0.20534105112654702	-11.127634963395888	-3.641602022430385

drug_462.txt	-1.72960250260061	-0.9612252068788733	-0.06825518088772042	-0.13777581148243734	-0.103159092714987	-0.09352952604916305	-4.991141956988265	-1.2759236093097073

drug_463.txt	-1.78676984523215	-0.6627608851131088	-0.07956449018037542	-0.17638391158739963	-0.15107958801284416	-0.17268375865921448	-10.386390271372692	-2.0499645805791307

drug_464.txt	-1.82166749875187	-0.8223636004937269	-0.03842175649238855	-0.08863873645129494	-0.12005028319490277	-0.15597629601869312	-9.072416784621707	-2.7136031586016447

drug_465.txt	-1.81292100311072	-0.8099976612862518	-0.05894037652937742	-0.12508482353148553	-0.12024496644827776	-0.1255321954783928	-8.204769949621783	-2.5454140361226747

drug_466.txt	0.068312748268901	0.8719425700674306	-0.28451934301525417	-0.8753550332079889	-0.02488739497007673	-0.011379730350893506	1.6116463479597583	0.9357348077756318

drug_467.txt	0.0246782000911675	-0.5866961444373304	-0.3524520642395562	-1.078771355655613	-0.16643294817973336	-0.15733632439344009	-10.03106403056177	-7.955877357145293

drug_468.txt	0.02343007228288	-0.7877831891931097	-0.2720720092895248	-0.9236606190376283	-0.09991812359003253	-0.08899175906044636	-2.533278541314704	-0.473447947090773

drug_469.txt	-1.68202420449593	-0.5036826965032374	-0.373430259715428	-1.0806677605642208	-0.23717155914399246	-0.2926677346081057	-15.756510357213521	-7.526096953932033

drug_47.txt	-1.76630706114741	0.8634567201333332	-0.01572936674793407	-0.04740921672131204	0.003248134972209824	0.008365212973161097	-0.3903018127026163	1.2810356960409899

drug_470.txt	0.2037682606525	-0.5839042250489619	-0.34133065629433146	-1.092314985803215	-0.20486569515533226	-0.22612025615636352	-11.268678751350775	-2.6549663641205012

drug_471.txt	-0.00728347278413488	-0.5591040922133075	-0.3657741383722738	-1.0694615465618824	-0.20519396396655995	-0.24361941830726125	-12.753420696163037	-5.531373059449609

drug_472.txt	-1.76742403117731	-0.6620541106285915	-0.34044696929739815	-1.0341167084571594	-0.16422595571106305	-0.16372084481289573	-9.495943868620916	-3.3577304445906204

drug_473.txt	-1.85429372663413	-0.9430213935024447	-0.05950134472098925	-0.13236649907299708	-0.05221175217140996	0.003756120668169252	-0.2718445124271342	0.2956141103166985

drug_474.txt	0.0612233823178276	-0.818685319576653	-0.26045715358321386	-0.8855483519237495	-0.07044268737308954	-0.06630211648761908	-3.2380408809338994	-0.3621127460384481

drug_475.txt	0.0548828930517267	-0.8627328855688049	-0.26870237090145205	-0.910395105256278	-0.059994373202629916	-0.03707428767569552	-0.9969864389753893	0.38926026865283353

drug_476.txt	0.0823916299463847	-0.906060884565099	-0.2714336014789527	-0.8782429490113404	-0.04037031431976466	-0.002436224705792298	-0.25029298509961495	0.9968907495064568

drug_477.txt	0.0664155940003038	-0.881856363114687	-0.31555246889138705	-0.9538279446529132	-0.08660843491714415	-0.051254852923021156	-1.8211801592012542	-0.17042945022547984

drug_478.txt	0.192035859254596	-0.9161626135133041	-0.24100383272545417	-0.883632070416846	-0.03083193213512077	-0.014839209126021023	-1.3936045538255484	-0.14554106464604857

drug_479.txt	0.0310186893572684	-0.9130492963605954	-0.27554020781901933	-0.8843165487360622	-0.04050322834770992	0.00732568441206747	0.14818197038186992	0.06099793975173786

drug_48.txt	-0.0107717186761663	-0.8292342919178917	-0.03468339147626276	-0.07708763815173991	-0.05186154729458796	-0.049242275340311344	1.683758732477969	1.5339973323066596

drug_480.txt	0.0481929279993054	0.8324804414257563	-0.03964901391525319	-0.09525201072945078	0.009498540340330064	0.043907774168297185	2.6794210310031503	1.039904709422898

drug_481.txt	0.0467950248540232	0.8570034568710196	-0.30410533937079065	-0.8769817510602536	-0.037119062245965576	0.004832474373093218	1.0696467436798929	0.9739531975705294

drug_482.txt	0.0776986693872235	-0.8577479165086798	-0.31692583654134543	-0.9210905007589631	-0.03729999775179333	-0.020969530146132936	0.6051017457345935	0.9564463992118776

drug_483.txt	0.0472942759773383	0.9158500269591849	-0.3032450691517987	-0.8696706019595655	-0.03218412842962323	0.00020064516283090634	1.5275405993638038	0.8275996253012163

drug_484.txt	0.051238359851527	0.7568491490913412	-0.30230409821450116	-0.8843502170786872	-0.04262427741602752	-0.021278641050731788	2.828242241602362	1.1264723620180064

drug_485.txt	0.0300701122229698	0.7768426206595074	-0.2999536434012413	-0.8875314737947158	-0.03788318497915997	0.003160100876332975	1.7062082401108016	0.841515982117895

drug_486.txt	0.0425513903058455	0.8516055177423691	-0.2903702155043233	-0.8874899605465945	-0.030991229760971406	-0.005206748487635312	4.215241313182046	1.6063985230338833

drug_487.txt	0.0687620742798845	-0.7899119822572715	-0.3295536185691261	-0.933305452274998	-0.09209889784816659	-0.09757950253003808	-2.2134605725765946	0.03992084671347409

drug_488.txt	0.0864854891575679	-0.7826928584905419	-0.06048242445564714	-0.12598568133537258	-0.04493345833197255	-0.04075395917048134	-2.1650913961310745	-0.9285085971196544

drug_489.txt	0.0649677657426903	-0.9091495586752623	-0.06319673030008768	-0.1476096280703662	-0.041049139653618644	-0.017513494747657364	0.2739296531360821	0.2829231940036788

drug_49.txt	1.86709935097354	0.8307665683671299	0.009657604264714653	0.030877253479488498	0.05045218461082079	0.07907259665366537	4.860797832671263	2.3579128561807656

drug_490.txt	0.023729622956869	-0.7368870979530646	-0.3471154800870502	-0.950578326931255	-0.07906023486390583	-0.08555410605232702	-0.1038917553231968	-0.10422736519906863

drug_491.txt	0.085586837135601	0.8216194942102673	-0.042171247664812034	-0.08758362395930397	-0.020558969146174475	-0.013760312672649551	2.2466554038628375	5.126415456625183

drug_492.txt	0.0368599275000543	-0.8267151784958239	-0.3175738651137946	-0.9011621811790167	-0.07092010120655096	-0.052189134329251534	-3.095886032601251	-0.9945626769448188

drug_493.txt	0.033864420760164	-0.8696043708934595	-0.3223855639708767	-0.9096077004683846	-0.07351609038530775	-0.043568744531294855	-0.06899228345737637	0.3086601676676602

drug_494.txt	0.0610236818685015	-0.661752411485641	-0.31568487132900647	-1.2615342073666516	-0.20434251326692413	-0.19554361928383665	-12.216504573611555	-3.0497225721857877

drug_495.txt	0.0827910308450368	-0.8087118182702819	-0.05406082980372279	-0.11787512891094143	-0.03208043776975486	-0.015229852910057328	4.525440238649681	2.263453196793388

drug_496.txt	0.122609563914997	0.8709536874484415	-0.03397348426149929	-0.07188135869096202	0.00010124349891271788	-0.014764912962929868	2.6007944842701245	1.9368882205390807

drug_5.txt	-1.85734224749832	-0.8396244063127075	-0.05831550124478502	-0.14365743404994358	-0.09653450450995263	-0.09845867169236969	-4.806660274264493	-1.2240863538426836

drug_50.txt	-0.0110712693501555	-1.024849970107756	-0.022565002683287733	-0.06430463685180732	-0.013938398797012218	0.021904528226287846	1.4945740681551831	0.7677260708708156

drug_51.txt	-0.0211183225162257	0.9082296269544226	-0.017468229868929014	-0.03208937039956006	0.02271265735739135	0.07184872632099656	4.2380408809339	2.391972729323691

drug_52.txt	-1.9013761965747	-0.8293862858308408	-0.06616130295718409	-0.16113421798736316	-0.11645597845637215	-0.11590512442988267	-5.709008721062965	-1.1968363253983523

drug_53.txt	-1.83781192759356	-0.6646606578237213	-0.06593701683951364	-0.13835895119802571	-0.1294328938499025	-0.1429926510293917	-8.599972603990686	-1.9654580061243985

drug_54.txt	-1.94471119407845	-0.8690691123167709	-0.03822477668843563	-0.0836849872881511	-0.04392703783718718	-0.03302641973046969	0.12667610306987503	1.459628084533361

drug_55.txt	0.039562395537129	-0.7659365270291125	-0.020043174302372457	-0.043700997503357375	0.0013623945148820225	0.01196366087412321	-0.0198925467634659	1.1457594183448832

drug_56.txt	0.029527447958497	-0.7024717064870125	-0.027575171204772125	-0.08805954616801948	-0.03028214888898589	-0.045364721382949794	-1.8052295937780618	-0.5354133872325063

drug_57.txt	-1.96692786906597	-0.7684299569126541	-0.044703696736140885	-0.09073022864151797	-0.03878528258629335	-0.015177566955048526	0.8239045401275437	0.8661064280037092

drug_58.txt	0.000711057160079243	0.7878257236655869	-0.029275702448180285	-0.056414437797198624	0.00037044981697249174	0.024057846282948638	0.5127163143235469	1.1858572996114143

drug_59.txt	0.00935770257656998	-0.9079781858832302	-0.041765864040964246	-0.07968423242694184	-0.01492593107947037	-0.006793046586929224	-1.1932940657199824	0.32384907937009516

drug_6.txt	-1.91539555215671	-0.8782662946854799	-0.006580702118842388	-0.029527587545217338	-0.010332819895430874	-0.0052762123470298464	0.16687213673652648	0.8545451893838389

drug_60.txt	-1.8287850832447	-0.837264655109113	-0.03946782620032599	-0.08650290891529122	-0.056448076624701984	-0.058294327620378304	-3.13322070529504	-0.2811381367892873

drug_61.txt	-0.101105448850136	-0.9440087811728651	-0.0566243040439611	-0.1128976668759491	-0.020203770447290628	0.016889948888516602	1.3199853887950321	1.3301310404196203

drug_62.txt	-1.79361092141053	0.8783675184831279	-0.039155906493033604	-0.07697133017605984	0.00278514834944047	0.06008888636388357	3.487161925635055	2.6158995026016774

drug_63.txt	-1.88244497801792	1.0678970442846878	-0.026528504231284028	-0.06425575524967087	0.0023305898094564924	0.006663420044234551	1.4874054457178516	0.9008390186999161

drug_64.txt	-0.00978532201697457	-1.030199035664847	-0.03612492694924879	-0.07010781360237223	-0.009960059121018792	0.0016074626212920745	-0.9705492899867586	0.9868038068779019

drug_65.txt	0.0387136686274935	0.7659064356277281	-0.007668368688089039	-0.00239650283705245	0.04908409997430093	0.1598564357284772	8.375173127558863	4.103761713179939

drug_66.txt	-0.0908208757098465	0.7482304297717653	-0.0018825473878877896	-0.0071124932776174266	0.015819136445400037	0.0754302765838962	2.834558543749905	2.157576237042941

drug_67.txt	0.0700737355505204	0.8612169439736703	-0.039807072213185024	-0.0795514208232721	0.012925696621810721	0.15066443493613405	8.08402964857008	4.240752578458368

drug_68.txt	1.69949114789354	0.8001653625197254	-0.01454582258473816	-0.03719972198715066	0.004180702369969369	0.04096549747147681	0.44086266989330775	0.9514194276974611

drug_69.txt	0.0238359851527057	-0.874298289707518	-0.033478760200003094	-0.06797626625374564	-0.013847085171767456	0.002575305349591278	0.47956714305282866	0.159526200593339

drug_7.txt	-0.0501415101428124	0.9204982722635946	-0.008287084325830738	-0.018984287290287116	-0.014870143200110679	-0.015199644463122901	0.24901450466493158	0.5435460191817323

drug_70.txt	0.0239857604897002	0.6698361299834115	0.02029207742549105	0.054347399066971336	0.054526084284148575	0.08688053797183679	4.007610002587401	1.6022573901311281

drug_71.txt	-1.92508102394903	0.6680219006446524	-0.0011088881707603249	-0.004873415716566631	0.015416720695468037	0.06405833618737303	4.124910582469598	2.6725942701274605

drug_72.txt	0.0238359851527058	0.7669020782406495	-0.017526641094071926	-0.04937142031282832	-0.0032911552114940077	0.01896046960876418	0.7832214662952985	1.393325547194775

drug_73.txt	-1.90282402483232	0.7302538127655633	-0.0073778048637749005	-0.01964179436349983	-0.01459684160084525	3.3317153062325347e-05	0.3658889244022343	0.6601362078163199

drug_74.txt	-0.0177612344025768	0.5940213274717632	0.02531441142630453	0.05721426802571511	0.051396888422766844	0.09464567089150314	4.271250932225317	1.6878586113170582

drug_75.txt	-1.93172106388912	0.7258323313253046	0.010971291127916505	0.022070522184894192	0.024974543787585013	0.08391544085207987	2.969209929531376	1.706512532603023

drug_76.txt	-1.89790256087441	0.7259176001163672	0.007772210332074481	0.019862309392644883	0.013392429253962378	0.05525318035158445	2.9107346696497878	1.5680887499508955

drug_77.txt	-1.88437285543257	-0.8462292900815637	-0.03406151717664124	-0.07781137548366934	-0.012138129516579365	-0.023771091963422204	0.14378338888635223	0.6306506799308771

drug_78.txt	-0.00132627146237163	-0.7913015806360484	-0.07227912678377169	-0.14327441169695226	-0.010449808700508326	0.0026742825126472255	0.10349603518865197	0.666182889630307

drug_79.txt	-1.9161041047125	-0.5026459587286695	-0.12276436398929513	-0.3012280111899222	-0.2196358071207052	-0.24946688640693473	-12.686696193476706	-4.966629797236286

drug_8.txt	-1.81115191760854	0.8771101861334392	-0.0055123929753710665	-0.02306175640948832	-0.01524856100730825	0.003032614718381589	0.5127771943442461	0.8083924677884124

drug_80.txt	-0.030292437597784	-0.870575916227176	-0.05506348036913167	-0.12762712158861006	-0.029865820213758346	-0.0063382339653421365	0.8649072340684596	1.0833319565034012

drug_81.txt	0.0431070785126657	-1.0065815186993623	-0.04697738905652829	-0.10249185002922351	0.0004149909757160885	-0.006428437004363877	3.0097408033118733	1.731179750465609

drug_82.txt	0.034981390790069	1.1125810610089863	0.033533960369984905	0.06959403638211425	0.026612212509688184	-0.011410370952357357	0.22207509550553248	0.8747121863616792

drug_83.txt	-1.82267251296968	-0.8152420650473655	0.011188875159360762	0.03473354263992906	-0.017438921875692532	-0.05081800086303548	-5.469582819658159	-2.8335085104689877

drug_84.txt	0.00914781673643383	-1.0167775134193144	0.022003592326361704	0.03833809602951638	0.02874096517166841	0.09840366925268255	1.0909699709297902	1.0367201429102408

drug_85.txt	0.167688851338377	1.085913484152891	0.00273417646454574	0.00245075569291775	0.023852775791639542	0.02136768869375245	-0.17711520021916807	1.0772428970063732

drug_86.txt	0.0647931948231498	1.12282951500021	0.002042556082418573	-0.0034999090035872094	-0.00847465781068957	-0.011782286941026617	-1.8671445748291555	-0.31778095480908214

drug_87.txt	0.0604143951297135	1.081669005110431	0.00010826698578286775	0.008314420856182947	-0.0014920086499671276	-0.037990962540367226	-4.015676605330046	-1.5539765549857543

drug_88.txt	-1.77668497254119	-1.0670930497990294	0.010671132625794416	0.028080707143743888	0.018372037558204313	0.038956749719137776	3.7902226686757072	3.989704249007697

drug_89.txt	-1.77343984023964	-1.158204318929051	-0.028100628154656332	-0.0589993543463434	-0.003594608634797727	-0.00624650722217319	2.737515790755369	1.5854035917505584

drug_9.txt	0.045403633679915	0.7593449457298829	-0.0027025780204378014	-0.008970259214691856	0.03347847498920164	0.04081209473174928	1.7590673180828882	1.3044638884990163

drug_90.txt	0.0515630400553015	-1.1236677998864517	-0.012111914804881801	-0.028192657585495162	-0.01271690261909153	-0.02199992589086281	-2.7337716694823677	-0.7295808678716559

drug_91.txt	0.0354084258228041	-1.1514660164039205	0.02458207965782616	0.04754533182090215	0.000380773356904394	-0.05649432222336381	-4.46831955922865	-0.9287153913297046

drug_92.txt	-1.80123852682515	-1.0825227386627918	-0.025387488898615224	-0.03669164662965174	-0.036800484844801036	-0.07307322950327401	-4.684854572850555	-1.0714685783313462

drug_93.txt	0.0715330849879027	1.1291781606467435	0.006592854602841924	0.009608446563912187	0.002954209303281163	-0.017033577901788544	-6.2537174862639455	-1.909171674478261

drug_94.txt	0.151712815392296	1.0533267631780174	-0.015476774834192963	-0.0306157434653897	-0.01095969284815625	0.010809023870310658	-0.2832138562927111	0.7204832956520969

drug_95.txt	-1.84682975536695	1.0428393058631225	0.001293860585136114	0.008875279018489945	0.009698589615727067	0.009891032137267991	-3.391656393163174	-0.4398927437234031

drug_96.txt	0.102857252582664	-0.9983526071147171	-0.010897499003520383	-0.0214461256426558	-0.031149737574795156	-0.07607551354062549	-3.295039800313532	-0.9709594755182915

drug_97.txt	0.0621471638695802	0.9649751263128763	0.029898523831306423	0.04970642353030508	0.005266902569008492	-0.035539382913624275	-3.2088489110086296	-0.5249442098530682

drug_98.txt	1.57622821620412	0.544463188164946	0.031104192458058788	0.067602838519364	0.07127975444035602	0.16963299374688773	7.092278891374823	2.7240668474713168

drug_99.txt	0.183315411498137	1.191193287791	0.015750506192039965	0.030824409484699944	0.019479621625362663	-0.04784651824807117	-4.230446098351673	-1.5062479281711982

