	SScmap	SSfisher	SSlincs	SSlincs_Norm	SSpearson_corr	SSspearman_corr	SSzhang	SSzhang_Norm
drug_1.txt	-0.0198868364120486	-1.001674046944752	-0.21944801770745814	-0.14329151012177171	-0.07106208987883977	-0.13697307678544102	-221.08163265306123	-1.7671328738195338

drug_10.txt	0.39434182060243	-0.7754102883426853	-0.03306124930239293	0.1865051437969214	-0.021107015694231634	-0.018184151965774328	-125.39183673469388	-0.13450069198426975

drug_100.txt	-1.39103012148444	0.9294760721727743	-0.4726731333567319	-0.7877879442361524	-0.06293051071932747	0.016043754077178396	-56.65469387755102	1.5864295975426743

drug_101.txt	-0.0102845731402896	0.6985152366996452	-0.5682244338219662	-0.9028255755631105	-0.04978756069853504	-0.005518233886418047	-124.27673469387756	0.271788043987867

drug_102.txt	1.31812281577634	1.032809759424318	0.014651257051852412	-0.07115165183895539	0.0010134136329652743	0.13141235601923548	-8.29469387755102	5.123970643744485

drug_103.txt	-0.00535862872358128	0.8269324173267152	0.09460938081580386	0.042817722745173314	0.0037371734615755155	0.16247717423840158	-149.4522448979592	-0.1667372858520608

drug_104.txt	-1.21843900815443	0.8350216055741784	0.0420511791152976	-0.010360780524502566	-0.08124164355441944	0.020743941113456302	-84.37714285714286	2.3357853779945486

drug_105.txt	1.26340489266101	0.937905774294448	-0.4870037908011938	-0.8615825032067819	-0.09284404054398851	0.10392407937135499	-195.22530612244898	-0.49868731209697564

drug_106.txt	-0.0139457480445997	0.8864804886270853	0.06529846635790176	0.0002542867615787925	-0.028579524424990125	-0.0013284637133969374	-69.56081632653061	0.8322664450442692

drug_107.txt	-0.339291063404893	0.9922428644403402	0.17651530597854476	0.1560812984140892	-0.06234208692598142	-0.051248042482197234	-141.53142857142856	-0.6183937531002194

drug_108.txt	-1.25501747378932	0.8678617065719013	0.061286695323200746	-0.04159448664243015	-0.10615638906795025	-0.06744335534424217	-69.15428571428572	1.5650941870249035

drug_109.txt	-0.174937593609586	0.7351382829617773	0.10933568825064324	0.06348115248638869	-0.054348551628570455	0.0047518125133044304	-100.83918367346939	0.7039200724269923

drug_11.txt	0.152454651356299	-0.6266729295967631	-0.5552872911026245	-0.9404164546590232	-0.13478442193062962	-0.2494064573077806	-215.29061224489797	-1.8006532991945428

drug_110.txt	-0.0347478781827258	0.5954352507131313	0.05602365586266844	-0.02630088473859138	-0.0825217909077351	-0.019754443181091257	-132.5387755102041	0.007394556062817998

drug_111.txt	-0.15416874687968	1.1235460075071129	0.07663136129000037	-0.0151890745306551	-0.09437364855582597	0.054145598149208676	-106.97714285714285	0.8159631191516721

drug_112.txt	0.036245631552671	0.939527688298448	0.08940817930847222	0.008515290144099796	-0.023673098663857264	0.006857760068047223	-133.12408163265306	-0.276266031932833

drug_113.txt	-0.0128806789815278	0.9842455050938215	0.011429897408311795	-0.09107051539394456	-0.04478597130812327	-0.010952226301545253	-138.33959183673468	0.14045886452329034

drug_114.txt	-0.0787651855550008	0.5577121145479863	0.0606106845788163	-0.04964892637166596	-0.140734426168001	-0.0940639030229164	-146.56979591836733	-0.7115103555717364

drug_115.txt	-0.0558662006989514	1.142108989772726	0.05389457377404211	-0.045263064709660406	-0.10115518572038451	0.01873089690227824	-92.66857142857143	0.9260781730862637

drug_116.txt	-0.0753536362123481	0.8927877785140741	0.05619130895614832	-0.03600623699356392	-0.02527821987188588	0.0033777027200829614	-148.30448979591836	-0.6333376709541961

drug_117.txt	1.3044433349975	0.9478228698180255	0.005358397487482236	-0.12649105512535247	-0.13159476781031487	-0.0332652540614231	-98.29959183673469	0.6343894340768252

drug_118.txt	1.3589615576635	0.7759079125619351	-0.02635618715326632	-0.18577746887683017	-0.08552032209403784	0.08577317816453095	-64.89877551020408	1.3167104449172398

drug_119.txt	1.31912131802297	-1.0224771493682305	-0.04134394624112597	-0.22215049810289206	-0.09759504905718983	0.04728783808116146	-71.22122448979592	1.2470495942652955

drug_12.txt	0.310916957896489	-0.5186750270711831	-0.5009601130930352	-0.9079230840534329	-0.11501236050298494	-0.018792776808848194	-71.14122448979592	0.14005857984905715

drug_120.txt	1.40119820269596	0.976642996007486	0.0001974853378665098	-0.12950914187217027	-0.028077673477776375	0.06980585621504785	-44.59102040816327	2.3509379501146954

drug_121.txt	1.32501248127808	1.565167431881041	0.022632929781687905	-0.0672087525674025	-0.052833628891141175	-0.024258046807868538	-37.61632653061225	2.248212889682107

drug_122.txt	-0.00204692960559161	1.0824403083606289	-0.5452052342971253	-0.9112260490845066	-0.05026401087277407	0.033573179690718165	-80.47183673469388	0.991065629712826

drug_123.txt	0.0348477284073889	0.7515324250530468	-0.58884318270209	-1.0865363100137526	-0.06404349921636035	0.0008188580412370283	-113.51020408163265	0.5645188404159764

drug_124.txt	0.119770344483275	1.3135756861425523	-0.6048160424186695	-1.0641352856940216	-0.1384489900099448	-0.06018452119420548	-146.3942857142857	-0.25531850634192715

drug_125.txt	0.273389915127309	1.2732350568542552	-0.5147731158809131	-0.9096818136701177	-0.10965282751073452	0.09007207253554562	-104.33632653061224	0.6083118432384367

drug_126.txt	0.109136295556665	1.2978339117748279	-0.48373820202549034	-0.9076523326033444	-0.05655565426037289	0.03295903615979039	-134.44653061224489	0.44581918484412253

drug_127.txt	0.0658512231652522	0.9261130733889603	-0.4366512759920539	-0.7897989168848906	-0.0413589320414567	0.04155704559277919	-129.97714285714287	0.08233381713581965

drug_128.txt	1.28222666000998	0.8872499459975143	-0.06312232756168934	-0.21079463659167924	-0.12630203883148597	0.0499490584060753	-110.16489795918368	0.3199614474217094

drug_129.txt	0.382426360459311	1.2762685595655796	0.03959551565834846	-0.06752765233743702	-0.04218565690685136	0.08700143369910657	-176.2130612244898	-0.7326534994253302

drug_13.txt	-1.31635879514062	-0.2339735047023795	-0.6095401652208314	-1.1316480751769369	-0.3410248613487413	-0.3406190796603736	-102.19591836734693	-0.292394795425095

drug_130.txt	1.39860209685472	1.292673044778429	-0.03536848638224094	-0.1420486740861579	-0.09815679412294893	0.17666408772312694	-104.4261224489796	0.5510326448430705

drug_131.txt	-1.12388084539857	1.1756501436776197	-0.6056856105713532	-1.0170549594897098	-0.06102354252520586	-0.032344062410491384	-196.88163265306122	-1.7211093610387977

drug_132.txt	0.360309535696455	1.6176832023106487	-0.09421050967020383	-0.25175357737708715	-0.11380524265788722	0.05588562682319081	-141.26857142857142	0.7498558313270176

drug_133.txt	0.0804293559660509	1.631938102858573	0.004511445226299093	-0.11028998826424413	-0.12990248178879052	-0.022518018133886406	-158.36081632653062	-0.31527244851364683

drug_134.txt	1.29795307039441	1.0185862701267223	-0.02879775738684509	-0.2254523732896675	-0.09363678241778568	0.15179191314797064	-48.351020408163265	1.8078425227790051

drug_135.txt	-0.214428357463804	1.719564754717223	-0.48460928093699873	-0.8300690654777902	-0.1664178172456365	-0.12814799410738992	-215.64816326530612	-1.747339246782189

drug_136.txt	1.44138791812282	1.2810368877790488	-0.024421311420076808	-0.17337489062858386	-0.08657820786738839	0.13500575417543714	-158.23102040816326	-0.07800785868962201

drug_137.txt	1.41502745881178	1.0348041963407464	-0.4583496117254737	-0.8391075955275081	-0.09749860639400036	0.049130221383024884	-128.91673469387754	0.5669308484390502

drug_138.txt	1.36130803794309	2.4879916905155346	0.011254127009304726	-0.10237475994040052	-0.12062794583775269	0.006755405440165923	-121.52979591836734	-0.07853045436261635

drug_139.txt	1.37453819271093	1.1701180529823638	0.03315613166860004	-0.04630820604529495	-0.11147030412457831	0.018833251530159537	-131.49061224489796	-0.47194495319619717

drug_14.txt	-1.60148111166583	-0.44236025228705134	-0.611087693766855	-1.2527776982200225	-0.22669624560759738	-0.2784190738093488	-201.28326530612244	-1.2522513472135588

drug_140.txt	1.36620069895157	1.3364114134041103	0.018874124772044087	-0.1441479929970651	-0.11581259083999453	-0.048516093615737076	-122.6	0.2446894937105071

drug_141.txt	1.30379430853719	1.338288510492406	-0.015474963886062176	-0.17027631273747695	-0.11338737595088849	0.04923257601090618	-111.87265306122448	0.7844664007110519

drug_142.txt	-0.0454984190381095	-1.2176015238335254	0.03296474944982236	0.44575090741916623	0.17326224202748206	0.13216224560135634	-106.14775510204082	0.11308318577077309

drug_143.txt	0.0508071226493594	0.8827667055066643	0.04683249682164897	0.2590937795551628	0.24087490141721377	0.05852787392947075	-124.16979591836734	-0.02396864621608307

drug_144.txt	0.101930437676818	0.8453622155852025	0.47321022026343185	0.9768404388179394	0.2308321672093823	0.09221975917652703	-144.95591836734692	-1.056556770657103

drug_145.txt	-0.121983691129972	-1.186266439260397	0.037854517967256196	0.405336095092552	0.2219600963543918	0.10159459197347537	-92.56571428571428	0.4342414141023153

drug_146.txt	1.32399733732734	2.1987442822584606	0.5493211254361887	1.1294337775779315	0.2853968421370366	0.23345195025040794	-97.50938775510204	0.5617578368037176

drug_147.txt	-0.0712098518888334	0.8970347612907665	-0.03180361438046686	0.3347971853760381	0.1840979104892043	0.012518215760855754	-211.43591836734694	-1.6530335180903437

drug_148.txt	-0.0977700116491929	-0.6141945649898034	-0.012277583713569351	0.04214596182373642	0.12648312031002032	0.04317538254750519	-137.33959183673468	-0.43386996718075926

drug_149.txt	0.0864536528540523	0.7764353149785695	0.5424862516376239	1.1396803054962763	0.2714594481489323	0.1880809700733367	-155.6595918367347	-0.6729657575469405

drug_15.txt	-1.62095190547512	-0.7236677693019485	-0.6182801982058291	-1.1884364549745998	-0.2093476083007786	-0.20268622596282201	-168.6873469387755	-0.7497435328127307

drug_150.txt	-0.0846397071060077	0.8290659289431102	-0.03304100096038065	0.3436394954145898	0.2487318623712119	0.10884041420362782	-126.82285714285715	0.09527871235829674

drug_151.txt	-0.0499916791479447	2.4170315735993895	-0.051665696645104675	0.22514720165606972	0.17285839061647132	0.03015690801422599	-201.79673469387754	-2.7316665793759403

drug_152.txt	1.32015310367782	-1.8052704118039997	0.6179351703720091	1.3446748297397457	0.2690385392413319	0.21897670368570943	35.79183673469388	2.4974336266200607

drug_153.txt	-0.00735563321684141	0.8183923520045475	-0.03500246793664863	0.2514854705214671	0.24106189975378364	0.0717221063236203	-164.7534693877551	-0.7310136806680781

drug_154.txt	1.34831086703278	-1.0394228194905406	0.6011278137060969	1.3340009149855832	0.15553773338556118	0.11061183306512282	-37.453877551020405	1.0931712836193148

drug_155.txt	-0.0861873855882842	2.3193119439416328	0.01591712622972108	0.4027408022965673	0.1973435286181401	0.13874218763228505	-135.92897959183674	-0.38737324754509955

drug_156.txt	-0.140406057580296	0.5851823982425512	-0.11624647144387867	0.17647026056391524	0.1869065513229428	0.16599056137102733	-106.29061224489796	-0.18988619194826786

drug_157.txt	-0.0599767016142453	2.46624102660532	0.025885055484359543	0.2943908801170123	0.27718282222584006	0.1124582208049363	-147.5265306122449	0.011540002680310744

drug_158.txt	-0.100266267265768	-0.46772993322779505	-0.12236275632037091	-0.025515533521866973	0.15735770478378888	0.03352981836136042	-178.2130612244898	-0.7552495958485198

drug_159.txt	-0.0630720585787984	0.8528406601508148	-0.04888273831935963	0.14807025638415938	0.2310427522703573	0.11689311444416718	-150.03918367346938	0.10124739281755184

drug_16.txt	-1.55769678815111	-0.5624677689912099	-0.5570675157543763	-1.0751291246303352	-0.17878893053348738	-0.15260087749250478	-159.8734693877551	-0.4257417316369227

drug_160.txt	0.0601930437676819	-1.700603086958154	0.01740893336125604	0.39723316100515393	0.14512012384451758	0.08507489681641979	-173.16408163265305	-0.9680178336611079

drug_161.txt	-0.0384589781993676	0.7272164674016643	-0.06842442539130911	0.16130160178224984	0.2757495664548656	0.14648706585729404	-150.88244897959183	-0.2597390863424024

drug_162.txt	-0.134165418538858	-1.081600994418069	0.058388599498386706	0.42978881516730416	0.09929815317141547	0.06781477284417317	-164.41632653061225	-0.8450194406772289

drug_163.txt	-0.130271259777001	0.9718213211253985	-0.08417088898398112	0.11304868394884227	0.18301950408616283	0.16854190722671483	-108.79673469387755	0.7473283867560312

drug_164.txt	-0.110201364619737	-0.9829214596008709	-0.1169802750377662	0.08480572761218741	-0.027421891916475916	0.059236205024505294	-123.84244897959184	-0.15732265498326908

drug_165.txt	-0.105458478948244	-0.8150348079714174	-0.10472894771441382	0.03988534715807446	0.14578917565629346	0.0812775836382747	-175.3248979591837	-0.8372694775582219

drug_166.txt	-0.134614744549842	-0.7430997840918145	-0.0061242218060961195	0.39185666001900776	0.08538112619240071	0.0623644414575075	-131.05142857142857	-0.2833344066153692

drug_167.txt	-0.0583624563155266	-0.9292017606841005	-0.10151101310734884	0.041143889795912214	-0.0563719123926558	0.048832759677858335	-123.9526530612245	0.1659541226538456

drug_168.txt	1.43837576967882	2.544673401477388	0.5468256875597938	1.2322270322476212	0.21166874516332942	0.24271027330023398	7.68	3.773858221612929

drug_169.txt	-0.365218838409053	-1.4817902646800625	-0.02122707750960051	0.4112567501988046	0.012677419835631075	0.03296843631878056	-108.2669387755102	0.5131495191277581

drug_17.txt	0.00218006323847564	-0.7053457180829377	-0.5381224227235754	-0.9396997594928326	-0.10145814941952029	-0.16346651784000837	-222.374693877551	-0.986787040992427

drug_170.txt	-0.164702945581628	2.228155424668876	0.009814151905507995	0.36153509162288056	0.12232661435385382	-0.0017859420989812347	-138.1526530612245	0.04821097492890966

drug_171.txt	-0.0539191213180229	-0.5270538841875215	-0.6743031613481629	-1.233566515887675	-0.3369661511595899	-0.3141225368609097	-218.53142857142856	-1.4226245875101053

drug_172.txt	-0.181677483774338	-0.4912982340572063	-0.5931990338610227	-0.9987697400562912	-0.25883255646256687	-0.28464889797439763	-197.83755102040817	-0.7805380869035392

drug_173.txt	-0.181977034448328	-0.48264616400390997	-0.5771343880846744	-1.0694441288977785	-0.3565991852189211	-0.27672921045222354	-175.63755102040815	-1.3887625869746427

drug_174.txt	-0.213979031452821	-0.47812839569017296	-0.6958668624589948	-1.355018425551701	-0.2575754685337698	-0.1408135510066147	-147.50530612244899	-0.07684924681829304

drug_175.txt	-0.0135297054418372	-0.7866747353052973	-0.658344836374563	-1.170383139982944	-0.30852508968384984	-0.26670781431586676	-124.00408163265305	-0.45626449069726577

drug_176.txt	1.15921118322516	-0.46228070605724236	-0.45783078941510547	-0.7606441968254096	-0.23464921910393222	-0.15023012030916585	-164.80326530612246	-0.7975195414081211

drug_177.txt	1.31867199201198	-1.0144403718990573	0.03599395509200343	-0.08072662289680976	-0.22535047584471224	-0.05640716992427527	-47.732244897959184	1.0935187233273929

drug_178.txt	-0.0220668996505242	2.510327655026594	-0.5797702247172158	-0.9358465509370149	-0.2944102317575792	-0.18403861056815174	-168.14938775510205	-0.7287531522769689

drug_179.txt	-0.154518222666001	-0.5315841146201128	-0.6206972800650817	-1.108592855740663	-0.3231685076195227	-0.2843934241833597	-152.74448979591835	-0.5968640478813582

drug_18.txt	-1.42819104676319	-0.43116652920700127	-0.5045747014151918	-0.9050679488094133	-0.19940725126735492	-0.2903910941841975	-151.24897959183673	-0.6391368780120296

drug_180.txt	-1.33473123647862	1.718479328656105	-0.6670088540879284	-1.1532837710400723	-0.3190088445267398	-0.3237281056523624	-202.87510204081633	-0.7887724031562952

drug_181.txt	-1.52229988350807	-0.5641976082639916	-0.6651390970956947	-1.1827049051599146	-0.33466162276236544	-0.37829591133997653	-246.60897959183674	-3.3458974794293384

drug_182.txt	-1.53995673156931	-0.5805236951440349	-0.5723335097715948	-0.9555115784659272	-0.1919247613105202	-0.24535075179019003	-228.50448979591837	-1.3465868731720092

drug_183.txt	-1.5366117490431	-0.7358895746984907	-0.6484237968313931	-1.1529461649402797	-0.3624076205779352	-0.46249791861824247	-256.2097959183673	-2.1840065078448125

drug_184.txt	-1.50645698119487	-0.5772521769200547	-0.6399067793172817	-1.1121146409371887	-0.39265295896136476	-0.42121441019540334	-287.7991836734694	-2.525820019224562

drug_185.txt	-1.52319853553004	-0.7353306753853414	-0.6469938085919988	-1.2235797833560664	-0.36030258592440156	-0.4517682939043858	-270.5412244897959	-1.7221737439386804

drug_186.txt	-1.44819437510401	1.0561416210576384	-0.4462669447515697	-0.7387772790435967	-0.1512170933125906	-0.22139358731342035	-180.3012244897959	-0.9041903329608856

drug_187.txt	-1.54669662173407	1.709513722423467	-0.68667625406839	-1.1928056039644206	-0.3264098308532299	-0.4248931386687257	-296.134693877551	-3.5913970689588357

drug_188.txt	0.0792477949742053	-0.7321654270474893	0.09527899908091442	-0.027789219905130946	-0.3180589010346525	-0.2033519350530938	-55.546122448979595	1.2320303274699034

drug_189.txt	-0.0482775836245631	-2.378834457545627	-0.5859688512219438	-0.9937066155931409	-0.30316481853386906	-0.2672187488260504	-242.88326530612244	-2.3981945245763567

drug_19.txt	-1.69174571476119	-0.3471021408142204	-0.6202523599847272	-1.1830185999471072	-0.17700512428456885	-0.2302115159083904	-213.17795918367347	-0.48630255543964584

drug_190.txt	-0.0850557497087702	-0.7328272329084442	0.04176442575966144	-0.10476931801503286	-0.2353060607254644	-0.12425927287666434	-78.17224489795919	0.2579339194584679

drug_191.txt	0.111333000499251	-0.9528769518698194	-0.44597070745317724	-0.9413502857494456	-0.2459271806054632	-0.14756166170347518	-92.02285714285715	0.4436582101557908

drug_192.txt	0.114112165085705	-0.7486731042291568	0.1036789967633516	0.046005791931167106	-0.17530257406231195	-0.13156900238450436	-41.95755102040816	1.39225429525994

drug_193.txt	-1.2331169911799	-0.5747348664059335	-0.5169535142626975	-0.869051709897753	-0.35028497552303123	-0.4049770535532356	-166.02448979591836	-0.44563841984678126

drug_194.txt	0.0278249292727575	-0.6835325397655829	0.03947743744868304	-0.1034470074477904	-0.33520443577037523	-0.15389741172121443	-41.74938775510204	0.8357319703167043

drug_195.txt	-0.22026959560659	-0.40635863333793	-0.6915858747633085	-1.1952588790138057	-0.3560406113398537	-0.48548997157650686	-322.52244897959184	-3.2291488586046846

drug_196.txt	0.0300216342153435	-2.558293648861	-0.08246131316751887	-0.22422762918507988	-0.32669730271430675	-0.2675253095321606	-149.59591836734694	-0.6506596553895302

drug_197.txt	-1.45501747378932	-0.5792443810806991	-0.6753557687665167	-1.0574060329961004	-0.26347630820326773	-0.36435672077821385	-302.0122448979592	-2.7268817285398037

drug_198.txt	-1.40377766683308	-2.5437640432263686	-0.6128498261215832	-1.0868941089282316	-0.33337269884572535	-0.3328227399336314	-194.7191836734694	-1.0753823740789832

drug_199.txt	-1.52180063238476	-0.4941388929902077	-0.644929528400177	-1.0865791996301164	-0.29711509564761546	-0.2267527356195051	-122.18612244897959	0.6989342474110035

drug_2.txt	-0.0425528374105508	-0.4051391749642992	-0.5775598526609043	-1.1964532280169915	-0.10130418368549074	-0.13370451716043422	-217.30857142857144	-0.9847781426366927

drug_20.txt	-0.100615743052089	-0.22537599123211727	-0.3197028828173989	-0.40103274307633885	-0.19470604480444606	-0.19742063861718476	-229.1518367346939	-1.7553185416163775

drug_200.txt	-1.42283241803961	-2.583550850803567	-0.5583153720743097	-0.9342391354230373	-0.20027574368400955	-0.25286795836928627	-134.37224489795918	0.1566708688175003

drug_201.txt	0.0499583957397238	-0.9150320277230257	0.015499573025670843	-0.08669065751690286	-0.1948616528887612	-0.041487882226912604	-42.03510204081633	1.974672087018028

drug_202.txt	-0.105608254285239	2.479678002144101	-0.05422057714518305	-0.18671241901139946	-0.26168006138722416	-0.20079726250217553	-69.20408163265306	0.5870620708451008

drug_203.txt	-0.0325678149442502	-1.0978614358329808	0.04246590677381765	-0.05134170874532473	-0.18362519437575353	-0.14203979383105547	-47.72244897959184	2.1209792384191033

drug_204.txt	-0.135513396571809	-0.8267069969677823	-0.37567413890067236	-0.6255971020138604	-0.2486138949500104	-0.15394850647942201	-81.95020408163265	1.0159792917960786

drug_205.txt	-1.31406223997337	-0.714837966448313	-0.5409946020568147	-0.8545012642673472	-0.28775377565433274	-0.21321842600020843	-118.70367346938775	0.4436098286030845

drug_206.txt	-1.33223498086204	-0.7308632556586137	-0.4481730674408497	-0.775561507879385	-0.2644612672371648	-0.2372779865292884	-111.37551020408164	0.3935010929412961

drug_207.txt	0.0115493426526876	-1.0173260614906856	0.03862130595246652	-0.10748333456062226	-0.25751707725050915	-0.16073999690377713	-38.7265306122449	1.5868787527875678

drug_208.txt	0.0253619570644034	2.6469920229766712	-0.5837100369117516	-0.9392589395143198	-0.1906741180550867	-0.1661559027117239	-82.25061224489797	1.044635342584679

drug_209.txt	-0.0125478448993177	1.3631614382792887	0.07535846670278668	-0.08261478118315929	-0.16797033380510462	-0.02759046354991725	-7.9248979591836735	2.5405051223526107

drug_21.txt	-1.75874521551007	-0.40991625439311924	-0.5743342290583102	-1.0613523232976914	-0.1675406456196127	-0.22689213956987103	-229.03183673469388	-2.8970899095885687

drug_210.txt	-0.0262273256781494	-2.6022697846907876	0.019351855090652514	-0.09078577919044856	-0.21159204926735012	-0.12119366581556244	-81.06530612244897	1.1180396198303222

drug_211.txt	-1.2751206523548	-1.0253258542070667	-0.40869080021560644	-0.7510998364776849	-0.210438286948153	-0.1541017907540447	-136.73551020408163	-0.13657929475665168

drug_212.txt	0.0229821933766017	-1.1442165022655815	0.020476927005936063	-0.116298798336543	-0.19994697464256972	-0.1618640528261812	-82.55428571428571	0.7124772399912911

drug_213.txt	-0.0799800299550674	-0.7259702162124224	-0.48626211220340987	-0.8770899170830408	-0.3066229289414639	-0.31275101498856356	-149.12326530612245	-0.6673671841323302

drug_214.txt	-0.151073389915127	-2.505873714161659	-0.43195728223691443	-0.7477095810832766	-0.13608425673039895	-0.15798499237782038	-154.28979591836736	0.18541556046913962

drug_215.txt	-0.0258112830753869	-1.3932162297979778	-0.39988240108242545	-0.7430362866061975	-0.2215493077259133	-0.1435251758050768	6.644897959183673	3.580088445830929

drug_216.txt	0.00657347312364787	-0.7587582726723169	-0.47196894742679846	-0.8124158223561585	-0.30098609675657423	-0.26323345964661793	-165.60163265306122	-0.906884544273225

drug_217.txt	-0.17473789316026	-0.6982672434489821	-0.6246296775769761	-1.0821170524268755	-0.2959613046260847	-0.237788921039472	-129.71020408163264	-0.3546418821417533

drug_218.txt	0.386869695456815	-2.546189440075513	-0.44186879751647223	-0.69941350420908	-0.205865264049832	-0.19108950680868614	-133.18775510204082	0.16572869129474574

drug_219.txt	-0.0358961557663504	-0.7049648190765934	-0.673080680695223	-1.1758269784881108	-0.29938325572373176	-0.22378931546043992	-100.89061224489797	0.8508437960377034

drug_22.txt	-1.57031119986687	-0.5582990232377021	-0.617228928688848	-1.3999625626623495	-0.19050440099997987	-0.14022729970662684	-226.2195918367347	-1.258723065701993

drug_220.txt	-1.51036778166084	-2.5679321638876123	-0.6900800045105595	-1.1955266596417218	-0.22262225888519524	-0.3305830856030071	-209.49061224489796	-1.4545097045042297

drug_221.txt	-1.43419870194708	2.5460721409706375	-0.6548638014790279	-1.1246168965188303	-0.1980391166716197	-0.05426263321644414	-85.54775510204081	0.16844997929996272

drug_222.txt	-1.03634548177733	-0.6955617608792961	-0.5425898849277875	-0.8908982642276706	-0.20884897657673404	-0.21219653083605694	-106.01795918367347	0.5975603246272633

drug_223.txt	-1.44573140289566	-0.6341606364807241	-0.687419679620479	-1.141829288555881	-0.2589093784732708	-0.3218887414157013	-110.84081632653061	0.5872583392650671

drug_224.txt	-1.24195373606257	-0.6779982518774215	-0.6096541006561524	-1.0049792377400473	-0.15487002434700384	-0.1146537040852117	-136.63183673469388	-0.04179712535527714

drug_225.txt	0.071293060409386	-0.4446365326220452	-0.5680759441736205	-0.9510021970291623	-0.23879241639983148	-0.20682628972234265	-109.14530612244899	0.23829257543955984

drug_226.txt	-0.166899650524214	-0.6414339709180974	-0.40436320270122184	-0.7656201845043442	-0.26423428798538073	-0.20299947435869353	-156.35755102040815	-0.841747393968882

drug_227.txt	-1.19780329505741	-0.5868770965487029	-0.5132167642894798	-0.8781991410436274	-0.2621240474820615	-0.2944305963338142	-140.1069387755102	0.38004038445594707

drug_228.txt	0.356914628057913	-0.5831771644032393	-0.42767197844833277	-0.7353606807627098	-0.2873811282754659	-0.19768561950510577	-104.22367346938775	0.6073455453031661

drug_229.txt	-0.245981028457314	-0.8221726277955914	-0.6324420160146529	-1.0268711946663034	-0.31066032018413464	-0.29190435363987316	-147.38857142857142	-0.2660343305789838

drug_23.txt	-0.338592111832252	-0.2545807634704157	-0.6015030295250895	-1.1916558554983956	-0.3167279834477515	-0.2884208990324211	-233.40816326530611	-1.573059716845824

drug_230.txt	0.292411382925612	-2.5483892181016627	-0.5101840070313822	-0.8070359092328745	-0.2235246170298594	-0.22583883127747933	-182.32163265306122	-0.7609533490986395

drug_231.txt	0.0620069895157265	-0.7250382019512949	-0.05312447862292535	0.06689955100507211	-0.08184072880753329	-0.052170813283088924	-76.54122448979592	0.4109582859108865

drug_232.txt	1.52854052254951	-0.6706639572982757	0.4220017116567336	0.7415362440692275	-0.04819966338352265	-0.06156831868020784	-135.44244897959183	0.10674607642618304

drug_233.txt	-0.010334498252621	-0.782240432000467	0.039919231512220044	-0.068465202113837	-0.19477179643602546	-0.21307336070803637	-142.09714285714287	-0.6575847447971467

drug_234.txt	1.40462639374272	-0.7750811813433627	0.4845916058027907	0.856656741749788	0.013578872822758227	0.0027572129608354817	-139.75673469387755	-0.1413046567506431

drug_235.txt	-0.0495922782492927	-0.31821847000994397	-0.4162601879482632	-0.7240385012269601	-0.11778338153535994	-0.19307743055434992	-131.70122448979592	0.11183600783102693

drug_236.txt	0.0493592943917457	-0.540457411101209	0.014275270884807262	0.06602407098278812	-0.012716031661129976	-0.0016339039767913966	-143.00489795918367	-0.6824533483910716

drug_237.txt	-0.0562323181893827	1.2792298480721191	0.063975726114531	-0.00422700341795329	-0.03796274527863135	0.015109751840988455	-148.45795918367347	-0.8717520247283589

drug_238.txt	-0.107155932767515	-0.4009240701857796	-0.5948276828541987	-0.9924767906957914	-0.07397563170230162	-0.0209290481581259	-194.3861224489796	-1.2262148761578255

drug_239.txt	-0.0734065568314195	1.3471127218676227	-0.5317323476845899	-0.9255094077877026	0.04132380668003366	0.04053088838427308	-146.11755102040817	-0.47632160091374803

drug_24.txt	0.261091695789649	-0.7010983886117398	-0.12430228487836362	-0.01307666971811372	-0.13948199640643555	-0.0869165927409229	-93.94448979591837	0.12291688520313428

drug_240.txt	-1.42170078216009	-2.511291781940464	-0.5112641225549037	-0.8582850940122843	-0.1312831122910668	-0.06809597620229256	-191.14448979591836	-1.6207094291765236

drug_241.txt	0.132750873689466	1.0790549150688138	-0.4296776241466713	-0.6891262645662538	-0.09168960038293753	-0.0805513121793236	-202.74204081632652	-1.0933413836009847

drug_242.txt	0.14651356298885	-2.588726332177122	-0.10724632645600574	-0.023339224178528684	0.026562852803859102	-0.025881215591512807	-178.26530612244898	-0.7712169551604057

drug_243.txt	1.5006323847562	0.8051841916689284	0.5163353699350721	1.0333339804887665	0.04176073858728403	0.020061770665610518	-73.06857142857143	0.8105304516056064

drug_244.txt	1.49705441837244	0.7564872652637437	-0.10552808533573035	0.07507747428015432	-0.07262957311813353	-0.05492739245851632	-134.75510204081633	-0.27615681329378755

drug_245.txt	0.100682309868531	0.73881454257216	0.5591863393221257	1.3162380967264835	-0.08917718899494595	-0.08015112796677137	-74.59020408163265	0.7223932803672444

drug_246.txt	-0.070693959061408	0.5143583920398971	0.45376400680380347	0.9379898098700132	-0.04025420393634281	0.06927181372324039	-132.2726530612245	-0.15366344111267086

drug_247.txt	1.46833083707772	0.6326513665166651	0.3481412572200425	0.8447318425923271	0.0836301509791742	0.05809680485744321	-90.10857142857142	0.3679571695652387

drug_248.txt	1.54681311366284	-0.8483734491415327	0.4864510817447828	0.9933613471147905	-0.009572747427476686	-0.010516644816022233	-75.3665306122449	1.0168504384524764

drug_249.txt	1.51131635879514	0.7887673265180586	0.5667271439722711	1.1830603416723375	0.09856771277917778	0.04482336965275495	-116.07428571428571	0.485078881978793

drug_25.txt	-1.68225994341821	-0.2191751901498002	-0.6996242566593303	-1.1712892650176612	-0.41006335624715323	-0.4169456371649293	-247.0857142857143	-2.5808977099527906

drug_250.txt	1.5315360292894	0.5829040959099254	0.19369228222071821	0.19635540469403168	0.08440259320079264	0.0837161926325036	-87.98530612244897	0.8733088941245984

drug_251.txt	1.48585455150607	0.6828863560355586	0.028145038894808794	0.31187782872221015	0.052371659579036244	0.04538146086953626	-133.19102040816327	-0.6410134332413648

drug_252.txt	-0.0106340489266101	-0.7219120128254939	0.32202500234260506	0.6644006634784762	-0.13343369897613486	-0.1062303937789707	-132.41142857142856	-0.5818295141654583

drug_253.txt	1.51406223997337	0.6123870262965315	0.5607258219497837	1.1713143759410145	0.14862000808519824	0.12775086718537734	-109.13551020408163	0.4390838105108895

drug_254.txt	1.50452654351806	0.7536845061641402	0.5221806768399122	1.13615276307808	0.02303315122210654	0.03221854404235535	-85.09959183673469	1.8546602066920013

drug_255.txt	0.380911965385255	0.6622361588364429	-0.19333176369961555	-0.18869427148023793	0.014147848184419658	0.0002041910500316592	-233.4857142857143	-2.5257924564794245

drug_256.txt	-0.179281078382426	0.7159686674814351	0.3413397630503653	0.7253848938833487	-0.019352040556916833	0.0479836713869228	-150.0865306122449	-0.5644173929268153

drug_257.txt	1.45085704776169	-0.5936559415739646	0.03495907216223046	0.2513811425631046	0.006516283500217183	-0.03369926952132256	-163.00408163265305	-0.05646840910711747

drug_258.txt	-0.0923614578132801	0.9495782871759473	0.060140592238143775	-0.011519125237815453	-0.04642338867656266	0.03537609941798496	-102.19428571428571	2.2654325094282366

drug_259.txt	1.42784157097687	0.7536807735431941	0.33497209312376663	0.6997983816508031	0.0954609538119098	0.14594555301012843	-143.3012244897959	-0.22919630135997143

drug_26.txt	-0.182226660009985	-0.1504625004311808	-0.6189003069587622	-1.060203306421478	-0.341465808078717	-0.30371620109127573	-232.2726530612245	-1.5881533078348484

drug_260.txt	1.52489598934931	-1.0392510719611667	0.4098144476146254	0.7519758339953055	-0.07926635823333401	-0.12141162539067948	-62.78122448979592	1.0502960204169194

drug_261.txt	1.36199034781162	-0.4522900541201658	0.43713595032143676	0.8508638124327079	-0.1483615841765928	-0.1994895614681854	-36.06204081632653	0.7347130369093577

drug_262.txt	1.42619404226993	0.6721929223394046	0.5223498476659465	1.2505984650197148	-0.04949373178747851	0.024400207364839464	34.751020408163264	2.407179260754894

drug_263.txt	1.41546014311866	-0.7549810727919145	-0.08845440787740622	0.08509161217542643	-0.12124125310923493	-0.19781061791268337	-113.6269387755102	0.07506830973447084

drug_264.txt	0.239024796139125	-1.0068855049062582	-0.12397769486290339	-0.050652667211756375	-0.18909940904747033	-0.16152492406956728	-115.75755102040816	-0.0709092236262292

drug_265.txt	-0.0534697953070394	1.1217559244551518	-0.42498692164060636	-0.7624860515430499	-0.224210081318919	-0.19316152708452078	-184.46367346938774	-1.130741610028688

drug_266.txt	1.51036778166084	1.0372852101061842	0.18331350356842108	0.18907775202532734	-0.06418757560721695	-0.02270987570742715	-62.707755102040814	1.3272743124554023

drug_267.txt	1.36873023797637	-1.1336778994227865	-0.3644092968743783	-0.6507431880487717	-0.20191390116107086	-0.19592233286036925	-162.90857142857143	-1.0865461466810402

drug_268.txt	-0.0128473955733066	-0.5435725711086044	-0.09686797776508163	-0.030982817392593398	-0.13572848011893618	-0.27968354843505316	-110.50367346938775	0.18369498246130112

drug_269.txt	-0.0278748543850891	-0.677563842401605	-0.14486980685364498	-0.03404174879425459	-0.09892142365642195	-0.21485621811465347	-161.12897959183672	-0.43399545885026397

drug_27.txt	-0.147628557164254	-0.1475566943073126	-0.6241569964851761	-1.0922501864097327	-0.3528047490237749	-0.3054060399615724	-246.13632653061225	-1.399576310984711

drug_270.txt	0.072724246962889	-0.8998823171291325	0.10129068272120842	0.38872366241041323	-0.06418350550907764	-0.1930791732473435	-163.55428571428573	-0.9963763495610295

drug_271.txt	-0.0505907804959227	-0.5494159570749422	-0.24190736487542402	-0.17530022036230025	-0.15496310491389056	-0.1838271015793306	-117.51183673469387	0.3052624622902805

drug_272.txt	1.53538026293892	-0.8924971816972519	0.0662345888801773	0.29866917566689843	-0.06201042734753486	-0.02561943503409882	-77.68081632653062	0.7926711119676928

drug_273.txt	0.054418372441338	-0.367751824603364	-0.18188527958249967	-0.15610405521120435	-0.2008261291129721	-0.18521922276357639	-56.35918367346939	1.1919796073721574

drug_274.txt	-0.0119321018472293	-0.2310382762351357	-0.5085922731091843	-0.9356383667646785	-0.2464925973173678	-0.2693102762448994	-87.38857142857142	1.2501364780611415

drug_275.txt	-0.00454318522216668	-0.33221314249624523	-0.0922902221211615	0.08298346315060845	-0.16017415079819486	-0.15153372069028886	-82.78367346938775	1.3165992048957327

drug_276.txt	0.117573639540689	-0.46387957441032224	-0.11968982684744428	0.0008122087161615554	-0.08305592927412281	-0.1553497216011889	-61.882448979591835	1.1307767326125706

drug_277.txt	0.107888167748377	-0.6576870485168181	-0.4489545647689374	-0.8152725117239442	-0.23489283344428658	-0.2098198470049773	-28.559183673469388	1.853625638160926

drug_278.txt	0.149975037443834	-0.7880131444740874	-0.42606398511367216	-0.7867326226477046	-0.20055586694616004	-0.2444053274468113	-35.63836734693878	1.3779676422647666

drug_279.txt	-0.0328507239141288	-0.7137652142778067	-0.10584957891582544	0.01610865564145525	-0.09558892658565017	-0.083754407427674	-56.49306122448979	2.4288774643365256

drug_28.txt	-0.128007988017973	-0.2893440578480152	-0.6123811069125666	-1.0486159210831993	-0.36900722728376933	-0.27223992708687433	-261.1338775510204	-2.26564246985774

drug_280.txt	0.064053919121318	-0.4220008185140367	-0.4576389209360995	-0.8389895216060099	-0.27025822280689865	-0.2980938646099029	-29.67918367346939	2.456086973308409

drug_281.txt	-0.0289565651522716	-0.5312363730166585	-0.46761182049394545	-0.8485507720303165	-0.2615566021995102	-0.20142894251059537	-85.84081632653061	1.6062111670011558

drug_282.txt	-0.0246630054917624	-0.6256032005594931	-0.24581912679612308	-0.13276605081428278	-0.2323394919743553	-0.2641249594382772	-77.39183673469388	0.9181571180301723

drug_283.txt	-0.0220169745381927	-0.2853792841944683	-0.24465793920703524	-0.2527855214453461	-0.18172537417845347	-0.20451182849645924	-94.47673469387755	0.7828471876542066

drug_284.txt	0.22391412880679	-0.8340020385503972	-0.12325802156432847	0.012204840818263785	-0.1724057897180693	-0.14182189795716862	-31.954285714285714	1.7856556769891445

drug_285.txt	1.4133133632884	-0.9701887446237983	-0.018183404785012652	0.29979503097130106	-0.1647321126826786	-0.11927730052314084	-26.069387755102042	1.0296087431736052

drug_286.txt	-0.0662839074721252	-1.0835433416609066	-0.004993604140252517	0.24874340545557777	-0.11770368996742277	-0.009288321068139415	8.620408163265306	2.9660219859503045

drug_287.txt	-0.198818439008154	-0.4041087670230308	-0.344401605349781	-0.3949507338979631	-0.24058735335823814	-0.19734626822611412	-137.28571428571428	-1.0278995898331693

drug_288.txt	-1.68400732234981	-0.22698243179171207	-0.642722484539344	-1.0648812932636444	-0.3058124139029442	-0.22776219164549966	-169.75673469387755	-0.20286646180193801

drug_289.txt	-0.137360625728075	-0.6650292851145926	-0.30503162971614023	-0.46908427118077806	-0.22528737567824894	-0.19693800079766596	-149.65714285714284	-1.2523072423826165

drug_29.txt	0.118322516225661	-0.44029916160471605	-0.4761106294145273	-0.8253749319022561	-0.384588102771216	-0.30134830420927505	-279.7273469387755	-2.49288550607596

drug_290.txt	-0.0519387585288733	0.6626230730864147	-0.12409819515144166	-0.03351370981123358	0.19266983370936838	-0.012859767567358451	-130.67183673469387	0.4265693235968179

drug_291.txt	0.284473290064903	0.7576044478117847	0.5529273010767215	1.0541499747007383	0.21043504645295413	0.15939367117405598	13.511836734693878	4.221995803943051

drug_292.txt	-0.0776834747878183	0.5362324601672922	-0.10065805229387909	0.09862808145262836	0.15130405468777935	0.04237288930727404	-72.50122448979592	0.9642764334800434

drug_293.txt	1.43103677816608	0.892055280979184	0.6022935480562496	1.0364133994131581	0.30063715967761745	0.23227201835204542	23.544489795918366	4.366193868497178

drug_294.txt	0.177816608420702	0.9999232603389094	0.011361525921208315	0.4836496047206241	0.26649548160562764	0.18406076388319517	-26.205714285714286	1.586877749481627

drug_295.txt	0.145115659843568	0.7782714549873119	0.08453318580541627	0.4745492886745337	0.22981388088788432	0.16414026464801923	-81.68489795918367	1.5017130579008722

drug_296.txt	-0.0816442003661174	0.792817269413874	-0.10047647840637658	0.22016952197800665	0.18216705298769356	-0.03541539163391573	-119.79102040816326	0.03922693469030447

drug_297.txt	-0.0478448993176901	0.750206926628877	-0.06868090973607122	-0.1935945373022847	0.26227880726578795	0.06258935215749155	-107.02367346938776	0.6304181179751892

drug_298.txt	-0.105258778498918	0.8043143687916832	-0.1987179179654089	-0.13786756577215425	0.18662647694113868	0.052098482373138306	-71.79183673469387	0.3442273408391683

drug_299.txt	1.41026793143618	1.1114488697842093	0.5155778563836437	1.060227438849553	0.29051844426545087	0.2293241189979217	19.61795918367347	3.050493639792455

drug_3.txt	-0.0506407056082543	-0.6244544644724522	-0.1965443897130285	-0.01899515878378244	-0.06633554425686186	-0.09094401619447232	-195.1330612244898	-0.661138728199064

drug_30.txt	-1.05120652354801	-0.5403973125559057	-0.3657983400570336	-0.5912014747379086	-0.34089236329259154	-0.2998903455943735	-224.28	-1.256658011078177

drug_300.txt	1.45874521551007	0.5444868289535589	0.5686706541314439	1.2304197657810145	0.2945375472995757	0.22334508647379728	31.797551020408164	2.2316555585747273

drug_301.txt	0.149625561657514	0.8021743668376405	-0.022970550280910912	0.2847360004578918	0.1068702290972683	-0.032047357271036137	-73.54367346938776	1.4777249280772762

drug_302.txt	-0.072358129472458	0.6376355314730229	-0.08877376443740947	-0.03497039400736668	0.1678559038198642	0.042338061392666146	-148.52408163265306	-0.7112376440876286

drug_303.txt	1.53165252121817	0.5064886731710452	0.6051226997656558	1.0963572540369375	0.27722764905802794	0.19774785731291109	-66.39020408163265	1.4633075785846008

drug_304.txt	0.288850058245964	1.0011091940176398	0.5246309992735273	1.022310463269859	0.2922905512804297	0.1152962866417523	-54.89469387755102	1.3572530317393097

drug_305.txt	1.38121151605924	1.1534780816242833	0.5277185859958252	1.05178924704638	0.2961951148202206	0.26179298357554376	-25.23265306122449	1.2621163871848178

drug_306.txt	1.35075719753703	1.0648638292557868	0.5429621396234863	1.1603618279181172	0.23774933236653517	0.1775577216996375	-53.78122448979592	1.2995867235191099

drug_307.txt	1.42025295390248	0.9812833692955965	0.5476926437111743	1.2515206501334657	0.2761513874545747	0.16877683379499758	21.358367346938774	3.5011107319263175

drug_308.txt	0.0379264436678316	0.9750502663497216	-0.06437751601106162	0.07304970239746539	0.22721169811056585	0.03832121475242592	-131.7861224489796	0.21802659002326769

drug_309.txt	0.294192045265435	0.969096434743816	0.03280964858677718	0.19512358653652323	0.2109483366843822	0.11675852457982594	-75.17714285714285	1.8479027206963148

drug_31.txt	-0.0915127309036445	-0.6207151936566471	-0.695670861604398	-1.3867305031036108	-0.3407907638449874	-0.27289682797968456	-236.01714285714286	-3.913994258972375

drug_310.txt	0.0128141121650858	0.6988456417014858	0.08638975954004746	0.39395962552247654	0.2688428171132865	0.11080488636531396	-88.36979591836734	1.307734901512615

drug_311.txt	-0.0619737061075054	0.5406076809959623	0.02269510108683198	0.29874034172481323	0.21050384799808966	0.1034042836370917	-123.72244897959183	-0.6818511895125501

drug_312.txt	-0.0956731569312698	0.9298368108245046	-0.19499087687242878	-0.0501849340089815	0.15924446333195097	-0.025927628868530395	-83.14448979591836	1.2079462860820809

drug_313.txt	-0.110401065069063	0.6038666722916425	-0.06642662217921097	0.16536015713557306	0.2696583994054136	0.1644494061331544	-91.14938775510204	1.421857025199122

drug_314.txt	0.0501081710767183	0.8893971635188541	0.10918692859023255	0.4130025435491398	0.18842290760568373	0.12084099047422543	-72.5330612244898	1.5757962111124388

drug_315.txt	-0.0070061574305208	0.8535332359144343	-0.046681152958398586	0.21865012863590372	0.2281461740632907	0.11044761588877909	-161.30938775510205	-0.1439625976284694

drug_316.txt	1.48250956897986	0.6444837688366171	0.6198383361494164	1.3677708196443903	0.2984178026817345	0.2646518773119382	30.765714285714285	2.5584305819360043

drug_317.txt	1.15476784822766	1.251926517979134	0.18715584800541357	0.2040843141982308	0.11253316542067511	0.09664498101344167	-28.344489795918367	1.7610383319095453

drug_318.txt	1.3687801630887	0.7158204745928107	0.4184642337423625	0.785817340304945	0.12568247032954244	0.010512349678078731	-41.986938775510204	2.7179346824790542

drug_319.txt	-0.0715094025628225	0.8871560369986906	-0.04085272807662921	0.17399170461658642	0.2380015390000954	0.14086664503374782	-181.3338775510204	-1.0049892865099974

drug_32.txt	-1.64296888001331	-0.06836833649292359	-0.6092307124968624	-1.186992862893001	-0.3845898790915021	-0.3610970783026239	-240.2138775510204	-1.387236546629679

drug_320.txt	1.25042436345482	0.49850936335007273	0.4546013192904029	0.7461386501341876	0.0803433316981144	-0.010365078352770422	-179.60979591836735	-0.6984357511094033

drug_321.txt	0.462606090863704	-0.670330186174981	-0.41301537431461804	-0.6947034696243684	0.050744968933914496	-0.0336941047503625	-195.7134693877551	-1.3033107575912508

drug_322.txt	-0.0858711932101848	-0.3911705484167341	-0.5775056331470173	-0.9569562272785301	-0.11380159281599082	-0.18100111587524065	-190.88816326530613	-1.4903987322943593

drug_323.txt	0.027708437343984	0.8691043645129835	-0.5179549201087663	-0.859068152672418	-0.005081006575867782	-0.17549149900725092	-198.88326530612244	-0.736163464996394

drug_324.txt	0.035346979530704	0.8737482458196866	-0.6168433705669023	-1.0354425187915477	-0.0857809391215159	-0.10760868336668439	-224.99510204081633	-1.4263085177894466

drug_325.txt	-0.0888334165418538	-0.49935192226983743	-0.543381865642506	-0.9514410562114907	-0.03602745601473626	-0.10097247424065546	-203.80489795918368	-1.3750429688494417

drug_326.txt	-0.0523215177234149	-0.45289805787418963	-0.6083218469892616	-1.1796204893222864	0.0035130310973759725	-0.06008321647181572	-216.03673469387755	-1.8900548378056294

drug_327.txt	-0.0115826260609087	0.8327931070702115	-0.18446259526986997	-0.21208726890439267	0.0074145531243329866	-0.10763342447113323	-198.44326530612244	-1.846783134092209

drug_328.txt	0.0957563654518223	0.9135471057830494	-0.5636787358450771	-0.9864335606546805	-0.009172907062214072	-0.20410459210901402	-165.84979591836733	-0.6774027761857311

drug_329.txt	0.114328507239141	1.0679484969282242	-0.547852694371364	-0.9102269807193801	0.023251417847002142	-0.06336483859994134	-192.13877551020408	-1.8449208509680084

drug_33.txt	-1.59098019637211	-0.40172554132159205	-0.6750935580617279	-1.2667414351261916	-0.33275318082634214	-0.3071110635235447	-242.80408163265307	-2.0303987246374775

drug_330.txt	0.48137793310035	1.2946002220671997	-0.5968575847613573	-0.9859047402587067	-0.10780379423975855	-0.20530885778532285	-127.22367346938775	0.3120656903000183

drug_331.txt	1.38622066899651	0.7142933607391664	-0.14354690904938056	-0.033079608776273806	-0.09701576447473735	-0.0956124591773244	-6.538775510204082	2.0213416541030873

drug_332.txt	0.00833749375936099	-0.9220830731196432	-0.5161088471692777	-0.9516025097350161	-0.02427887589143322	-0.1425362734288062	-186.02612244897958	-1.7852284861384888

drug_333.txt	0.0350474288567149	0.9685294681352501	-0.5543894902631235	-1.0372347106447837	-0.021899070939018037	-0.043083211330386	-183.40979591836734	-0.48517429923883554

drug_334.txt	-0.0159261108337494	-0.8043050442718052	-0.525449498495418	-0.954104001177516	-0.00954552603389668	-0.041653910480562766	-217.41469387755103	-1.0966130878262903

drug_335.txt	0.0562656015976036	0.8202381822420587	-0.17540007629968818	-0.10987198998785525	0.006415637434448824	-0.18784789783173586	-184.08	-0.9663896996484894

drug_336.txt	-0.0437843235147279	-0.6265770593371114	-0.5657213935506176	-1.0318693988163699	-0.04196517956103979	-0.16473112961304104	-146.22285714285715	-0.4702457527126934

drug_337.txt	0.0112331502745882	-0.8039956538079605	-0.5332236107089082	-0.8749175286689473	-0.020683784503249154	-0.07096182667121798	-194.8726530612245	-0.9253311964589247

drug_338.txt	0.381677483774339	1.0478442523867013	-0.4027523405336908	-0.6697623606784928	-0.018774194070416854	-0.0818868848781537	-44.878367346938774	1.1423507516433402

drug_339.txt	-0.0448327508736894	1.130582771303329	-0.5305947119052599	-1.0066678565552964	-0.02305755057512274	-0.12603692563204164	-170.91020408163266	-0.7481875604306559

drug_34.txt	-1.60812115160592	-0.42005566633103525	-0.5782350908666628	-0.98280276454236	-0.3188518059520424	-0.320243215674693	-238.40408163265306	-1.7879147925594

drug_340.txt	0.0789316025961059	-0.7786154075097282	0.02155339242512047	0.18293780299996426	0.013643264226734453	-0.07810906101220397	-100.66448979591837	0.16027602905412835

drug_341.txt	0.321068397403894	1.0718433400996812	0.018341083812730752	-0.07243475855747744	-0.007687641764923264	-0.12037984697174965	-75.0530612244898	0.9986997047965237

drug_342.txt	0.029306040938592	0.684953069349631	-0.06737213635773787	0.16227233452345347	-0.04417962437770949	-0.012354505075132914	-55.79673469387755	-0.2592775358434032

drug_343.txt	-1.45431852221668	1.12123045121366	-0.09386191068453742	-0.23302196232407935	-0.10013002599921203	-0.15538938907409267	-124.47510204081632	0.5930763197747684

drug_344.txt	0.0547678482276586	1.1036698970745307	-0.5225617652266858	-0.8467944737992138	-0.005442367394101422	-0.12491387485686752	-143.9012244897959	-0.8173794592711415

drug_345.txt	-0.0911133300049924	1.0395160249416078	-0.35365027889774214	-0.6935027332991419	-0.08274468654552332	-0.07595907061177722	-40.67591836734694	1.709641477347169

drug_346.txt	-0.0230154767848227	0.9772077676517308	-0.4683773555959192	-0.7900209679305201	-0.022122054144824103	-0.10781012124380952	-170.23265306122448	-0.6475364645239344

drug_347.txt	-0.00778831752371445	0.9227860186910786	-0.5822972590621475	-1.0418986162260835	-0.0032497196554330983	-0.08025323131449977	-161.26122448979592	-0.7067677433110557

drug_348.txt	-0.0535363621234813	-0.7896289911328862	-0.4911659028148164	-0.7791111798498461	0.0042626619374419965	-0.06391669567796038	-97.57795918367347	0.5745524268304516

drug_349.txt	-1.35258778498918	-0.8791494015285694	-0.5441156368948306	-0.9587936658155463	-0.19125929398451313	-0.11203885490034204	-114.43836734693878	-1.264591205188412

drug_35.txt	-1.6497586952904	-0.20584755908295496	-0.701362958440618	-1.296320087905821	-0.44093638891827225	-0.3759480627968633	-233.6138775510204	-1.8692150861158567

drug_350.txt	-0.168014644699617	-1.042166540452604	0.36042117322192924	0.7325287423403346	-0.14046877755985887	-0.08417832145953957	-70.75755102040816	-0.014719590299425904

drug_351.txt	-1.12403062073556	-0.8965027494176614	-0.15678367295724627	0.02781306037636122	-0.13267905913448128	-0.2064141409276207	-193.40816326530611	-0.908448305045443

drug_352.txt	-1.39627225827925	-0.4525080046608687	-0.5359693927256625	-1.022433874418585	-0.1501823058780248	-0.20620987161448104	-277.985306122449	-2.269139925189995

drug_353.txt	-1.53577966383758	-0.32182022329717597	-0.6227727634803994	-1.0378645228224848	-0.31276474919144637	-0.2999184190172975	-320.6187755102041	-2.9652958882449707

drug_354.txt	-1.16217340655683	-0.7073022475883517	-0.40410751903028297	-0.7838761703836548	-0.2561826133439239	-0.18460839174996257	-148.37142857142857	-1.1224099579978803

drug_355.txt	0.130604093859211	-2.4431492103476073	-0.5327296175129781	-0.9154579126470488	-0.14293012839094696	-0.09804676454359924	-184.4726530612245	-1.120039423542263

drug_356.txt	-1.49387585288734	-0.5866854463658757	-0.22353670003344045	-0.16735177221960162	-0.21010352382123448	-0.09273826816540305	-112.96979591836735	0.03569511553782185

drug_357.txt	1.32651023464803	-0.6498278123415389	0.017886274173296135	-0.13585492251780662	-0.2664716399208201	-0.09089752129562845	-53.31591836734694	0.882703711924564

drug_358.txt	-0.0568647029455815	-1.021197311559052	-0.05838887885794755	0.1051565578711206	-0.15474694793179655	-0.1518858800745345	-93.03020408163265	0.40011831113332286

drug_359.txt	0.000149775336994451	-0.8435515369017439	-0.5817302951278431	-1.011611330509381	-0.22746259031609442	-0.165147519028125	-261.7738775510204	-2.236745320345233

drug_36.txt	-1.6559494092195	-0.1925002956617015	-0.7376439300990677	-1.3192675021756992	-0.4589021819927481	-0.46358920617044547	-265.10938775510203	-2.4888424040016397

drug_360.txt	1.17903145282077	-0.8177471214581573	0.13604906457645627	0.08124219296214386	-0.17681476237473595	-0.07169669657250695	-33.902857142857144	2.6855301400526392

drug_361.txt	-1.25907804959228	1.2583115667978924	0.015723880000988844	-0.06201347803188079	-0.13605963339374905	-0.004698074134380797	-79.22857142857143	0.725519517188042

drug_362.txt	-1.21169911798968	-0.9628913667511894	-0.354965305404083	-0.6222375518801928	-0.14921825124678975	-0.0806843166556702	-131.87428571428572	-0.7581981362194038

drug_363.txt	-0.138841737393909	-2.524583915885032	-0.6206008618136077	-1.0770811513032823	-0.20126703212266292	-0.1894549460712256	-240.13714285714286	-1.1039965828861102

drug_364.txt	-0.312264935929439	-0.23374605868064557	-0.5697525281083285	-0.9909519334857215	-0.213632785825536	-0.17852681710647028	-241.59591836734694	-2.2670723585111183

drug_365.txt	-1.51103344982526	1.148018875433962	-0.575008187710788	-0.9989738971516053	-0.09946307373736132	-0.046367949065410474	-177.50040816326532	-0.848098366157068

drug_366.txt	1.38891662506241	-0.781690337326107	-0.02174583088699103	-0.09316192779407961	-0.21541922563423507	0.018333170854283973	-32.80979591836735	2.5154106404239482

drug_367.txt	-0.135796305541687	-0.4563023843753252	-0.6181896116107897	-1.0768613116131156	-0.27729158190201897	-0.1690285367913091	-234.98857142857142	-2.038837201577988

drug_368.txt	-0.121617573639541	-2.680973335466458	-0.6035735241051579	-1.1160537396080827	-0.21348578879995053	-0.18659524877203731	-196.4318367346939	-1.4040514901997196

drug_369.txt	-1.46994508237644	1.0022108610447014	-0.5699524673890659	-0.9248926466802079	-0.1659443435635225	-0.008476959851165351	-105.04979591836735	0.29271681508635244

drug_37.txt	-1.54856049259444	-0.7037351182439647	-0.5339153689770679	-0.9396314299367062	-0.3326775820002665	-0.348636650201105	-284.45061224489797	-3.1375469163392644

drug_370.txt	-0.0365951073389915	1.0234169745605373	-0.6048134224873355	-1.0837800563395263	-0.18161554488130172	-0.051576683431789186	-179.77142857142857	-0.9987173036472454

drug_371.txt	1.2209186220669	-1.1189969180852466	-0.37150140142524407	-0.6417061484609825	-0.07659583919964157	0.1102032944388435	-21.32081632653061	1.1340204856364784

drug_372.txt	-1.58427358961558	-0.7496175548552764	-0.6535069658730305	-1.0688392442888601	-0.307709660049128	-0.30660823902262113	-201.39510204081634	-0.7689982119646801

drug_373.txt	-0.153636212348144	-0.765458053495963	0.34343606752114364	0.6638439662551221	-0.15350956996024484	-0.03585201338679329	-10.142040816326531	1.5562914963065888

drug_374.txt	-0.322166749875187	-0.53570459175617	-0.6259594471772785	-1.1815050709414012	-0.34145269005690454	-0.284539881269237	-174.9551020408163	-1.221043565945113

drug_375.txt	-0.191862206689965	-0.4389985491809788	-0.6575220960477903	-1.219285595325085	-0.3375413033589222	-0.2672863962432377	-153.82530612244898	-0.4138874737207062

drug_376.txt	-1.5098186054252	-0.6422170798394363	-0.6044665174675369	-1.0042977980846532	-0.300793748879392	-0.34265301567059947	-189.76734693877552	-1.2218891018413915

drug_377.txt	-0.10199700449326	-0.5455292569248218	-0.2469227876945768	-0.07746969206358001	-0.11742504146043126	-0.0322770262969421	-136.4065306122449	-0.14760614785345075

drug_378.txt	0.0168081211516059	-0.8562222537900774	0.1634609584909929	0.14200182822637392	-0.18569648925537216	-0.12874073460626712	-89.92326530612245	-0.5613254333029217

drug_379.txt	-0.0923115327009486	0.7204579962495604	0.11208669038032747	0.08615402120634325	0.07863942414026971	0.06309342322791126	-89.07428571428571	0.299686301703985

drug_38.txt	-1.71351306373773	-0.44235897619037795	-0.6176163876391576	-1.117812593562559	-0.3714507711246762	-0.3235348835708275	-248.49959183673468	-2.567541121010982

drug_380.txt	-1.43270094857713	1.166364115610562	-0.5371742291455179	-0.9326224910771801	-0.09765773490646384	-0.1372128815830303	-115.50367346938775	0.2871956956213525

drug_381.txt	-1.30963554667998	1.115794133681565	0.06427337101454425	0.016776997630928325	0.011233035099170405	-0.012098319714375808	-61.263673469387754	1.9088022518056766

drug_382.txt	-1.18485604925944	0.9429430787963403	-0.13738010276895163	-0.20724885489381278	-0.02294139280910973	0.0014294468681971967	-92.38122448979591	0.8397497255433505

drug_383.txt	-1.10579131303045	1.1312020016265636	0.4521698808718555	0.7537815105247229	0.02928765187456526	-0.10087810755563074	-134.32408163265305	0.1560452448235093

drug_384.txt	-0.118172740888667	0.8633936863771795	0.4279921139630789	0.8268554142417097	0.09178388330393279	0.16071066932445624	-68.64979591836735	1.149639364246897

drug_385.txt	-1.34772840738892	0.9515526055695378	-0.4292315634849171	-0.7563682664929887	-0.037141851770700056	-0.07162001079860447	-170.0465306122449	-0.4660018348305794

drug_386.txt	1.16375436844733	1.1377211571980879	0.1410811541764718	0.12032559910444574	-0.043868536598652974	0.02623787988604076	42.6	3.3115324519460088

drug_387.txt	0.98472291562656	0.7911980005393018	0.13319762963571424	0.13715252799056032	0.05571383774283606	0.058602831359086185	-26.147755102040815	1.7277673537683371

drug_388.txt	-0.0553503078715261	-1.1839240813277143	0.07540947336828904	-0.0017353332316827341	-0.09064692123243573	-0.10316752802849581	-57.21877551020408	1.520796363980825

drug_389.txt	1.16435346979531	-1.0932323877870758	-0.45417504324005864	-0.8216748203024526	-0.06203315709184048	0.048494135976145374	12.961632653061224	2.4256505297579882

drug_39.txt	-1.65490098186054	-0.8346239320959992	-0.6748985237232111	-1.3319398024170326	-0.36131960306388916	-0.24491264726619894	-215.19183673469388	-1.324995399200912

drug_390.txt	1.18721917124314	0.5183898746764379	0.48672094712871333	0.9580184287729157	0.1138992421971061	0.1283851227074057	-11.063673469387755	2.7420300824055013

drug_391.txt	-1.34148776834748	0.9647686118507977	0.38009993508949885	0.6804825768597225	0.0317291198995498	-0.010107198866607143	-76.55265306122449	1.2967456834151074

drug_392.txt	-0.0852221667498752	0.855340826946486	0.5113792307846469	0.8924244577980506	0.10830907436959605	0.17228619846421245	-88.6073469387755	1.0574905184972325

drug_393.txt	-0.0612581128307538	1.0599541229497123	0.4631274184510323	0.8154782074565907	0.08383725224305938	0.09372369196453158	-177.19020408163266	-0.39695865541385106

drug_394.txt	-0.134132135130637	1.1276568566109495	0.07539225648943088	0.029225381792166605	-0.008658665404412933	0.06452272407773449	-80.23836734693877	0.7324715728974709

drug_395.txt	-1.52529539024796	1.5746966722424132	-0.48227313550136885	-0.7909353668444847	-0.18711686973986197	-0.12149057223497474	-184.0669387755102	-0.8804321937954949

drug_396.txt	-0.0191546014311865	0.7506182567314417	0.10227748656216964	-0.004381376480426025	-0.11388289743973565	-0.05819296317137446	-61.50612244897959	1.5682180453843149

drug_397.txt	-1.51930437676818	-2.503149000464721	-0.6189861884313916	-0.9700828203817149	-0.18587300502960122	-0.21388466288426225	-183.18448979591838	-0.4796134566133445

drug_398.txt	0.0668996505242136	1.1749507038691618	0.09295445844841285	0.02342051084189717	-0.09365959816710492	-0.06472690991342352	-33.65469387755102	1.4121131616813827

drug_399.txt	1.14488267598602	0.9905965286672163	0.46233095867263485	0.9060171110505717	0.05684618819610944	0.06503484943508346	-5.498775510204082	2.238408494641372

drug_4.txt	-0.0716591778998169	-0.4852119444701738	-0.2695526546437384	-0.29648792000653923	-0.09985588564991535	-0.15764484241552823	-207.12163265306123	-0.8710461185621053

drug_40.txt	-1.76393742719254	-0.28988093037886786	-0.7024789070188205	-1.2493878460808368	-0.44592252649936925	-0.3221244743442834	-212.53632653061226	-2.1449795633617312

drug_400.txt	0.164486603428191	1.3558233507345496	0.05132630202538355	0.0018225944577177633	-0.06234899725240418	-0.06329760906360028	-91.84	0.9591798388306497

drug_401.txt	-0.0223664503245131	0.8630072865396776	0.5263756714424035	1.251057259611959	0.0024999476469666606	-0.021291811197562887	-43.38857142857143	0.8483333983532206

drug_402.txt	-1.44797803295057	0.6480038540737463	-0.25204448324896395	-0.2120183744062185	0.006914453658069012	0.058398640309054534	-133.25551020408165	-0.4277746599148677

drug_403.txt	-0.0126643368280913	-1.2089250032271617	0.45913142829402165	0.8340964819700412	-0.0061623869501610615	0.04278130269818753	-29.02285714285714	2.45044754638639

drug_404.txt	1.0404060575803	0.8178705072880695	0.31259438579217935	0.5847230532356064	-0.023077635999852835	0.07013962568587494	-64.37632653061225	1.0771067092379025

drug_405.txt	-0.0568147778332501	0.739361113835692	0.04348276736773324	0.4528481523643989	0.10785419494340533	0.2652441739911253	19.965714285714284	3.0468439126152504

drug_406.txt	0.0620735563321684	0.7171127614117003	0.12028365266467003	0.08886112753895703	-0.030501076142163037	0.02991322492844336	-18.122448979591837	1.4208792507463603

drug_407.txt	1.2671992011982	0.8830527707408095	0.025216879876532983	-0.1746002051764864	-0.10052689877451416	-0.011964441126734036	-53.89551020408163	1.9498211710394593

drug_408.txt	-0.30264603095357	-0.6687448118140062	0.05905111071595681	-0.06279523576114532	-0.09800268197824946	-0.10675962851547295	-140.00163265306122	0.34923568713419956

drug_409.txt	1.29186220668997	1.129516084030707	-0.02450483712332774	-0.1584891671678585	-0.14813261003345188	-0.15001568489674216	-90.51755102040816	1.2799681346431455

drug_41.txt	-1.47776668330837	-0.3122385528571605	-0.5787056975131897	-1.069205472460785	-0.4131579135070038	-0.32519674651832964	-270.89714285714285	-3.2658651696641825

drug_410.txt	1.36969545681478	0.8770266062063408	-0.005384610745900964	-0.1691641193158317	-0.14585308668356883	-0.14602753785449746	-131.87428571428572	0.2149935492408089

drug_411.txt	-0.16610084872691	0.9402869547258756	-0.4472439003349158	-0.7688234379362611	-0.06535346268964577	-0.0034768461393927964	-160.8677551020408	-0.44887704473168405

drug_412.txt	-1.50153103677817	1.0078691000787945	-0.4675106622172792	-0.8252329665175568	-0.17460890849607777	-0.1336540560054819	-178.08489795918368	-1.1004123438389855

drug_413.txt	0.131003494757863	-0.7163751269178459	-0.5228439395500654	-1.0329217030896056	-0.17649146720485445	-0.170365460830247	-194.4538775510204	-1.1637345240219306

drug_414.txt	0.0283075386919621	0.9935747419499832	-0.11854418399611927	-0.2634061627056359	-0.13782601289798796	-0.18826099243006292	-250.34448979591838	-1.1333096133452873

drug_415.txt	1.50768846729905	1.1210114215701792	0.0003857857825614319	-0.1206793874764549	-0.1391342939380355	-0.09643135027786491	-169.5869387755102	-0.5036351801818777

drug_416.txt	-0.132151772341488	-0.7045122895633827	-0.6111146292958957	-1.000240226332077	-0.16440828203520477	-0.13713090214487472	-194.63102040816327	-0.8294572411972886

drug_417.txt	-0.308736894658013	-0.6081576523406322	-0.6575593043282499	-1.052854588219593	-0.15041525287328095	-0.12005345198962186	-177.03836734693877	-0.4291995071134429

drug_418.txt	-1.52141787319021	0.890876518132619	-0.3957592148474537	-0.6605172321748785	-0.08084258159338482	-0.05245947263260308	-113.79020408163265	0.7381392901966606

drug_419.txt	-1.59375936095856	0.8977943495308307	-0.43925896085408134	-0.7532935917943027	-0.12934750064542722	-0.17609203094218812	-218.2922448979592	-1.2500454744979688

drug_42.txt	-1.59908470627392	-0.3235869796642967	-0.6095620131747201	-1.0127110115714504	-0.43423627487684663	-0.4036361627639569	-265.18285714285713	-1.8292236291227602

drug_420.txt	0.134631386253952	0.7170658479678524	0.05618116662950062	-0.04656077314383211	-0.08572710062091518	0.004601708125666937	-26.622857142857143	3.806464985744011

drug_421.txt	-0.0512231652521219	0.7767877517617903	-0.5224960100978926	-0.8613433146302553	-0.12865723452716388	-0.13089303113008174	-102.42775510204082	0.14881173589993663

drug_422.txt	1.37663504742886	1.3490951360980672	-0.017475694332614755	-0.19364196195398525	-0.16190957129922534	-0.16975189974682478	-80.65632653061225	1.1008817701831741

drug_423.txt	-1.41274754534864	1.0502936771909448	-0.6128668921039655	-1.0886123132845777	-0.14506242445924405	-0.16157108530119466	-125.79755102040816	0.3668690783327917

drug_424.txt	0.277483774338492	1.3377767131714737	-0.05530178259136745	-0.20888384677440508	-0.11505930934715673	-0.08150136391458997	-175.24	-1.0657416267783066

drug_425.txt	1.19925112331503	0.6625199141087345	0.08141009259739224	-0.07788006891950688	-0.07706505697838548	-0.03456394103278721	-1.9746938775510203	2.055329062425391

drug_426.txt	1.2263105341987	-0.9527555417892473	0.022790447366425715	-0.1611192198906431	-0.1326340927109915	-0.10553250634862843	-95.65959183673469	0.7264639759655781

drug_427.txt	0.0792311532700949	0.9019566053014609	-0.07842249155073938	-0.25148596105066195	-0.1303260703307376	-0.14388007406251957	-182.7461224489796	-0.583463489910924

drug_428.txt	0.152121817274089	-0.8975751424138789	-0.08245150975172261	-0.2606363567485949	-0.1455376988621379	-0.12915460806038537	-141.17714285714285	-0.33158738423033585

drug_429.txt	0.150008320852055	0.8926008312401397	0.009529444739386439	-0.07833894755169823	-0.06805137315183554	-0.05562953823028474	-119.95020408163265	-0.07810182652725642

drug_43.txt	-1.48380762190048	-0.5444856972543215	-0.5004156582577364	-0.822993965249857	-0.3551199781822604	-0.2817384501478682	-206.16979591836736	-2.1902177222677515

drug_430.txt	1.21972041937094	0.8319316185660398	0.11516996398125304	0.026013015727568756	-0.031595135137217976	0.011657660585022907	-10.365714285714287	2.038788417608439

drug_431.txt	-0.126992844067232	0.988170116532179	-0.04591825843016206	-0.22639573625346715	-0.13603461640924064	-0.0631967915924926	-40.55836734693877	2.180011130839349

drug_432.txt	-1.46536861374605	0.923034070043458	-0.13648724615174812	-0.2629745136065374	-0.14871541031691835	-0.1904084562220408	-170.2873469387755	-0.1323025067864499

drug_433.txt	-0.197453819271093	1.0480891053447954	-0.1009227991174674	-0.2319444992044739	-0.08543050673263404	-0.16290046764860958	-179.57469387755103	-2.1960050188681146

drug_434.txt	1.19151273090364	-0.8504095144882027	0.03167631029673834	-0.11293835140735026	-0.09220494560339201	0.062071929606218455	10.079183673469387	1.6491957616246404

drug_435.txt	-1.37380595773007	1.1088169305673303	-0.5797933202859226	-0.9739813384890061	-0.08266645505552506	-0.1862157888186554	-212.21714285714285	-1.7983887351348384

drug_436.txt	1.20019970044933	0.771444117004655	0.13364182700528038	0.014818542986213323	-0.021017313321383166	0.04581373465863446	-30.28	1.5179251804854215

drug_437.txt	-0.00539191213180235	-0.5620487074077198	-0.56808568026871	-0.9885559811851139	-0.18827430992252175	-0.055578562939546904	-149.91183673469388	0.016074496993221724

drug_438.txt	1.48632051922117	0.5579941667872461	0.05516131472376784	-0.12163799038723633	-0.1348605458212377	-0.07093175712174218	-76.76897959183674	1.0457038026192789

drug_439.txt	0.356165751372941	1.565338546185954	-0.0795442491793848	-0.27032281541644326	-0.1264977993021416	0.023541564412699424	-113.82122448979592	0.16260719283955807

drug_44.txt	-1.64366783158595	-0.6251180823418714	-0.5815102406435081	-1.009567809881123	-0.32505126314989613	-0.3024717854315431	-266.6848979591837	-2.502685937880595

drug_440.txt	1.56874687968048	0.8583526315801256	0.010364034422357227	-0.1340943955102067	-0.0868680232807476	-0.0016376740461008295	-24.23591836734694	1.7055836413506424

drug_441.txt	1.41967049425861	0.5294388449918274	0.09293774711283917	-0.009401325321023613	-0.02291877358614082	0.04667371031387365	-33.87591836734694	1.6399499329678093

drug_442.txt	-0.0641038442336496	-1.0476414777320313	-0.5841422903582603	-1.0910466420224214	-0.15781671361781585	-0.10010282606791322	-112.62448979591836	0.32243259837578725

drug_443.txt	-0.216375436844733	-0.4194558556728143	-0.5856243192952719	-1.1696154257409148	-0.15483996397581262	-0.10214991862553924	-180.93632653061223	-1.3277347506422774

drug_444.txt	-0.211033449825262	-0.6312138427438742	-0.5696840096010851	-1.1195038080724322	-0.16523585552413253	-0.07850599958495852	-165.57061224489797	-0.21800193936470136

drug_445.txt	-0.213979031452821	-0.47898382081818236	-0.5160893286710022	-0.962677569083942	-0.05414159649979546	0.02712397638854499	-156.83591836734695	-0.2894801466661432

drug_446.txt	-1.44035613246796	-0.5381765959483245	-0.3805840523632409	-0.7509041198138907	-0.14079382338368815	-0.040430078013114226	-161.2791836734694	-1.4692821803646314

drug_447.txt	-0.0879680479281078	-0.3321541408856514	-0.5749116945865934	-1.072189188695035	-0.1762118428857806	-0.1774829247461774	-133.02530612244897	0.30323013802167503

drug_448.txt	-1.42314861041771	-0.7364454688483459	-0.5627084187440191	-1.0202854358886537	-0.14965088841308552	-0.020368570948379065	-176.25632653061226	-1.3824241344167851

drug_449.txt	1.56060908637044	0.8415876158393709	0.10932005114505419	0.04416924194594318	-0.07967487110561206	-0.06960114695928525	-53.53551020408163	0.5645516578323108

drug_45.txt	-1.6507072724247	-0.12871769691056117	-0.6268582444960116	-1.2220622138756467	-0.3691573587510392	-0.28507968479356144	-266.66285714285715	-3.2175999391395504

drug_450.txt	1.10054917623565	0.9986324592106706	-0.014349557890125153	-0.15833312279551598	-0.12068807740480492	0.023336855156936825	-129.89061224489797	-0.3548792473305078

drug_451.txt	-1.09826926277251	-0.6397423110975551	-0.007955932266538013	-0.1826615871700707	-0.15240186673063352	-0.06693992663437141	-126.02857142857142	-0.22634799478128545

drug_452.txt	1.03210184722916	0.8555630315239449	-0.3769818359699182	-0.7923220793432425	0.017656700420765385	0.02722702987113119	-175.73061224489797	0.37116356875740364

drug_453.txt	-0.0153436511898818	-0.9359026237024772	-0.42268550376349223	-0.7452923143444257	-0.026672316790376856	0.11156654439061901	-96.51836734693877	0.5438855233018025

drug_454.txt	-1.17532035280413	-0.6263763439352995	-0.5828530875374696	-1.0122076844722065	-0.1477113178171265	-0.04155597891980854	-173.52816326530612	-0.5747860825637484

drug_455.txt	-0.111333000499251	1.493588612771792	-0.5999676593098433	-1.0714779002974841	-0.13969894496006227	-0.02323450052905552	-184.94448979591837	-0.6401082419804163

drug_456.txt	0.418721917124314	-0.42327642966552076	-0.45669098352570947	-0.8489272717624428	-0.02875785280092559	0.1483118558000064	-94.24734693877551	0.6849753730340458

drug_457.txt	-0.090564153769346	-0.585779261092461	-0.5999115350252022	-1.128008424930472	-0.18676362690200204	-0.05629504533471601	-182.56408163265306	-0.3131716420957626

drug_458.txt	-0.230604093859211	-0.7398282546915638	-0.6012814394037092	-1.0219436586885418	-0.08665893058990667	-0.06796347291318441	-204.02367346938775	-1.5067128713788858

drug_459.txt	-0.0772840738891662	-0.7486550309465283	-0.5952437763777758	-1.0313220414510404	-0.06574224333284277	-0.023439209784818123	-171.52	-0.35995696344807027

drug_46.txt	-1.64895989349309	-0.9170309336243883	-0.6231371245209649	-1.1849645570775962	-0.3960938141870678	-0.29873623571877894	-281.86040816326533	-2.7005200061355117

drug_460.txt	-0.0121318022965551	1.3144076344448734	-0.5428165150790184	-0.9589553876134375	-0.12539007161770205	0.029478132829814933	-167.73877551020408	-0.9321217792306942

drug_461.txt	-0.216575137294059	-0.8271431757954024	-0.6551532977691502	-1.18633379775485	-0.16322341486951505	-0.07901777272436503	-199.30367346938775	-0.504474972235425

drug_462.txt	-0.0842236645032451	1.151066791231154	-0.6365794225586896	-1.0632344000830907	-0.08689188479023247	-0.11883677323452375	-195.85551020408164	-1.450481045899913

drug_463.txt	-0.221168247628557	-0.8104318256919023	-0.5840251261235937	-1.0010122093597749	-0.058715851215322704	0.018423833018634334	-160.89551020408163	-0.2164562119240238

drug_464.txt	-0.171992011982027	-0.6015063917870203	-0.6341069122591352	-1.2503411083484752	-0.19358892884307688	-0.1432964790338226	-198.29061224489797	-1.8508444119827807

drug_465.txt	0.0591113330004992	1.1875405027837078	-0.4647234888871762	-0.8747877139188369	-0.032469794465811844	0.06816993193298261	-159.21061224489796	-0.10081598348814878

drug_466.txt	-1.38197703444833	0.8578897770130798	-0.5292803637863421	-0.9515391944627063	-0.1543393355782285	-0.2823424103274866	-235.4269387755102	-2.9874464897115676

drug_467.txt	-1.44940921950408	0.9833301774826211	-0.5043004631623249	-0.9014815483009727	-0.09357254138384685	-0.16753971216263683	-139.9142857142857	-0.2996559399924868

drug_468.txt	-0.386104177067732	0.9882807625835568	0.017953521560138935	-0.0980609195407301	-0.1062193399059517	-0.1208391031609137	-57.25061224489796	0.4395432865503528

drug_469.txt	-1.71895490098186	0.6485657237782053	-0.5447560668804571	-0.9418940465937651	-0.1371723308202021	-0.09350101536360846	-195.01714285714286	-1.2903145712220547

drug_47.txt	-1.5378765185555	-0.6390282951820829	-0.5437736108860111	-0.9697509218647611	-0.34162177088816187	-0.24885109073238387	-227.94285714285715	-1.88260806235634

drug_470.txt	1.41547678482277	0.8907075718765574	-0.11234695072480377	0.0867873224778703	0.020287193442116016	0.14035730079620717	-8.595102040816327	0.9215010562403116

drug_471.txt	-1.68671992011982	-0.5687512203364766	-0.5790964187798013	-1.1133306484376921	-0.1587081696862995	-0.1294708048805376	-141.7395918367347	-0.360349480107192

drug_472.txt	0.0878182725911133	0.9275042989111653	-0.4977728034504776	-0.8901126299254343	-0.04836531977286063	-0.0478234701531899	-147.92244897959185	-0.5751073008134036

drug_473.txt	-0.204576468630388	1.0276808518052039	0.10472471425711777	0.06040453494582282	-0.053833355900217116	0.06499253244003478	-55.0269387755102	1.330541096465356

drug_474.txt	0.055683141953736	0.3581924993403223	0.5184695697223098	1.0303706774736248	0.04143582625733143	0.08063371763532781	-32.648163265306124	1.5232311461431807

drug_475.txt	-0.0865535030787153	0.30524190249104294	0.5047849233852402	0.9834396796003563	-0.0017392665482945826	0.03632837308558547	-42.096326530612245	0.4537026944583386

drug_476.txt	-0.115460143118655	0.4042824152046078	0.4836143010795818	0.9265522633280161	-0.03622288430949787	0.03147356582731301	-79.48081632653061	0.7668552401598439

drug_477.txt	-0.129289399234482	0.7056386018313803	0.4753287300621801	1.0253411046812446	0.01372042223753782	0.03229436599843293	-39.18448979591837	2.096542464461888

drug_478.txt	-0.016808121151606	0.3740707236065811	0.49428415054051417	0.946069974574332	-0.004040204104884713	0.0471093670673837	-38.924897959183674	2.0120750510874656

drug_479.txt	-0.209519054751207	0.47273559740981863	0.5005951643252532	0.9212258084960356	0.01740113774914024	0.06688303849371503	-40.79673469387755	1.3605632495675497

drug_48.txt	-0.150124812780829	-0.8148619236263479	-0.5785565641161194	-1.0002446112991072	-0.15416551156300318	-0.04524565286043343	-206.78204081632654	-1.2976535148334312

drug_480.txt	-1.37468796804793	0.8345359379175883	-0.18292847592668263	-0.1293050577869353	-0.06127313008662758	-0.2083133292122813	-188.2791836734694	-1.4965258650103086

drug_481.txt	-1.32810783824264	1.087621030502996	-0.4436781693839482	-0.7919919919588714	-0.03235387269211982	-0.03653275211841578	-106.33387755102041	0.23904541351194075

drug_482.txt	-1.56638375769679	0.9712728866332604	-0.5204168768233627	-0.9062460842518439	-0.14806428772117478	-0.19803821614718384	-158.62938775510204	-0.513623430053918

drug_483.txt	-1.35894491595939	0.8011278976582508	-0.5508899594427016	-0.9864581868586149	-0.15362254294651054	-0.2600656656834793	-198.28	-2.230471240500743

drug_484.txt	-1.68756864702946	-0.4720381362477678	-0.615578850176424	-1.0589622501987135	-0.1359600031109335	-0.20795034564474668	-217.30775510204083	-1.7140427093046087

drug_485.txt	-1.67588617074388	-0.4443141328975374	-0.5833966718112304	-0.9573251556146171	-0.16742379400821228	-0.20018926265727696	-181.50775510204082	-0.7955696797273838

drug_486.txt	-1.69758695290398	0.598342202975163	-0.5665863733705638	-0.925389923734244	-0.13736941673935202	-0.08711656274391454	-134.90367346938777	-0.21402090198595417

drug_487.txt	-0.174338492261608	-0.48061394424151505	-0.5699596155437416	-0.9771083956403608	-0.16982086248029749	-0.17091196620433674	-185.78448979591838	-1.0998523261862896

drug_488.txt	-1.67214178731902	-0.42460416105185617	-0.5763974025380972	-0.9862547082455151	-0.08999049162641531	-0.13381717174563765	-193.4130612244898	-2.160206617462048

drug_489.txt	-1.74416708270927	-0.36420139399102036	-0.5773437820846742	-0.934777001323656	-0.06829657187523513	-0.10254717972260205	-197.3991836734694	-2.322967716463919

drug_49.txt	-0.200099850224663	-0.68837018967753	-0.5455567315962917	-0.9617417800604853	-0.10887743947462383	-0.014656323217770197	-185.72	-1.2652794479693172

drug_490.txt	-1.71506074222	-0.40312196370601583	-0.5930627622956468	-0.9429598479517054	-0.14157093417940939	-0.09912129497562863	-164.37714285714284	-0.8023530922420101

drug_491.txt	-1.66839740389416	-0.4001798874837482	-0.2605763246498829	-0.2999717064846328	-0.07822063068389361	-0.14951473878388413	-237.28489795918367	-2.039973281176426

drug_492.txt	-0.0739890164752871	-0.40225017397824026	-0.6237143747155224	-1.1165161351707542	-0.10302730075651087	-0.2163296716117586	-198.3469387755102	-1.6403362730871043

drug_493.txt	-1.60379430853719	0.6635194890472125	-0.5616702574240034	-0.9258695387097162	-0.12895513476286044	-0.17484626258631997	-183.20897959183674	-0.759607306825886

drug_494.txt	-1.54861041770677	-0.9459892720774186	-0.23227568318602032	-0.06538867901110834	-0.09644657436536412	-0.08578809903051761	-40.63591836734694	1.176766394028942

drug_495.txt	-1.69688800133134	-0.1191705412571631	-0.6202675149365664	-1.0753185938750156	-0.1980705171328247	-0.23349707115392931	-199.214693877551	-2.308249565497287

drug_496.txt	-1.66645032451323	-0.43828465951069784	-0.5749006283824231	-1.0251299938777827	-0.10892495153024946	-0.2254300732118187	-189.22448979591837	-1.3026821724668733

drug_5.txt	-0.0953736062572808	-0.6943294461057659	-0.24503396252570106	-0.2277472391372345	-0.09676307852557531	-0.18630789862538735	-242.16734693877552	-2.4611731975812736

drug_50.txt	-1.5261441171576	-0.5360618794767555	-0.5936721195667389	-1.1082978100770102	-0.17720510793562172	-0.06582410390453095	-177.3730612244898	-0.041759139479088575

drug_51.txt	-1.56756531868863	-0.34307083021178403	-0.5590692964012969	-0.8977384682743019	-0.19014955702342193	0.018334576646522494	-212.8	-1.7528392166047209

drug_52.txt	0.0606590114827757	-0.9114045455709923	-0.4003971140075373	-0.755037410881702	-0.1574698414769507	-0.015881533215135083	-135.75102040816327	-0.7878008511784924

drug_53.txt	0.158761857214179	1.0541215030214575	-0.37972206146819343	-0.6718365886555753	-0.13511444971347567	0.012306911591149695	-192.3012244897959	-0.5397360304652361

drug_54.txt	-0.302496255616575	-0.5578111962144829	-0.5759332365521022	-1.0348856976787772	-0.2697450178883819	-0.0936040205252174	-229.69061224489795	-2.614820616486561

drug_55.txt	-0.199301048427359	-2.540398660696401	-0.49198493820921646	-0.8998350268469208	-0.19943217252231102	-0.0614324259093489	-185.19591836734693	-0.6424566893956077

drug_56.txt	-0.365601597603595	-0.4998597301708452	-0.5860010020991218	-1.0452582617631339	-0.23558304372705188	-0.05387465447577979	-203.11428571428573	-1.1729616387948163

drug_57.txt	-0.261507738392411	-0.37397227272918604	-0.5610320806108036	-1.1214351493052601	-0.2962917850791189	-0.15753868157135606	-252.905306122449	-1.832165109775532

drug_58.txt	-0.104043934098852	-0.293353763367795	-0.4588243404020471	-0.7587627346903383	-0.15809450653048127	0.017158622303730962	-193.91918367346938	-0.8266591031229835

drug_59.txt	-0.0599101347978033	-0.5614305713958487	-0.5315653889945645	-0.8686523513295865	-0.2140967041929917	-0.11148852595921616	-210.35183673469388	-1.4570074185398307

drug_6.txt	-0.200915293726077	-0.6807677561212816	-0.5214205194415981	-0.9886487569660324	-0.08444504167507175	-0.10663675776584669	-186.345306122449	-0.5487557798411853

drug_60.txt	-1.47894824430022	-0.8504681210136067	-0.5953955077017101	-1.114860544549522	-0.2178486101253072	-0.08788462592684078	-231.13714285714286	-1.8912958543024558

drug_61.txt	-0.321068397403894	-0.3066863629093716	-0.5954064204496001	-1.0863527461538522	-0.1723189555887126	-0.03727914964798691	-216.87428571428572	-1.0711135424979488

drug_62.txt	-0.174588117823265	-0.7277719823739633	-0.4213974992252457	-0.7611511918529201	-0.1227151172830493	0.06368584144349178	-192.71755102040817	-0.9666551187276395

drug_63.txt	0.0531702446330504	-0.635608724813575	-0.35624880626303734	-0.6095953161164279	-0.22838008812469343	0.04437637416061861	-171.55673469387756	-0.6335321358516999

drug_64.txt	-0.0307039440838741	-0.329610209380002	-0.6415220884358348	-1.1427381784397328	-0.24968561918775686	-0.024460625112700023	-191.35673469387754	-0.3384141658502273

drug_65.txt	1.24233649525711	-2.7000015509530835	0.1426008963043881	0.1377774099610265	-0.1196692975912902	0.05224054173338647	-92.21142857142857	0.4169332507541136

drug_66.txt	1.18996505242137	-1.0836309952367158	0.08744090617857936	0.03977957384910147	-0.1605360663169717	0.07588604983138157	-56.177142857142854	1.3908187575146629

drug_67.txt	0.0981527708437344	2.56675241050837	-0.027513605926445972	-0.10846239902964055	-0.0701927735408871	0.10024516542328535	-141.68	-0.7490720435961695

drug_68.txt	0.234648027958063	-0.6828864391805393	0.09526754882371913	0.04536041078814429	-0.14100840342914361	0.15034221447078555	-69.23183673469387	1.825779723919735

drug_69.txt	0.179980029955067	0.6296223241171887	0.39394149303507203	0.673724947309438	-0.12746082859437521	0.008681445808435308	-146.4661224489796	0.21927613700595266

drug_7.txt	-0.00026626726576795	-0.5438363933125931	-0.23093453952749077	-0.2313028337302483	-0.043612540253386824	-0.05169202749821242	-197.83510204081634	-0.8997516213083843

drug_70.txt	-1.45446829755367	-0.5865227053276958	-0.485547540211023	-0.8573696450887083	-0.18955585676289163	-0.06230214050759456	-204.12	-1.5316012104116867

drug_71.txt	-1.47200865368614	-0.6246013981075835	-0.5861685483246516	-1.1264562209295454	-0.27755186944683086	-0.07225842282770464	-228.13387755102042	-2.0665984012485743

drug_72.txt	-1.58978199367615	-1.0849308706913807	-0.5192597710213073	-0.9998714568201952	-0.17466966354404162	-0.10392998182638793	-240.74448979591835	-2.8977225066079955

drug_73.txt	-0.373889166250624	-0.6083193946882939	-0.5097737208472908	-0.8686719954923025	-0.261399919423272	-0.16950545930308678	-249.4	-2.0583133807062572

drug_74.txt	-1.44672990514229	-0.8428665098160298	-0.1480658929116771	0.0026760408695695737	-0.13930868666671198	-0.02226535513222232	-220.8473469387755	-2.226324006121148

drug_75.txt	-1.45912797470461	-0.5322214067744286	-0.4671047926944709	-0.8083263626915533	-0.2728832829903648	-0.12874073460626712	-212.68	-0.7579669923547042

drug_76.txt	-1.49871858878349	-0.8615378746499889	-0.6460750647662805	-1.1232830969373995	-0.24076239019185336	-0.12883957653307337	-236.51591836734693	-2.8850611546161185

drug_77.txt	-0.0707438841737393	-0.5658645714576201	-0.6433365772477496	-1.242194823455037	-0.27576886835015985	-0.08390147611725705	-152.65061224489796	-0.5769202578404692

drug_78.txt	-1.49387585288734	-0.8922881314385467	-0.5349953579985325	-0.9383311609021094	-0.13790237348097104	0.008018185330094794	-143.47183673469388	0.9603020852519641

drug_79.txt	-0.161158262606091	-0.5649900655811918	-0.5937030480452413	-1.1277103121004712	-0.15916319708209786	-0.04641901508861027	-110.14775510204082	-0.09475290810794874

drug_8.txt	-0.0495922782492927	-0.5040678489042001	-0.26837819375434246	0.03719463302443804	-0.06160760142070018	-0.08906824978143517	-197.6334693877551	-0.7730193919170447

drug_80.txt	-0.213529705441837	-0.49964294114073887	-0.5676099059365849	-1.071776123577159	-0.2461965184533789	-0.028648039015082907	-148.22122448979593	-0.271796205514728

drug_81.txt	-0.290713929106341	-0.4500943076733164	-0.5850139922288495	-1.0337490240039755	-0.25432644084271855	-0.1018767162835836	-181.50040816326532	-1.1492775774087147

drug_82.txt	0.080928607089366	0.6364254123824127	-0.5239796590814509	-0.8416756654546333	-0.05964804174251475	0.03045169680694571	-147.41061224489795	1.4488097236126267

drug_83.txt	-0.0238642036944583	0.492380376112789	-0.5475284683487434	-0.9379058451809708	-0.016184181141420673	0.070917710013491	-90.66612244897959	2.2188909071535274

drug_84.txt	-0.0255117324013979	0.7779355844650232	-0.5068243165859085	-0.816920195174033	-0.03877976617810157	-0.036685097831186265	-100.35510204081632	0.5013438104401473

drug_85.txt	-0.000249625561657529	-0.6341665069862008	-0.6369067020824533	-0.9790966643303549	-0.11204151160284374	-0.12752925374183974	-177.74693877551022	-1.1441608993454593

drug_86.txt	-1.51893825927775	-0.392764508327871	-0.6176190738639971	-1.0697860498258138	-0.04035023521069913	0.007255455665475581	-125.47673469387755	0.7601747079630188

drug_87.txt	0.00579131303045433	0.8177645678627518	-0.5786631608923427	-0.8869911823848804	-0.060574308996022466	-0.10811650836722765	-123.03591836734694	0.7641866389292148

drug_88.txt	-0.112081877184224	0.6501094547806158	-0.6249512149546346	-1.0427669909516517	-0.07660734386354727	-0.0307582575130559	-87.63673469387756	1.4760172877761708

drug_89.txt	-1.48458978199368	0.8626419080095085	-0.5748334331535332	-0.895796582052612	-0.12141213667877437	-0.08031890500087022	-97.24571428571429	1.2462038631550982

drug_9.txt	0.0605425195540024	-0.4467053261495245	-0.5274783295796039	-0.9347974892955486	-0.17478624378494761	-0.1972371448715038	-205.59836734693877	-0.7779637686038412

drug_90.txt	0.435746380429356	0.8884043856005573	-0.42424898929401045	-0.7663467522700671	-0.08538004328400287	0.02227674464400726	-123.32	0.6590206067274794

drug_91.txt	-0.0757863205192212	-0.7175998427294226	-0.2557415608174649	-0.41628935364721814	-0.024298421302684173	-0.04547433480474131	-171.24897959183673	-0.12218812349912052

drug_92.txt	0.283874188716925	0.7570746546871496	-0.4774113315160937	-0.8210561630940685	-0.09019746984906528	0.011342746126077092	-117.01306122448979	0.82405319369247

drug_93.txt	1.32291562656016	1.0393108328477139	-0.3777126262244087	-0.5953102367324707	-0.021034925712558435	-0.012364615146444397	-129.13795918367347	1.8815871967578854

drug_94.txt	0.161357963055417	0.9778690604244622	-0.5625152135476945	-0.8719424253571114	-0.09000601771523487	-0.14889012541687213	-268.23755102040815	-2.2660170571708176

drug_95.txt	0.110833749375936	1.067426632624755	-0.5489244615057743	-0.9257801243747426	-0.11585988610550733	-0.08134077402123753	-125.65551020408164	0.02455073800093976

drug_96.txt	0.140788816774838	0.8212072202507166	-0.5953062754510443	-1.0886012701245742	-0.09618531826522014	-0.003985289179432492	-150.06448979591838	-0.06444679427403743

drug_97.txt	-0.0130803794308537	1.1929471638889289	-0.6023269375385408	-1.2090997750082375	-0.12215816853928235	-0.08215826923753136	-143.10938775510203	-0.0021168959502965556

drug_98.txt	-1.54333499750374	0.8476402361402415	-0.5876997785382141	-0.9238264649584716	-0.11553372387420206	-0.12262428244407667	-144.3942857142857	-0.009505141625640479

drug_99.txt	-0.0288067898152771	0.8298356516013572	-0.20232447268543133	-0.129288740952879	-0.017265577374245434	-0.09320399300813555	-172.43591836734694	-0.6265732678523473

