	SScmap	SSfisher	SSlincs	SSlincs_Norm	SSpearson_corr	SSspearman_corr	SSzhang	SSzhang_Norm
drug_1.txt	-1.29677983025462	-0.39100921212485995	-0.0041029675667428045	-0.06700506615172397	-0.28336768387639377	-0.24397157471767617	-33.69820971867008	-1.873806584282968

drug_10.txt	-0.137502080213014	-0.40147449678236496	-0.032373046928244414	-0.06767925911290834	-0.2847513484908022	-0.20747520036689598	-38.468883205456095	-2.618274516963421

drug_100.txt	-0.163941587618572	-1.0463410472791854	0.07524545877929728	0.11543547755353178	-0.19998719912385926	-0.03985449024825207	9.1538789428815	-0.1784312273683429

drug_101.txt	-0.112269096355467	1.2221511080549172	0.11842663033706846	0.20812249847681824	-0.1788949002954656	0.09275192100419756	38.96760443307758	0.6863187844025864

drug_102.txt	-0.126759860209686	1.2082981296203497	0.11892087356159114	0.18303178477540116	-0.18828059503072894	0.08702295738442008	31.451832907075875	0.6900745713137455

drug_103.txt	-1.14504077217507	-0.9440941844822912	-0.04456133089558112	-0.09492081990283768	-0.2394036239011185	0.04417030950848445	58.45822676896846	1.9643657492354272

drug_104.txt	-1.21993260109835	-0.8080418321165767	-0.45074543123065314	-0.9386415836967106	-0.29731600367275673	-0.042624710990443744	27.815004262574597	-0.4986636970784697

drug_105.txt	-0.0278166084207023	-1.1139916064470243	-0.06378384305529977	-0.11029870335899894	-0.19504270727133877	0.05962112352695581	52.75831202046036	1.4968758823824564

drug_106.txt	-1.38633300049925	0.8600121637379652	0.09908474857422883	0.1648381689304535	-0.1604375853248715	0.17662394839774004	78.05839727195226	0.9237255549056455

drug_107.txt	-0.24392161757364	-0.6187770991947248	0.05947521484472562	0.114302114046483	-0.195077700523421	-0.015410912137201449	-5.42924126172208	-0.543128506619131

drug_108.txt	-1.15536694957564	-0.29061025668902807	-0.3332938583262929	-0.7520830559055124	-0.267907850233118	-0.12923743518907563	-25.002131287297527	-1.5129324373323694

drug_109.txt	-0.386869695456815	-0.6166211119883391	0.05813593787368476	0.11827024520428958	-0.22748084871162152	-0.07720733304920131	7.985080988917306	-0.989950551581959

drug_11.txt	-1.18213513063738	-0.9027320530796654	-0.03589636232473836	-0.08268090672868683	-0.25580139566080573	-0.1835137064214099	-10.019607843137255	-1.4055950008528524

drug_110.txt	0.0084040605758029	-1.1182060617037377	-0.14051399416477875	-0.26905614130722544	-0.2743146263358421	-0.07925276959024655	-22.065217391304348	-1.8053325145399326

drug_111.txt	-1.03052920619071	-0.7491577235160887	-0.07363729266223662	-0.1693657762226607	-0.2777243791021637	-0.04572892669655289	10.86615515771526	-0.2623961317094636

drug_112.txt	-0.128756864702946	-1.350326698168117	-0.06162441094383728	-0.14057189872449366	-0.2730491012428714	-0.13260242653611953	-12.905797101449275	-1.6601252527315133

drug_113.txt	-1.25938592111832	-0.7543908849955626	-0.11969143776321148	-0.23677914279579598	-0.28582591219286785	-0.13730138892849714	-30.985507246376812	-2.2808708450108837

drug_114.txt	-1.2095939424197	-0.8249809029786175	-0.09460338043440569	-0.16071096931218315	-0.2915158082867669	-0.1774144825219646	-22.215260017050298	-1.7937353047434388

drug_115.txt	-0.051643368280912	-1.3178208614787792	-0.08443245032665697	-0.17720421734196906	-0.28909386991397307	-0.15460732359310736	-30.476555839727194	-1.6977112663932123

drug_116.txt	-0.0428856714927608	-1.2122996435983817	-0.06730245338922042	-0.14329884524048286	-0.28103587455485757	-0.10404671871729886	-3.262148337595908	-1.0172756490782715

drug_117.txt	-1.23580878681977	-0.920145021369024	-0.12959115061204976	-0.23767278470368608	-0.27795010256852837	-0.05879433432413943	12.821398124467178	-0.47012149308141327

drug_118.txt	-1.18253869196206	-1.0953753911442836	-0.09107897797365494	-0.21529202803784897	-0.2795448396818479	-0.02674206239564496	1.2203751065643649	-1.1913666691790272

drug_119.txt	-1.46412880678982	-0.7926135418286754	-0.055389967515058036	-0.11529105715888815	-0.2853906275144088	-0.09737931006642715	-0.6462063086104007	-1.0006788017430581

drug_12.txt	-1.25833749375936	-0.58325499216617	-0.017830835454341415	-0.041524861376938116	-0.2647997338564219	-0.2672069627860263	-54.850383631713555	-1.6936125201906853

drug_120.txt	-1.21344233649526	0.9489859491222721	-0.04314275561234113	-0.09413361714119073	-0.2704044269613736	-0.020514982152087635	-0.6705029838022165	-1.2817404220613977

drug_121.txt	-1.29932601098352	-0.9877963027772013	-0.161049423026611	-0.2642405470896761	-0.2551618508387641	0.004718108963314267	31.407075873827793	0.5749353695673965

drug_122.txt	-0.0549758695290397	-1.1080531980741077	-0.04756251052505922	-0.11876925710191416	-0.27068614989646667	-0.04240527037023701	7.305626598465473	-0.5358321126306039

drug_123.txt	-1.41265601597604	-0.9803586439405243	-0.4264193464448123	-0.9537183399989659	-0.3243196868420249	-0.10580407104371549	-39.08141517476556	-1.1201991607534272

drug_124.txt	1.05753037111	-0.9395908945382847	-0.06402406548678163	-0.10105388449629976	-0.2797311357882671	-0.06536524108421218	0.572463768115942	-0.8333139471684653

drug_125.txt	-0.0721501081710768	-1.0430950877843428	-0.07867705112691528	-0.14956179208403098	-0.2523934872308768	0.027315106589837358	16.963341858482522	-0.1961448484061908

drug_126.txt	0.0312822433017141	-0.7207281163730423	-0.4554735678297416	-0.9705644962691025	-0.31817563205272836	-0.16815187532006273	-13.784313725490197	-1.725368571412637

drug_127.txt	0.0191629222832418	0.9764307852916801	-0.06957498771204401	-0.1419280424970253	-0.24199872565830435	-0.012549787809301513	0.41815856777493604	-1.0460585322738365

drug_128.txt	-0.0829339324346812	-1.0035055024678987	-0.16377143765496405	-0.27105339989856314	-0.28027646183127886	0.04672220329981971	32.1849957374254	0.40273201697059896

drug_129.txt	-0.110292893992345	-0.8430011213789061	-0.1420843099667979	-0.27759673024452625	-0.27014950594806075	0.025080473962881107	31.022591645353792	0.12217696096438992

drug_13.txt	-1.28225162256615	-0.5925560835456123	-0.03652138791702714	-0.11426397209253003	-0.2832844616230021	-0.2907480796447494	-59.61892583120205	-1.909581428829538

drug_130.txt	0.0704235313696123	-0.8593921244742895	-0.10388714427639462	-0.1988639435834395	-0.27069522693106574	0.06632031474119951	24.23699914748508	-0.1001390824126655

drug_131.txt	-0.252679314361791	-0.7427491088599203	-0.10327322600882266	-0.18230214089862729	-0.30545985825642213	0.07296762739383125	19.91687979539642	-0.0507400640335566

drug_132.txt	-0.0591196538525546	-0.8376749231407118	-0.17045737587812365	-0.3105013911762388	-0.28890279981666284	0.016159846276225458	29.978687127024724	-0.32812018414698935

drug_133.txt	-0.0864286902978866	-0.8520298770364466	-0.4209497268674596	-0.835006576665944	-0.287488784940994	0.03310316936608755	18.454390451832907	0.2578440114432467

drug_134.txt	-0.168443168580463	1.1351812961798011	-0.11958659177613609	-0.2263288425789	-0.23763883248970857	0.08314950735751823	57.832054560954816	0.7804333913039888

drug_135.txt	-0.0725994341820603	-1.1430984708991903	-0.09262987236792036	-0.1998338844580531	-0.2564792399093574	0.05336951595245145	20.4923273657289	0.14751423479784306

drug_136.txt	-0.228702779164587	-1.0507049901917318	-0.10160739104461372	-0.20414352062929692	-0.28769604016875555	0.028690412655899094	40.030264279624895	0.3151808196118241

drug_137.txt	1.05193875852887	-1.0605505816989762	-0.05093599467323526	-0.11159125693973121	-0.2600385346994462	-0.07411371578221604	13.532821824381926	-0.5911003753338028

drug_138.txt	-0.31518971542686	1.1447201237510765	-0.12311089377486478	-0.24709127103477707	-0.2649278391994409	-0.07443915234832267	28.004688832054562	-0.19884305083873716

drug_139.txt	-0.220827092694292	-0.795458392347189	-0.1535319254695913	-0.27033534408834997	-0.2951899738582883	-0.03499389879201541	55.94330775788576	0.5180256068322056

drug_14.txt	0.108578798468963	-0.8209289959885516	0.03452643218699214	0.05749884526952437	-0.22254021326207082	-0.15680065336256663	-13.491048593350383	-1.1317831471979745

drug_140.txt	0.198701947079381	1.1060536638867409	-0.1316224131924794	-0.2834989922555373	-0.2575683986786578	-0.0104486056798903	1.1108269394714407	-0.548940712036971

drug_141.txt	1.2239307705109	1.1080704585146557	-0.05562507096017033	-0.10632028536428667	-0.24172489662497482	-0.035375928254810333	20.238704177323104	-0.7613625050765691

drug_142.txt	-0.0752080213013812	-0.7318770697542606	-0.47195792918623836	-1.0233252581897536	-0.31241990170670725	-0.08427892184136812	-38.593350383631716	-1.731907972745246

drug_143.txt	-1.456777333999	1.752669781905933	-0.0015332544282243288	-0.001121859210961751	-0.2753462968301714	0.039349034667877585	-2.677323103154305	-0.9248038815120905

drug_144.txt	-1.32013230154768	-0.9303340337222787	-0.5218093592383963	-1.1232156711663877	-0.31603756688698864	0.012149001425908912	34.99829497016198	0.44845037036428353

drug_145.txt	0.0103012148444002	-0.8121934229902336	-0.4637434802426259	-0.935437911539351	-0.32736671773204984	-0.09390284195499331	-19.140238704177325	-1.2983827758985305

drug_146.txt	-0.141325511732401	-0.9512156364911375	-0.5314707870452495	-1.1540982794180232	-0.31876053004867755	-0.0009550827860960055	8.731031543052003	-0.6130339963560799

drug_147.txt	-1.18401148277584	-0.5561643706745694	-0.10869282331857094	-0.2215248027796497	-0.26308298355505566	-0.039883875915790484	-3.6163682864450126	-0.6907845532604936

drug_148.txt	0.0034240306207356	-1.0776950459957195	-0.10768074064623562	-0.22462616717657719	-0.27592104883031066	0.00981815719382965	-18.011935208866156	-0.4104223684106278

drug_149.txt	0.193622066899651	-1.2996683643775397	-0.06757732754648174	-0.11079571829666524	-0.24359235354199024	0.122173022201818	28.20161977834612	-0.23180087267176497

drug_15.txt	0.168925777999667	-0.7197385486488754	-0.078709855476704	-0.18128061823522174	-0.24464508289611864	-0.16612538146894396	2.325234441602728	-0.7085335192504659

drug_150.txt	0.0543476451988684	-0.8799960243942799	-0.11586136753864101	-0.2814769883348563	-0.27441912607620295	0.0028270180246824676	-31.19096334185848	-2.1246434667353244

drug_151.txt	0.103024629722084	0.9335831791376721	-0.059158927175966325	-0.07264686382322993	-0.27335019099791286	0.048364929989837886	-22.491048593350385	-1.3657060170696496

drug_152.txt	-1.55832501248128	-1.1763928235544676	-0.11076477737083765	-0.2742569435273422	-0.3208231297873162	-0.12117974559855119	2.3248081841432224	-0.06072119082231345

drug_153.txt	0.0162048593776002	-0.7575130517498877	-0.4333125907228438	-1.0003619219640467	-0.3144232970680866	-0.09867821023992991	-1.1956521739130435	0.06870290710966566

drug_154.txt	-1.34085122316525	-0.9532575616578609	-0.4162649957750173	-0.9189141176954219	-0.31586517770732064	-0.011021655351547904	37.21398124467178	0.6494897792810117

drug_155.txt	0.0132093526377101	-1.0157965834845692	-0.08728063178852036	-0.1647963920153761	-0.2543928704801456	0.022539738304900758	-7.364450127877238	-1.2896914731252258

drug_156.txt	-0.104892661008487	0.658468390075039	-0.3508301423091502	-0.8692274575010419	-0.28113257198439046	0.011900331514756229	-15.00383631713555	-1.328977047701959

drug_157.txt	0.152700116491929	0.7967475939913824	-0.07143915144603669	-0.15148647997294312	-0.24646516095422738	0.031326415949184096	-23.502131287297527	-0.8343920073954112

drug_158.txt	-1.25959810284573	-0.7099495255736703	-0.06179214093630189	-0.15200908421985382	-0.2613987735556605	-0.05371334246896688	7.5191815856777495	-0.3398539840859248

drug_159.txt	0.0843900815443502	-0.9705363574121901	-0.4258098499355085	-0.9131706348401427	-0.28536129667285576	-0.02517670421281124	-14.435208866155158	-1.5609231541430977

drug_16.txt	0.167877350640706	-0.6792583419346805	-0.008633892618322425	-0.01646426293069919	-0.23273947901619335	-0.20846881893560829	-36.93393009377664	-1.642973410691635

drug_160.txt	-0.0849434182060243	-1.1238306777887952	-0.09829568956661461	-0.20536772419368537	-0.27261865008950004	-0.010352998441742551	-9.368286445012787	-0.9161363628688656

drug_161.txt	-0.145968547179231	-1.3278605608971068	-0.03475649037584011	-0.0450328279423744	-0.2853936731637615	-0.02372402963956503	6.267263427109975	-0.006671843646828085

drug_162.txt	0.0321808953236812	-0.7073428700583175	-0.12487626797225942	-0.25735164516990977	-0.30224788658315005	-0.09801059550917209	-24.497868712702473	-1.2130568603227916

drug_163.txt	0.0136586786486935	-0.8331734894521795	-0.10955829333311479	-0.19062035710993647	-0.2793047530913173	-0.0016809296362976837	23.29752770673487	0.4702844344193725

drug_164.txt	0.0237435513396572	-0.95548072727706	-0.09516943901981459	-0.20753112703960808	-0.28148722111043223	0.0801115783480964	16.696504688832054	0.13325460020976057

drug_165.txt	0.0345273756032618	0.8648262650110178	-0.04446608954728484	-0.10262174314326161	-0.2423887598132338	0.1756953499393874	17.391304347826086	0.21018469782624447

drug_166.txt	0.0248419038109503	-1.003782262784744	-0.10910060330959043	-0.21932640016007193	-0.2837076909083313	-0.02880502149473757	-30.69096334185848	-1.4736662070997355

drug_167.txt	0.0351264769512398	-1.0457618540553366	-0.17019957860683083	-0.32813241890294936	-0.3154735536089443	-0.00722035684682414	8.028985507246377	-0.8316987157259825

drug_168.txt	-1.35627808287569	-1.4637316389445159	-0.13537150401813572	-0.28149999274035686	-0.27927840773803764	0.0010887943761494464	41.54433077578857	0.256917274765979

drug_169.txt	-0.00381511066733226	-1.5985004001252072	-0.07729200743590284	-0.16700085589662217	-0.2662643374749857	0.024984726866788293	7.348252344416028	-0.6943693752774237

drug_17.txt	0.0813571309702112	-0.39390718591990675	0.01016795320882341	0.010413937121722006	-0.2566757778818095	-0.19899122643404443	-33.66453537936914	-2.038968280669556

drug_170.txt	-0.0555874521551007	-2.8325897693666517	-0.07367634825168884	-0.11690500187575725	-0.28192244945451755	0.08897466188493876	28.52983802216539	0.0029238664039357015

drug_171.txt	0.232879846896322	-0.8465991494615184	-0.38876065004983584	-0.8406216551579048	-0.2947561710721604	-0.19340426418444112	-47.01662404092072	-2.827085396825409

drug_172.txt	-1.05928607089366	-1.4375745038740955	-0.08621477418279391	-0.1769085882384876	-0.30766835221273214	-0.14719595201488578	-9.206734867860188	-1.1383561935674875

drug_173.txt	0.855770510900316	-0.5990664052667382	-0.3972294734578706	-0.9586321640732851	-0.28408750934088295	-0.15317617723407734	-3.839300937766411	-0.7826459651833055

drug_174.txt	0.193688633716092	-0.6291581794187536	-0.42533432353633854	-0.985488137471598	-0.29642908755449593	-0.18240171048861512	-26.31159420289855	-1.0514417041953945

drug_175.txt	-0.238142785821268	-0.8264844221749736	-0.11362542151884972	-0.2576938767925697	-0.3152970589896572	-0.22364004752015088	-45.47868712702472	-1.435289855320703

drug_176.txt	-1.08238891662506	-0.7384182021254386	-0.5319938899297845	-1.1010653551840703	-0.33681602919181064	-0.1426511649312994	-29.67007672634271	-1.1840505676327868

drug_177.txt	-1.40864952571143	-1.0198333825868584	-0.12478608811285788	-0.2528520185810041	-0.3276078155334703	-0.14455994872160077	14.853367433930094	-0.6977827973376555

drug_178.txt	-1.11929605591613	-1.0752662444042533	-0.11748116259001973	-0.18968617015611128	-0.28747884419645264	-0.06406634091070944	4.590366581415175	-0.6310940357032019

drug_179.txt	0.0733067066067565	-0.7599702774965724	-0.3976015030787614	-1.0012295076316362	-0.3321692928751034	-0.19888453833103953	-37.90196078431372	-0.8377298191753286

drug_18.txt	-1.42118072890664	-0.45164064528141107	-0.020870766390466228	-0.057474372074432456	-0.30176224420325104	-0.32120631038566233	-23.486359761295823	-1.3857166995092438

drug_180.txt	-0.999138791812282	-0.886641207858825	-0.10915483526935665	-0.22259560560251507	-0.28425324214414105	-0.1604905773201493	-30.751918158567776	-1.9632331684145823

drug_181.txt	-1.14197453819271	-1.1391609482199914	-0.09800705394525386	-0.16271016028517016	-0.25506103235696614	0.018375617160436036	1.9705882352941178	-0.6286351277649679

drug_182.txt	-1.07063155267099	-0.8083747020837773	-0.48792233589898015	-1.0820947831216372	-0.33025148166918494	-0.09172527401706222	-0.8158567774936062	-1.2217490212074618

drug_183.txt	-0.0617781660842069	-1.0117310789434282	-0.08828359266077546	-0.17707110119663377	-0.27214485806172367	-0.014517119586207263	-37.19607843137255	-1.9512952745338255

drug_184.txt	-1.17841987019471	-1.4462261820852065	-0.06536752947846397	-0.14022659491096146	-0.2862156944756063	-0.10662442306606441	-17.956521739130434	-0.7504677892156137

drug_185.txt	-1.06833499750374	-0.8993469718791098	-0.11400820565544864	-0.23796599539436547	-0.298190601538841	-0.15478071631471865	-34.75959079283887	-2.601268021881823

drug_186.txt	-0.183562156764853	-0.8265702040106923	-0.5239137017826683	-1.0406204233333711	-0.338825780374865	-0.12290005291483398	-24.63981244671782	-1.135165461142727

drug_187.txt	-1.30366949575637	-0.9896206668589747	-0.12728819078426795	-0.2252011676845994	-0.3053559692493058	-0.11292790920218074	-19.404092071611252	-1.3751147081234985

drug_188.txt	-1.42392661008487	-1.0522924370040476	-0.133895500645272	-0.27839576835971724	-0.2975734481130874	-0.1527177374967513	-31.976555839727194	-1.406515224512965

drug_189.txt	0.0847520386087536	-1.0009045156706842	-0.08626580222422953	-0.14042203791421498	-0.29283282782281006	-0.08297679931905838	-20.906223358908782	-1.8071464356280955

drug_19.txt	-0.0715510068230986	-0.30404382145851033	-0.03166192159970457	-0.0645534714835026	-0.2656135294270804	-0.22585714388807424	-9.39087809036658	-1.6124995072294264

drug_190.txt	-1.51903394907639	-1.0092497550996047	-0.3922894253279716	-0.9610756929828339	-0.3390699926254365	-0.12224942809437697	11.678175618073316	-0.06349714888145229

drug_191.txt	-0.0576635047428856	0.6222053624741178	-0.2382549854700437	-0.6979150534121843	-0.18187075586353188	0.06303486136116312	-5.777919863597613	-0.8175052824498114

drug_192.txt	-1.47714677983025	1.1801471012014093	-0.113063327181679	-0.22474525267945544	-0.29378844500728063	-0.11176378762895457	-16.457800511508953	-1.1239654519952522

drug_193.txt	-1.38719420868697	-1.2413004414539404	-0.10508095275599408	-0.1729616842270721	-0.3123479660850792	-0.17707065600544916	-19.995311167945438	-1.5125053711456247

drug_194.txt	-1.35567898152771	-1.1153415693073834	-0.0827470484060358	-0.19502266681680064	-0.2842291491546053	-0.05260545702686159	7.249786871270247	-0.49967525713967476

drug_195.txt	-1.23773090364453	-0.7730210883372886	-0.3932976374233864	-0.9046514513644895	-0.31409198194686894	-0.11000643530253792	-22.496589940323954	-0.8075316415186639

drug_196.txt	-1.49002745881178	-0.8563251794886967	-0.1510677692167877	-0.2848853814145682	-0.32156091895956573	-0.15915347420036702	4.054987212276215	-0.3211443062520251

drug_197.txt	-1.1495631552671	-1.3893296628767446	-0.13178567642503397	-0.24451708545681045	-0.2884606381431436	-0.16014675080363383	-33.909633418584825	-2.308106899333546

drug_198.txt	-1.21591362955567	-0.801208556761315	-0.0918072056058459	-0.17807359885118684	-0.29086548322151023	-0.06410454385698892	-4.476982097186701	-0.4694058219147068

drug_199.txt	-1.41954568147778	-0.7223045543991955	-0.09191410077873549	-0.16857052171033132	-0.2878049200502697	-0.03843216395716976	6.119352088661552	-0.5621531643327996

drug_2.txt	-0.990385255450158	-0.6129665511685969	-0.014059421667792615	-0.05447438020453488	-0.22232808592109435	-0.12087752049373585	-13.807757885763001	-1.653027118510412

drug_20.txt	-0.0108046263937426	-0.40436267935316894	-0.02040997033891509	-0.053912956137112944	-0.24830714517378377	-0.1660107331725541	-18.419437340153454	-2.335318552759858

drug_200.txt	-0.342993842569479	-0.9387483098451059	-0.1427703880298155	-0.2411894636192316	-0.2851965664765295	-0.10723567020653632	10.648763853367434	0.38320316367480156

drug_201.txt	-1.29751622566151	-0.6187177844896401	-0.013417902423147554	-0.050876242106143055	-0.2519680461086752	-0.2137008860828171	-52.611253196930946	-2.426505849607419

drug_202.txt	-1.46751123315027	-0.6364353875031201	0.009720854519488453	0.030089894356387537	-0.24804702962445027	-0.28053139844935515	-35.7003410059676	-1.849294770789594

drug_203.txt	-1.37834498252621	-0.8156362475039913	-0.09233632799185393	-0.1723656834097843	-0.2599063080257062	-0.24015781660778523	-49.22847399829497	-2.167298051714457

drug_204.txt	-1.32792061907139	-1.0028081328815945	-0.09341376631422169	-0.1953931530931573	-0.2565390968064166	-0.25655958423092307	-39.192242114237	-2.2888491208294397

drug_205.txt	-1.23843817606923	-0.687969433472406	-0.10169575206759157	-0.17956895501525377	-0.25098455215407023	-0.24967772368974633	-51.068627450980394	-2.0539984444841632

drug_206.txt	-1.38847978032951	-0.7364677084730185	-0.10745633105154712	-0.2422106760523049	-0.24421493043727943	-0.1887350253417706	-58.990196078431374	-2.4152264830761365

drug_207.txt	-1.26651273090364	-0.7351017181378068	-0.08056889061224581	-0.17205556391970211	-0.2540360360194889	-0.17103335072752168	-13.089087809036657	-1.4309295606423074

drug_208.txt	-1.45458062905642	-0.9110020086505978	-0.010253231965263898	-0.06089191627806656	-0.246651513613042	-0.16434265297915546	-26.955242966751918	-1.8310877893136701

drug_209.txt	-1.29754950906973	-0.7860319530877041	-0.0695823213282134	-0.15801447250326095	-0.2605808276200142	-0.16006060642020106	-0.10869565217391304	-0.6475315714257296

drug_21.txt	-0.00775919454152096	-0.414407351343584	-0.0029017253675463484	0.004091838568425377	-0.2342336712418232	-0.17239282167159103	-2.5089514066496164	-1.5059548062029522

drug_210.txt	-1.2968671992012	-1.025256671370884	-0.12299175525929479	-0.24640689451707515	-0.23508547821383896	-0.17156860654739095	-7.0848252344416025	-1.0747921724595466

drug_211.txt	-1.49866450324513	-0.7080423867342768	-0.032100004616436306	-0.07201376892364553	-0.24541407294778209	-0.13043037353457926	-18.046035805626598	-1.0905492218821393

drug_212.txt	-1.43960309535696	-1.0827817861342595	-0.03177279699476068	-0.06261023533014098	-0.2292653736573055	-0.09269483823379374	-12.971440750213128	-1.1155100714398856

drug_213.txt	-1.33610833749376	-0.843017979407235	-0.014875149737433646	-0.04272324885947565	-0.24715598543137246	-0.2268146536696149	-58.851236146632566	-3.404452762589426

drug_214.txt	-1.27250374438342	-0.9027489415898046	-0.051631899832566996	-0.11137674207885123	-0.24482249596563965	-0.21110107210059484	-49.64578005115089	-3.7615821637856195

drug_215.txt	-1.54274837743385	-0.8307768867620066	-0.025821697499352675	-0.0836283653657735	-0.22489202507510833	-0.042686651634576495	-0.24978687127024723	-0.8478811052030392

drug_216.txt	-1.16860958562157	-0.8085887221597322	-0.040139151311054055	-0.11879733278321453	-0.23086740791658653	-0.17604181589915582	-32.534100596760446	-2.04411968200549

drug_217.txt	0.0264603095356963	-0.6041183664685554	-0.024034301911541656	-0.05193405136576379	-0.2351384741958246	-0.14828497838307653	-23.537084398976983	-1.326937821476535

drug_218.txt	-1.34938841737394	-1.3813891647444319	-0.03019163295699312	-0.042935331897827944	-0.22442857480955125	0.01844720950620973	-6.403665814151748	-1.3673368441602063

drug_219.txt	-1.40257114328507	-0.5340055843733061	-0.11754931205300073	-0.22264497745632617	-0.26942825506745866	-0.22666172343536653	-18.67902813299233	-1.294738510794834

drug_22.txt	0.0277375603261775	-0.5962839214334574	-0.0023447463269578306	0.011499570315246455	-0.18656872078932213	-0.07585895611130752	-6.8691389599317985	-1.2651429436663653

drug_220.txt	-1.23998585455151	1.5332215841793444	0.015103442429750591	0.0005869256762405239	-0.213662706162418	0.04811567495039366	-27.79752770673487	-1.763535097574872

drug_221.txt	-1.20859544017307	-1.2714801559030766	-0.1091100958868858	-0.1584659921784458	-0.24659920758191425	-0.257362467960727	-20.814151747655583	-1.0842168405818269

drug_222.txt	-0.0636045931103345	-1.2180688266159818	-0.06314212983021417	-0.14786908552984823	-0.2232318972338574	0.01844720950620973	11.531969309462916	-0.3904400615007342

drug_223.txt	-1.27380179730404	-1.377614691108759	-0.05440535041163519	-0.07213208879036515	-0.2261955291851734	-0.047427488896275995	20.58994032395567	-0.19661313911856212

drug_224.txt	-1.4185846230654	1.5472076482786865	0.010410067671627277	-0.017155828981316623	-0.2183105887958771	-0.07350209383562321	4.401108269394714	-0.9250322008600355

drug_225.txt	-0.0853220169745381	-1.0445766738705253	-0.04444036853829397	-0.10519301448078344	-0.2375762427423882	-0.1268747455883046	-39.768115942028984	-2.001466501331505

drug_226.txt	0.0387918122815777	0.8169960999827393	-0.013023309824622187	-0.05048452792286817	-0.1815231305863414	0.08348079162032941	17.00852514919011	-0.30650725358137565

drug_227.txt	-1.34572724246963	-1.1867484287042545	-0.05193299932877993	-0.06811203441409963	-0.24237582070793356	-0.15359930402320743	-36.49531116794544	-2.433588690368022

drug_228.txt	-0.0840364453320019	-0.7913694249696903	-0.062246151759635326	-0.09603364957510785	-0.24634783207202854	-0.18387949040438484	-7.290281329923274	-0.38156388120436135

drug_229.txt	-1.48987768347479	-1.074669959957078	0.028986722481514016	0.022713867152950873	-0.21895820411759895	0.013744604803072326	34.907928388746804	0.8479875289659979

drug_23.txt	0.0661798968214344	-0.38873112922207415	0.030450455166148804	0.0766940177371665	-0.24238573201231275	-0.19581929023392428	-8.037510656436488	-0.46752745323672557

drug_230.txt	-1.41693709435846	-0.8718960217198203	-0.03542173912952734	-0.07367483239886352	-0.23129718374088862	-0.1185782803803305	-3.052003410059676	-0.6765295122478789

drug_231.txt	-1.39043934098852	0.7298750318020261	-0.012470291466107064	-0.03385325721060728	-0.16437587461372433	-0.04861134263827423	-24.80093776641091	-1.331362998728694

drug_232.txt	-0.809132135130637	1.0676659316786077	0.028288641281728144	0.07425257003668118	-0.15342791092991578	0.021821392412874858	38.26768968456948	0.7431350221268695

drug_233.txt	-1.40520469296056	0.9756664442026795	0.0109966948251492	0.02331782154674178	-0.198932843542337	-0.1149158090814618	-35.68073316283035	-1.108976759063235

drug_234.txt	-1.44784073889166	-0.8916815398623618	-0.01970927855453658	-0.10308687735482713	-0.1819110181373139	-0.0401269037364599	-17.76683716965047	-2.047134615305912

drug_235.txt	-0.86669578964886	-0.9848418853385466	-0.07491547036479995	-0.136645933402529	-0.2195991053071318	-0.1302022486001132	-36.271099744245525	-1.837408478620172

drug_236.txt	0.0338117823265103	1.0629152439309397	0.06388768553070301	0.07613814430683696	-0.19213285279907977	-0.009133647612394205	12.62531969309463	-0.537728440959354

drug_237.txt	-1.08798052920619	1.2516401776060657	0.09237984013895983	0.12269547269005832	-0.17748679840082032	-0.15966686077231376	-45.82523444160273	-2.0390882454256296

drug_238.txt	-1.47964303544683	-0.7202911735680229	-0.06123551343997971	-0.12463069863931764	-0.22051950456191954	-0.09752748412899587	-5.647485080988917	-0.887162460201695

drug_239.txt	-0.912223331669163	1.3199743088293379	0.03263456648436397	0.08442592108655317	-0.1774926598241379	-0.06573168993020097	-5.089514066496164	-0.5815543079042002

drug_24.txt	-0.0689549009818605	-1.0348248785736687	0.009517662477943556	0.004658717572964544	-0.19269454302247116	-0.00275155911335725	13.071184995737426	-0.5935538678686758

drug_240.txt	-1.00357380595773	1.1035525295916448	-0.00852791365282174	0.04769784679945971	-0.20508121324589432	-0.08155315483200516	3.3546462063086104	-0.5050271411788788

drug_241.txt	-0.00668580462639368	1.2552794734373003	0.08992518490065615	0.13299151051634323	-0.15286188816401355	0.007910732450902094	23.453964194373402	0.40271171712279147

drug_242.txt	-0.799696288899983	-0.9994889460551734	-0.044778154393679104	-0.09924378975180237	-0.18735168842655267	-0.06664887630132006	-12.293691389599317	-0.5884809880743591

drug_243.txt	-1.38902895656515	-1.0398667551380159	0.05558581885102168	0.11222477862696595	-0.18303935190348722	-0.09875039929048796	-22.167945439045184	-1.635144433596263

drug_244.txt	-1.37770843734398	0.7964680779911937	0.015762583882094228	0.014375853062963184	-0.15792953874231427	-0.014407469246328934	21.123614663256607	-0.3883555247863932

drug_245.txt	-0.0706939590614079	-0.947123995785857	0.027674789540844374	0.06105001940101856	-0.19000737791139347	-0.08136207433802202	-8.812020460358056	-0.9358677870141068

drug_246.txt	-0.0815152271592611	0.9210886532078966	-0.0057995678987557975	-0.03393047833178542	-0.17515700633153633	-0.07582074001251089	-8.502131287297528	-1.245088136969859

drug_247.txt	-0.181390414378432	-0.6724164634559476	-0.07547691321015779	-0.18246825750680895	-0.23374494896485581	-0.11457186419229216	-7.09846547314578	-0.46642484231637876

drug_248.txt	-1.43560908637044	-0.8211919031741197	0.005093227499962744	-0.0307458874114952	-0.1758990799000825	-0.03729891242550939	10.085251491901108	0.1740839184391935

drug_249.txt	-0.112169246130804	-0.9827353561305852	0.03854485767801272	0.09541003190735509	-0.2039587869781062	-0.10016439494596323	-17.70460358056266	-1.4009416294243886

drug_25.txt	-0.172062739224497	-1.23260144889423	-0.06795385168482648	-0.1298971282295478	-0.23369187309953876	-0.09527273429999478	-26.182011935208866	-1.3080611965643558

drug_250.txt	-0.162705941088367	-1.2493095702686423	-0.0006241048000006355	-0.10250948336506172	-0.23246668809119692	-0.12756533778314583	-13.668797953964194	-0.865106909823896

drug_251.txt	-1.45463055416875	1.0345836994501312	-0.01654156501091958	-0.09452869075640158	-0.2012893842068457	-0.05816490236846853	-15.159420289855072	-1.533955334738205

drug_252.txt	-0.124513230154768	-0.9299417249216693	-0.00567122107214818	-0.07838057634232198	-0.21449266998717215	-0.10318346675089689	-22.282182438192667	-1.7964854124542766

drug_253.txt	-0.111932101847229	1.0228274634756587	0.032390590815790654	0.052432762765460716	-0.19689822215943098	-0.06504380015186166	-38.6150895140665	-1.5176365271238998

drug_254.txt	-1.44494508237644	-0.7933585324870146	0.033626617769732664	0.05981543599974898	-0.17041812637953846	-0.031107904420455572	-13.22463768115942	-0.7517029366429231

drug_255.txt	-1.41315526709935	-0.8384883575687164	-0.026670776163980975	-0.06902936795502429	-0.20673803081357164	-0.043757433122139595	-3.8563512361466326	-1.3561116224553376

drug_256.txt	-0.0114203694458312	1.1021335327551147	-0.01635063130006542	-0.00860016760446547	-0.19524114151195968	-0.10692864443296646	-29.407075873827793	-2.020029042456738

drug_257.txt	-0.17100599101348	1.1391719841455337	-0.029719104231142573	-0.06214023765946641	-0.2105030751383523	-0.06920935492069416	-8.696504688832055	-1.140093199468715

drug_258.txt	-0.135484273589616	-1.3278023541257173	-0.007314610409538569	-0.017288056549275566	-0.19691398207959535	-0.014331037048735678	9.076726342710998	-0.30981943087710373

drug_259.txt	-0.0521342985521717	-0.9054231721188051	-0.02709238233686806	-0.08017052542914865	-0.18011086716209715	-0.06840681684596496	-27.23699914748508	-1.3833313261090225

drug_26.txt	-0.0933308370777168	1.4435856874237851	-0.020178563473514988	-0.04114657228520746	-0.22681802661801687	-0.02399971004428268	-6.919437340153452	-1.3023515486584194

drug_260.txt	-1.45128557164254	-1.4360869072555975	-0.0831005045336331	-0.19551470336872567	-0.3076035728857196	-0.12030708667058072	-0.9258312020460358	-0.29786320129195665

drug_261.txt	-0.0446330504243635	-0.6281897939672854	-0.3952409926901496	-0.8447387863900297	-0.2971162816391294	-0.1446181383085831	-25.25234441602728	-0.8825088838523226

drug_262.txt	-1.48583374937594	-0.8553658563467464	-0.07781405533246209	-0.26272516874483126	-0.2810236212523823	-0.09995036375139991	7.956095481670929	0.033552577754527954

drug_263.txt	-0.130853719420869	-0.6363486314742886	-0.10715495432982267	-0.224018422711181	-0.273301128864699	-0.02516900638600403	2.0396419437340154	-0.7138329172679525

drug_264.txt	-1.52901897154269	-0.6331402874095444	-0.3753769458082077	-1.0383424366677931	-0.3211156782277126	-0.14060786377473888	-50.049872122762146	-1.010517439937428

drug_265.txt	-0.155404393409885	2.7357000527456794	-0.05840225738469679	-0.08227957091016963	-0.25331705243575764	0.05923691791303831	12.821824381926684	-0.5090490468953444

drug_266.txt	-1.50445581627559	1.009570803388977	-0.031283310081651694	-0.06444898623406953	-0.2448967991930391	0.06389643047615287	19.966325660699063	-0.665415945260719

drug_267.txt	-0.0849725411882177	-0.9035783985920226	-0.13667272068191977	-0.28808046771933005	-0.3068575467654539	-0.06872846689193063	-10.142369991474851	-0.43253825749794084

drug_268.txt	-1.50360708936595	-0.7714194788997135	-0.4825742154844568	-1.1125469815194466	-0.2897880372957893	0.01224088560092457	57.886615515771524	0.7810106075406238

drug_269.txt	-1.33317523714428	-1.2323118972080545	-0.13445847918472453	-0.27671338645419813	-0.2953548449909824	-0.058282099764859104	-12.301790281329923	-0.7373963407560522

drug_27.txt	0.207492927275753	1.2518999592907638	-0.017757103440807942	-0.035051461118572436	-0.210009334780968	-0.06328585960721675	-7.792838874680307	-1.1090241930987332

drug_270.txt	-0.135896155766351	1.2191874080393748	-0.09162096208303175	-0.16259143113616648	-0.2760722275867332	0.012450828652256926	11.842710997442456	-0.6012723704389474

drug_271.txt	-1.37524962556166	-0.5117684056115381	-0.37128965413945203	-0.9734568495960502	-0.298485582794584	-0.13245237351542027	-19.257885763000854	-1.4509649933710782

drug_272.txt	-0.142086869695457	-0.8654622626955585	-0.5228617879081867	-1.0053691672852363	-0.35035098672058373	-0.22742075915976712	-18.512787723785166	-0.43595895525723505

drug_273.txt	-1.33136545182227	-0.9226317651760295	-0.35867697268924975	-0.8929482339854986	-0.28119786468948466	-0.08484595120890462	-0.6751918158567775	-0.2521420241952817

drug_274.txt	-1.31384173739391	-1.1212036918710846	-0.35860479797452893	-0.8767482097057955	-0.2571126380204884	-0.09907193105507504	-41.38022165387894	-1.9589819425694417

drug_275.txt	-1.46186969545681	-0.5077790188901842	-0.376538120462643	-0.9375002141526755	-0.29128890818208014	-0.1562082490421191	-6.638959931798807	-0.35275675744757345

drug_276.txt	-1.34898901647529	-1.0186788505374447	-0.44569800308674185	-1.1066508004434559	-0.2801813795256066	-0.1000305717598317	1.2020460358056266	-0.5801711911077055

drug_277.txt	-1.49097603594608	1.033898890095675	-0.11965613503694988	-0.3176029626786263	-0.28333466383295725	-0.15804149988662317	-40.528985507246375	-2.2944771750185637

drug_278.txt	-1.43176485272092	-0.9293599130428626	-0.3855084402590705	-0.9929610598606797	-0.31226001294369204	-0.1799849403880095	-8.526854219948849	-1.6998972549798457

drug_279.txt	-0.159107172574472	0.7187423219576077	-0.37262253098433457	-0.8250702501593202	-0.24639045232399448	0.0018141718129295386	-9.421142369991475	-0.6506820924132051

drug_28.txt	0.916279747046097	1.6054132245693076	0.038721760034129526	0.07336527087673761	-0.23326484606535222	-0.09794786121575877	-21.72165387894288	-1.0083947197253247

drug_280.txt	-1.32342735896156	-0.8086912834071507	-0.46276170796944494	-1.0664585660471693	-0.2998603267026358	-0.18324710959645052	-23.192242114237	-1.4941765954912927

drug_281.txt	-1.43321268097853	0.7390457892449576	-0.3642392044176249	-0.8813513027248601	-0.280035095060529	-0.09068949410107767	-3.6751918158567776	-0.45667799680651394

drug_282.txt	-1.39042685971043	-0.6895057982999566	-0.4112556272980391	-1.092760669983075	-0.29775936718921797	-0.11097002531509	-7.956095481670929	-0.5820895693882916

drug_283.txt	-1.26022216674988	0.8989610026498442	-0.3927081622636025	-0.9364648534611197	-0.25323976773685486	-0.05780524292355487	-16.466751918158568	-2.2666327845984187

drug_284.txt	-1.40660259610584	-0.9897364807882589	-0.45402834756629984	-1.1685912057662469	-0.299954921115957	-0.18421055654741056	-43.889599317988065	-2.710488219979542

drug_285.txt	-1.55193459810285	-0.9430242083399107	-0.07764995678131215	-0.3158520613662094	-0.2350482679678073	-0.073444611957945	33.95524296675192	0.7377073294171195

drug_286.txt	-1.52841987019471	-0.8535797856721812	-0.0890161699043524	-0.22703021389227768	-0.2521876957656373	-0.05809113613522326	26.457800511508953	-0.33447252401255584

drug_287.txt	-0.0583125312031952	-0.5936277955155309	-0.44083020713651316	-0.974583710416575	-0.30698865910377393	-0.07730503140202342	7.471014492753623	-0.4151116824477716

drug_288.txt	-1.42372690963555	-0.6720999396193128	-0.10849339037804584	-0.20003167527257515	-0.2769785432639006	-0.09288470945487375	11.612105711849958	-0.3545094682309343

drug_289.txt	-0.0866699950074887	-0.8727123638605981	-0.308730293311514	-0.9249335835568122	-0.27923516757532324	-0.03019163827622737	21.389599317988065	0.6328596036745263

drug_29.txt	1.06216092527875	-2.8895242697998906	-0.040409817437077444	-0.08720165845049205	-0.2275374564265512	0.0019108049398314235	17.855498721227622	-0.30214863522348573

drug_290.txt	-1.111445332002	1.40702719441896	-0.04889183742241898	-0.0860068802234274	-0.25278839373836703	-0.11185822670635494	-37.150468883205455	-1.1541072371510597

drug_291.txt	-1.33252621068397	-1.0776190507841619	-0.15612045457478962	-0.30619196795831033	-0.2730867097443441	-0.21090138082571994	-16.178175618073315	-0.5574699896386454

drug_292.txt	0.331140788816775	-1.06025980514897	-0.059239027884401496	-0.12558020422039246	-0.2539958443908352	-0.03526131941597186	-11.1692242114237	-1.2780844247073921

drug_293.txt	-1.21184473290065	-1.15271935377261	-0.49583131927411334	-1.1482610804400109	-0.2454770391728954	0.0042406891769682055	10.613384484228474	-0.05719963908584717

drug_294.txt	-0.0566650024962555	-0.601830655910071	-0.09964916399733978	-0.21105973659699911	-0.27961337459699814	-0.23693467282541436	-24.54006820119352	-2.1019684446307982

drug_295.txt	-0.0553669495756366	-1.3788267223912463	-0.04235212066180266	-0.08045964868564137	-0.2633161917653956	-0.10853457038003905	-36.528132992327365	-2.1152606595726082

drug_296.txt	-1.12523714428357	-1.369127752062225	-0.06878831201745228	-0.13794395176638624	-0.27548073589026006	-0.1635850159687882	-48.21994884910486	-2.246973313561363

drug_297.txt	-0.980404393409885	-1.071002142226961	-0.06184691682709495	-0.13061398153399323	-0.2572062096857734	-0.09581298926896795	-43.48252344416027	-2.237425186857819

drug_298.txt	-0.845877017806623	-1.380411624496365	-0.05989609541221447	-0.12928174473005222	-0.24907979627339588	-0.03835575806461078	-43.45439045183291	-1.6662454718651862

drug_299.txt	-1.42906889665502	-0.9927386709645425	-0.06653669035546386	-0.17365657995291256	-0.27150759988107814	-0.03587256655644375	10.219096334185847	-1.2994216440798934

drug_3.txt	0.038321684140456	-0.47271786812683636	-0.28480833544515527	-0.8826453567805532	-0.26968686816412807	-0.21217578051888125	-17.957374254049444	-1.3419692083491293

drug_30.txt	-1.2155724746214	-1.3507822183448481	-0.1021960697808528	-0.16669721041620345	-0.2596907571572959	-0.20648158179818363	-32.42071611253197	-1.9521851780403452

drug_300.txt	-1.36052171742386	-1.1333409350912675	-0.0616368452727096	-0.1619933878457559	-0.26517652491913435	-0.07334965685662619	5.966325660699062	-0.7026681119044553

drug_301.txt	-0.107488766849725	-1.3257541277376639	-0.05937623725335173	-0.1365815342028331	-0.2652129218128704	-0.19028887541815367	-67.6312872975277	-2.526376139306487

drug_302.txt	-0.145344483275087	-1.39619638667809	-0.06214479021153521	-0.1547422592218975	-0.24993839053756806	-0.13688115651942273	-48.77877237851662	-1.7032255305487078

drug_303.txt	-1.20811283075387	-1.2333263486786539	-0.04653448106620156	-0.11280642112994627	-0.26883218553659316	-0.1285147112842138	-7.098039215686274	-0.48966612947265664

drug_304.txt	-1.32257863205192	-1.0064764445374177	-0.09103049419566817	-0.1987788832518716	-0.28500084069967385	-0.1714930258486432	-18.38746803069054	-1.0902814468934237

drug_305.txt	-1.48902895656515	-0.9712773793821516	-0.07261784691968443	-0.16058058669348124	-0.2789898511778204	-0.06918553571216146	-6.6521739130434785	-0.6186523954342208

drug_306.txt	-1.42232900649026	-1.0380492645016528	-0.09279352819391676	-0.1774708665334701	-0.29835004041476865	-0.2899221593150709	-48.05711849957374	-2.30899655006908

drug_307.txt	-1.44065152271593	-0.6743806455853627	-0.08404240810331981	-0.23931706541963255	-0.2888217358596745	-0.18417640401343482	-30.22463768115942	-1.151782861871412

drug_308.txt	-0.0668122815776335	-0.48975551378976745	-0.13017683081552214	-0.25321964557574456	-0.28881680882601213	-0.25655433800110905	-40.888320545609545	-2.9158517322601343

drug_309.txt	-1.34309785322017	-0.9424982869830579	-0.09286127386512982	-0.15927365716871583	-0.279785736331023	-0.252254054283491	-39.08567774936061	-2.307173511421026

drug_31.txt	1.07843651189882	1.5422764199504582	-0.043624388887141374	-0.08958005741696534	-0.2350493972995324	-0.13329775260264012	-17.066496163682864	-1.2767014480131211

drug_310.txt	-0.170731402895656	-0.7497514915798018	-0.10254903432933632	-0.20766934594654068	-0.2627570299712162	-0.16652664283230914	-39.250639386189256	-1.5963091427097578

drug_311.txt	0.190202196704943	-1.0060687287918875	-0.08152403748497153	-0.13716230922684292	-0.26749351202921523	-0.11506727419383232	-28.451832907075875	-1.4491962836955208

drug_312.txt	-1.29789898485605	-0.6473375319705413	-0.07777727605269119	-0.13519662513796638	-0.28590610826217217	-0.18142579188131133	-7.792838874680307	-0.8363314791531103

drug_313.txt	-1.14187468796805	-1.0689300178063816	-0.11973709114522488	-0.20201610361948646	-0.26876551199513077	-0.09638603346316034	-21.306052855924978	-2.5410082942543464

drug_314.txt	-1.40210933599601	-0.9745406444714599	-0.07759177443778717	-0.1862490135684544	-0.2829737073303351	-0.1926192551412027	-50.61295822676897	-1.900897801193637

drug_315.txt	-1.14795307039441	-0.7363602911377487	-0.06032599465780375	-0.09809351827122048	-0.268198183745772	-0.21431852862795464	-72.06308610400681	-2.6957229085121344

drug_316.txt	-1.45527958062906	-0.7609875895259316	-0.06933995334327653	-0.1373590112379916	-0.267118748179868	-0.1135391563426526	4.989769820971867	-0.007703983555597803

drug_317.txt	-1.46576385421867	-1.1132625101990192	-0.10272141710159077	-0.23452166943665337	-0.2682038767478204	-0.06572879733912709	-12.837595907928389	-1.5611876247887573

drug_318.txt	-1.42817024463305	-0.7799474000883364	-0.09563446143656401	-0.21176329697105672	-0.27950910975853704	-0.19995422082686534	-39.45566922421143	-1.218280423693258

drug_319.txt	0.0432226660009984	-1.2078606356485406	-0.07659197493727654	-0.13644702962639732	-0.27620165268535485	-0.2502675010769574	-48.64322250639386	-2.088340593170515

drug_32.txt	-0.183046263937427	-1.0381664211542163	-0.13856582602847045	-0.2270482917477813	-0.24753620073173138	-0.19526702453636963	-26.93606138107417	-1.01647479452852

drug_320.txt	0.0909136295556665	-0.6403372607479076	-0.5085605417668273	-1.189929329444956	-0.3395714700554481	-0.2115957875332064	-26.439471440750214	-1.429835712689958

drug_321.txt	-0.847749209519055	-0.6432114806158711	-0.4017810186681864	-0.9471181229660826	-0.31226382351413046	-0.13421052106598735	-32.250639386189256	-1.7233872144990385

drug_322.txt	0.0431644200366118	-0.9135489119161326	-0.47108419118961403	-1.2365001725234879	-0.32941533282198127	-0.04090440946799744	-7.872975277067349	-0.9958191487392615

drug_323.txt	-0.0328216009319355	-0.8956968941157394	-0.5087358130753167	-1.11718523926249	-0.3092842494390963	-0.17099536837295398	-40.79454390451833	-2.6044669226875468

drug_324.txt	-0.0355175569978365	-0.756342914740712	-0.49677623172226903	-1.0944952180459324	-0.3011452991381155	-0.06428081415494338	-0.4629156010230179	-0.26296125639566176

drug_325.txt	-0.204264436678316	-0.6402765809002113	-0.04074798677610128	-0.1050200741603059	-0.2884836590249254	-0.0616812523723771	-32.50383631713555	-1.0225402568351432

drug_326.txt	-0.889752870693959	-0.9934645150752627	-0.43568550036212333	-0.9678126004898551	-0.31687747469097577	-0.11763471965943113	-9.561381074168798	-0.6750760327300771

drug_327.txt	-0.991050923614578	-0.6949753181823406	-0.3975345046339618	-0.9033165362029665	-0.291879871392064	-0.07944086992851045	-17.705882352941178	-0.6170472078322375

drug_328.txt	-1.3941712431353	-1.142606771910603	-0.5025216070964218	-1.0804361830672766	-0.30951372857665327	-0.16408222080192325	-5.755328218243819	-1.022414288458705

drug_329.txt	-0.157834082210018	-0.5258128373562281	-0.47651280900941717	-1.1413252941117216	-0.3265647615570666	-0.21010621429966939	4.372975277067349	-0.22465917019410508

drug_33.txt	-0.0412589449159595	0.8650527833958361	-0.004177315044450958	0.0049274510962195595	-0.19567945604290546	0.037833937808662184	6.245950554134698	-0.287535634830631

drug_330.txt	-0.919316858046264	-0.7178472953241055	-0.5363104767636702	-1.0857110627651392	-0.3207013779846895	-0.19648215357251514	-22.508098891730604	-1.2677031623173507

drug_331.txt	-1.37984273589616	-0.7541646960291262	-0.29536311484457933	-0.7889075026615442	-0.32307431688174415	-0.18840471699872216	-29.5306905370844	-1.0345645417155307

drug_332.txt	-1.10577883175237	-0.8600349764730181	-0.48311179132587323	-0.9670578349145966	-0.29489292806510436	-0.1716828637115095	-20.92071611253197	-1.0724497156673212

drug_333.txt	-0.102566982859045	-0.5178360221908853	-0.42464721868166655	-1.0629653645937793	-0.3293249035768142	-0.2438628847485285	-6.8081841432225065	-1.0359463112544045

drug_334.txt	-0.105362789149609	-0.8536642102876841	-0.45984045681014873	-1.1344740298208826	-0.2730782578078603	-0.06523379908386635	21.345694799658993	0.044010341172693104

drug_335.txt	-1.06479031452821	-1.1410378255521558	-0.4130937881382319	-0.8848791781487224	-0.28437588913926914	-0.21151333684218493	-23.781329923273656	-2.1739798849198966

drug_336.txt	0.989232817440506	-1.149399700243758	-0.5417709043457938	-1.1382932677019268	-0.3311700536776927	-0.16044917444456824	-11.796675191815856	-0.5564453892781961

drug_337.txt	-0.0635255450158097	-0.632187823905234	-0.5031011937393652	-1.1654995865430962	-0.312746609511699	-0.16366208476169483	-13.852088661551576	-1.4856231167681317

drug_338.txt	-1.29811532700949	-0.8180153673658501	-0.4090227821158689	-0.851936738463621	-0.3186391001892169	-0.26559221609752964	-40.58141517476556	-1.7799123590733013

drug_339.txt	-0.108408221001831	-0.9012751082180961	-0.47675864738867607	-1.1153935254550422	-0.3279633816888074	-0.20784680012552736	-24.945865302642797	-1.9746506225670162

drug_34.txt	0.946634215343651	-0.8305614635467871	-0.05418874216707692	-0.11882458384477518	-0.24122433370237986	-0.12982008761214694	-17.921142369991475	-0.9352211149861291

drug_340.txt	-1.29012730903645	-0.895668910675635	-0.4687345344743653	-1.1459296254820779	-0.32522364117427277	-0.2195720790006719	-26.604433077578857	-1.2151048669085218

drug_341.txt	-1.40560409385921	-0.4746104694486994	-0.5275992955300479	-1.1207665406181504	-0.3334261684966999	-0.23859907666424915	-26.878942881500425	-1.580149442923183

drug_342.txt	-0.0485272091862206	-0.637494418044614	-0.37339361081859535	-1.0528573514057566	-0.325604012655396	-0.17068492277857067	-12.592497868712702	-0.8551468519945463

drug_343.txt	-1.30420619071393	-0.7475474726926338	-0.502328030917033	-1.008452255409087	-0.3237465611398466	-0.20517916437335468	-26.82011935208866	-1.731712511614324

drug_344.txt	-1.29666749875187	-0.7625279377894092	-0.37783862936628854	-0.8622920856820524	-0.2837554473677146	-0.10186000004775835	-22.115942028985508	-0.8923334147712785

drug_345.txt	-0.0708936595107339	-0.8097669235448346	-0.32196650267951554	-0.7407629366260069	-0.31072409517760896	-0.17454075748715997	-23.74680306905371	-0.8108698854778825

drug_346.txt	-1.15899900149775	-0.7478885875237411	-0.4481181814420102	-0.8975975460933185	-0.3296862946380447	-0.3212008250474869	-50.17476555839727	-2.483894809329581

drug_347.txt	0.0613246796471959	-0.9492508574159509	-0.46632425288422497	-0.9784527284491185	-0.3040737407607224	-0.08219388714286285	-22.296248934356353	-1.9051154251254732

drug_348.txt	-0.101697453819271	-0.7626373366433221	-0.40990884931433424	-0.8425986444209914	-0.3231216000690236	-0.16778224787788343	-3.412617220801364	-0.40036818176647465

drug_349.txt	-1.47010733899151	-0.7609909857404298	-0.0821509686962103	-0.1615596673639107	-0.30041763610473293	-0.03002751577568135	-12.436061381074168	-1.6910677277510806

drug_35.txt	0.231556831419537	-0.972502926961269	-0.03508411396109473	-0.050234124902813704	-0.22780778449184955	-0.13807476495221868	-9.789002557544757	-1.5759272849687613

drug_350.txt	-1.54604343484773	-1.1065831286299797	-0.07733983709927589	-0.16770729047824484	-0.30952871926170766	-0.1194224100696945	-27.337169650468883	-1.0222266533118445

drug_351.txt	-1.42352720918622	-0.5548211264639566	-0.5023985522766312	-1.113357860529344	-0.37187669023266784	-0.31262666247865606	-39.97399829497016	-2.356447663385914

drug_352.txt	-0.970144782825761	-0.6944829771504664	-0.4821711502247006	-1.0665645376444846	-0.33110878441477354	-0.13703920790797255	-23.37936913895993	-1.9441353487284394

drug_353.txt	-0.0100183058745215	-0.7525977401220334	-0.15673383325378065	-0.34398486647334364	-0.3099371506781495	-0.07485938877420491	-13.119352088661552	-1.3555811691250037

drug_354.txt	-1.45443085371942	-0.9837523330520508	-0.08495101149996001	-0.1807239170554395	-0.3145737405294301	-0.11548750660290676	-22.585251491901108	-1.9317482756949702

drug_355.txt	-0.952583624563155	-1.2955806708138886	-0.07373796203811805	-0.12250775417219323	-0.27714300648084605	-0.09841078961597347	-20.761295822676896	-1.792700736612355

drug_356.txt	0.0765351972041938	-0.6505809002564267	-0.3062157117351885	-0.787727837454155	-0.2649744863118694	-0.045346897233757955	-1.2924126172208015	-0.9672518700888835

drug_357.txt	-1.07305292061907	1.5963558648701963	-0.009650560520172713	-0.03509653300896476	-0.28814076821106893	-0.05890894316297791	-0.9420289855072463	-0.9424884901737216

drug_358.txt	-1.46796055916126	-1.5439321025139359	-0.11994980442848291	-0.24050916935701488	-0.3397845030234651	-0.21873305967170723	-22.508951406649615	-1.4331687834420748

drug_359.txt	-0.101868031286404	1.365787859846948	-0.08051236890732244	-0.24164427050873755	-0.23324514523504739	-0.0004584353553539136	13.450554134697358	-0.004916054949319811

drug_36.txt	0.944088034614745	1.2054421081169566	-0.011793775921506655	-0.07271270382971307	-0.21536934055961784	-0.007299274870156039	-2.4910485933503836	-0.8889182593689089

drug_360.txt	-1.35602845731403	-1.1699704704831728	-0.06105255455141101	-0.11574219460916885	-0.28550056594071016	-0.06823046205517415	31.28772378516624	0.5101419538549902

drug_361.txt	-1.27794558162756	-1.5780021691461723	-0.14032026077001547	-0.2710906236345555	-0.3267749212690624	-0.16847499309256325	-21.045609548167093	-1.332568877387086

drug_362.txt	-1.42138042935597	-1.1710842012781422	-0.09062767644183989	-0.1822589455418011	-0.34414209199171625	-0.17221888182795358	-12.386615515771526	-0.7029032786149124

drug_363.txt	0.0573930770510901	-0.9714140487949348	-0.479509515081798	-0.9983587577459667	-0.2991166245991081	-0.08389687777137099	3.8806479113384484	-0.7533802053322946

drug_364.txt	-0.270044932601098	-0.6444178821398094	-0.16101076226677563	-0.36756443629328034	-0.3255174432758367	-0.15963253686808637	-30.275788576300084	-2.0754378066927797

drug_365.txt	1.04325178898319	-0.9180391567043076	-0.16164437731068412	-0.2892258821951289	-0.29812560654012393	0.030447748184755766	29.423273657289002	0.12404002657681779

drug_366.txt	-1.1005117324014	-1.1015893060000845	-0.13569387268179728	-0.2624510203920765	-0.3188847652546777	-0.10756142337013214	-1.26768968456948	0.09765825377109545

drug_367.txt	-0.0950782160093193	-1.4024484895494727	-0.10062533400484655	-0.21508620686280422	-0.2780201771685522	-0.05982581387368573	14.213981244671782	-0.7488486216777823

drug_368.txt	-1.09651356298885	-1.3229919252645868	-0.15432595579713046	-0.32800378440084366	-0.3266944035106238	-0.18967762827768178	-8.383631713554987	-0.8061104039084632

drug_369.txt	0.214095523381594	-2.710353944323546	-0.03528652988517894	-0.08377293548239195	-0.2831772290169253	0.07877447522831416	-1.1121057118499573	-0.8544732145195925

drug_37.txt	1.06440755533367	-0.7675079939615979	0.013231397323172883	0.0068437914656875876	-0.23699914117449547	-0.0727832563322274	-16.245950554134698	-1.9370557761622345

drug_370.txt	-0.997724246962889	-0.9971103212824239	-0.12676006939976586	-0.2747806693359182	-0.3240228375263236	-0.19550544631385233	-32.20375106564365	-1.7758582825840288

drug_371.txt	-1.1068522216675	-0.9482316090951868	-0.10862220975852224	-0.19530588556060585	-0.30192074075860575	-0.06966373841784264	8.998721227621484	0.24359798249502357

drug_372.txt	0.986836412048594	-1.002244959796613	-0.1445916084888388	-0.2737894208867471	-0.3141890002268527	-0.025156880585768787	0.8282182438192668	-0.5517882996855998

drug_373.txt	-1.51703694458313	-0.6864499205070291	-0.3756210579963225	-1.0687408535356053	-0.3483975373408686	-0.2966296117056974	-83.51449275362319	-3.2853422403596224

drug_374.txt	-0.940327009485771	-0.5145756902849355	-0.10328038548446722	-0.2622924382998735	-0.2870153608166909	-0.22371645341270988	-6.8861892583120206	-1.3134566673122725

drug_375.txt	-0.0246838076219004	-0.667274271614325	-0.3579501897978423	-0.9198099522706762	-0.30562515570050625	-0.19670697039310847	-35.86700767263427	-1.8745486913037197

drug_376.txt	-0.211528540522549	-0.6627831521187078	-0.4177203169169447	-0.8977621714637076	-0.3154259293054537	-0.19913476090101717	-38.206734867860185	-1.6740102021496743

drug_377.txt	-0.0636628390747211	-0.6814721642523112	-0.3680872336055606	-1.1308249271809878	-0.2811525045128554	-0.15560654970983334	32.06692242114237	-0.22661210159764242

drug_378.txt	-1.42133050424363	1.2527950424939167	-0.3217982995777498	-1.087795742943297	-0.3111415884702735	-0.13632851688734382	-26.0306905370844	-0.8945631799902839

drug_379.txt	-1.04754118821767	-0.7700276875219946	-0.06875190541878998	-0.17901909299724367	-0.24175633429179705	0.026723216354966235	40.5460358056266	0.6428556726688166

drug_38.txt	0.00287485438508894	1.3113797109300154	-0.10803314816097612	-0.22181978839839855	-0.22956939194845213	-0.06322914024766094	8.313299232736572	-0.5138124941557135

drug_380.txt	-1.00229239474122	-0.9955792614252781	-0.05147827773823929	-0.08272740716263499	-0.2480141588534625	-0.06905182540018324	-21.083972719522592	-1.1979573115792168

drug_381.txt	-1.08588367448827	-1.232191284101591	-0.00259379887775521	-0.021541401715766073	-0.2361114662274897	0.08364535087894949	53.11977834612106	0.8370168076751849

drug_382.txt	-0.0658470627392245	0.8491758418881951	-0.32721841769452786	-0.8490439252569645	-0.25785600228690025	-0.016255509019354013	-39.37723785166241	-1.9088495507024725

drug_383.txt	-0.405720585787985	-0.9008258876483859	-0.40172237765371555	-0.9013386241652015	-0.25390018699217043	0.13732180298488367	79.9914748508099	2.204044400503847

drug_384.txt	-1.38508487269096	-0.9131970697703504	-0.06984248570575613	-0.1946744867910163	-0.2460097553511377	-0.015873475904915613	16.107843137254903	-0.008892644531220564

drug_385.txt	-0.0326510234648028	-0.9002581985868292	-0.04531028706807186	-0.12682161487672378	-0.22305139284200937	-0.0268375697613437	6.294543904518329	-0.3159805503496283

drug_386.txt	-1.4103469795307	-0.9985301770350451	0.02015811996782435	0.007219343654586929	-0.2223937893946096	0.0007831603987296025	11.724211423699915	-0.64573180280959

drug_387.txt	-1.36566400399401	-0.9076954974718683	-0.08916403184216554	-0.22775668119619924	-0.273300318489543	-0.058431406334484244	35.55583972719523	-0.29023994598311215

drug_388.txt	-1.2642161757364	-0.9785408178843543	-0.08431348608343137	-0.19904914124925743	-0.27767383013546115	-0.047582224403302995	13.677749360613811	-0.2788825773622177

drug_389.txt	-0.0582626060908638	-1.0321362247529025	-0.025206676175273585	-0.06474434096612885	-0.24646879489296744	-0.014803641683303462	-12.957800511508951	-0.8848289191224377

drug_39.txt	-0.0304667998002995	-0.7157029544213045	-0.08301526924448485	-0.19413409644791207	-0.2556449100352036	-0.16646932635811365	-5.301364023870418	-1.1957795230190826

drug_390.txt	-1.40016225661508	-0.8776912333761557	-0.06102246761971031	-0.14757464061134545	-0.26915224560445666	-0.06271013631778743	31.028132992327365	0.8079467980037651

drug_391.txt	-0.375632384756199	-0.9372077994172473	0.01067419175231804	0.019658394071417673	-0.22130873705619314	0.12085502055517548	54.329923273657286	1.3455317557079893

drug_392.txt	1.03161923780995	1.0844644580780958	0.02626878970212876	0.023179406140707404	-0.23972556658823252	0.028556702343920867	43.16453537936914	0.7351809777023748

drug_393.txt	-0.0416874687968048	-0.8891874186139894	-0.08624488031652777	-0.14332641937493262	-0.25851027997468223	0.012282364629194631	21.174339300937767	0.18584448253861022

drug_394.txt	1.14250291229822	-0.9565562686862089	-0.09296115840317284	-0.17620017015415318	-0.2595841898393073	0.09797239219772826	33.38618925831202	0.822132026732082

drug_395.txt	-1.35128557164254	-0.539097512300295	-0.09349761251291971	-0.15113495743172428	-0.268953305573969	0.08062808880222479	57.1001705029838	1.1473595639216663

drug_396.txt	-1.30909885172242	-0.7576774358665845	-0.04976101692251987	-0.12321623292881762	-0.2653699458015655	-0.0719941404159169	19.8461210571185	-0.30241907683068364

drug_397.txt	-0.0686927941421201	-0.7187749598124468	-0.4907586716850082	-1.0673651860598934	-0.29038123452410514	0.02721985940373616	15.674339300937767	-0.05101669139740862

drug_398.txt	-1.47904393409885	-0.9243483294930264	-0.3334829322686241	-0.8489111511487646	-0.2785297237126724	-0.06435532359101749	22.757459505541348	-0.07366477702642811

drug_399.txt	-1.38393659510734	-1.0548672645086483	-0.04223803558997902	-0.07330446334850654	-0.29359609199920483	-0.1516862480877676	-26.982097186700766	-1.8275905792725635

drug_4.txt	-1.01699534032285	-0.4373020801768662	0.005724923893175138	0.02580060152558772	-0.22658436068122853	-0.1553102255094981	-21.771099744245525	-1.441067677736209

drug_40.txt	-1.08181477783325	-1.0473774963567362	0.02170147059456143	0.04408257913455671	-0.23066538255454136	-0.07253415551600084	-3.702472293265132	-0.12231935058948744

drug_400.txt	-1.40450574138792	-0.8702079326187981	-0.09131963038962806	-0.16632388463922787	-0.2648573197212243	-0.030390734253574896	13.261295822676896	-0.798037552675553

drug_401.txt	-0.00529206190713927	-0.7769212580471865	-0.07671080682481307	-0.2116346454824211	-0.286912583214634	-0.16937276233013135	4.418584825234442	-0.44856063594297546

drug_402.txt	-1.45453070394408	0.8762046813301494	0.008669914323945621	-0.00906384976408936	-0.22755372724352738	0.0877712690771347	-9.398976982097187	-1.5033059365657806

drug_403.txt	-1.15078632051922	-1.0033631861121015	-0.02824391604061749	-0.09435265315679076	-0.24499982865305808	0.036159088653539936	50.53537936913896	0.7975551997400628

drug_404.txt	-1.19666749875187	-0.8825124078206239	-0.06510786674818805	-0.11970492369894925	-0.26654518710796365	-0.11890780686895268	-14.807331628303496	-0.8651096995824016

drug_405.txt	-0.0321018472291563	0.5860731075229253	-0.027850250179115438	-0.05482562826340015	-0.1797012444683855	0.10782781587386843	3.0358056265984654	-0.30543711378744876

drug_406.txt	-1.32752121817274	-1.1280103218048771	-0.05476635400362617	-0.08122792121509648	-0.2694426101011985	-0.047276597911752274	-7.3111679454390455	-0.4097356888182003

drug_407.txt	0.217061907139291	0.691308455232671	0.305012634065432	0.7554472249409936	0.21762193547130906	0.21197715223791067	44.80306905370844	0.11930403826263089

drug_408.txt	0.328282576135796	0.4865829588782769	0.35964108582262055	0.8469522200976899	0.2334251501812888	0.20460370168696596	62.952685421994886	1.1684974014373186

drug_409.txt	1.13354967548677	1.3375848177464134	0.01746707387314403	0.02424363618413483	0.0445915272033799	0.18343319989759882	82.16496163682865	1.0637359829149486

drug_41.txt	-0.111553503078715	1.41628695936748	-0.004803454947178487	0.006836513042348336	-0.223164229871864	-0.0280506165167253	-15.51918158567775	-0.6123303208621861

drug_410.txt	1.69515726410384	1.0533217478341539	0.4425912139980533	0.983146344253105	0.2711775519686363	0.35355254575701933	92.92242114237	2.401444924085132

drug_411.txt	1.57422616075886	0.7109939940585296	0.11414585869087868	0.20473181128480267	0.26232590568491543	0.3018252620620597	58.490622335890876	0.828170845478691

drug_412.txt	0.300586620069895	0.7787863199815144	0.09782184702559937	0.1902087021309592	0.26673751114336375	0.31603387309710423	83.22634271099744	1.9596405047554368

drug_413.txt	1.16470294558163	0.577761898644212	0.017920881641693975	0.040711008541693405	0.05998436705312442	0.13017778374488556	61.95907928388747	0.7893471617774166

drug_414.txt	1.71357963055417	0.7646912678050861	0.16156266241105505	0.2601274782978148	0.25412051860640505	0.27355219683430826	53.38022165387894	1.434131913882286

drug_415.txt	1.69990014977534	0.7477969743107389	0.02008974324890178	0.03810040724942476	0.23295338633642915	0.23554927135673398	74.8998294970162	1.054584088582751

drug_416.txt	1.66205691462806	0.7544136043875782	0.3851168681508009	0.8130439407662757	0.22626976337124768	0.25354354705359905	35.65643648763854	0.39178974725815735

drug_417.txt	0.407700948577134	0.8689677780852068	0.4139665924833317	0.8589644795704205	0.22892236477802028	0.2516715311106131	27.344842284739983	-0.10301308908444574

drug_418.txt	0.312905641537694	0.6292354118023123	0.4389996404751549	0.894845784344364	0.25327490807704256	0.23867518824539177	66.66283034953112	2.531177343609643

drug_419.txt	1.69206190713929	0.7806914868463778	0.11823157417706534	0.21212157387673808	0.2551088183227518	0.3005234769076301	80.71696504688832	2.38335992080639

drug_42.txt	0.834801963721085	1.0811398526048888	0.009595965193033351	-0.02482747774101024	-0.20178038262805084	0.07322204529434015	14.552855924978687	-0.10124929688275931

drug_420.txt	0.118959061407888	0.5991056547822942	0.130901434682252	0.24779108302852448	0.11596969218875751	0.26350482196280167	107.49403239556692	3.8135399508563137

drug_421.txt	1.00156432018639	0.9531301879372549	0.049721391956984134	0.08347413589678027	0.035832744386329204	0.09797239219772826	16.962063086104006	0.0013310823268482769

drug_422.txt	1.6627558662007	1.3221480393292797	0.17579264261090854	0.3117398833085676	0.25464797356927715	0.20177078939064214	55.4386189258312	1.3690005644950933

drug_423.txt	1.68567149276086	0.8208906838891588	0.07614101225442177	0.11115807896468366	0.2336129917048593	0.3252150145850617	72.03793691389599	2.126457265225665

drug_424.txt	1.7126809785322	0.5584540485091583	0.015695972220432675	0.024265619206686018	0.23756697946578875	0.24941747109763	56.888320545609545	1.0520028618610104

drug_425.txt	0.221655017473789	0.641457987800016	0.019211165877951172	0.010338810312925828	0.17660983455987975	0.07692457349392326	22.34015345268542	-0.1699481267209513

drug_426.txt	1.68652021967049	0.8915400172655037	0.13862112152846925	0.2472816977073065	0.2589539387828334	0.2556374585264568	73.99062233589088	1.706161918013217

drug_427.txt	1.71662506240639	0.8749620429313139	0.018263295926176093	0.023095553078623876	0.23170611297594204	0.219541624823854	30.20843989769821	0.3493279988449892

drug_428.txt	1.71437843235147	0.6679395074853115	0.3497408796689049	0.8554335341672763	0.2228818492030058	0.1514231671433647	47.94330775788576	0.9824218774829652

drug_429.txt	0.422453819271093	0.551339695855003	0.11745800288744684	0.18990902442377294	0.2594284237005451	0.1701368212557212	34.73955669224211	0.29613774320465747

drug_43.txt	-1.27514977533699	-0.7524099725416853	-0.10865370407316705	-0.16250980083824856	-0.2616295976162692	-0.27093562392613607	-30.144927536231883	-0.9482677360253768

drug_430.txt	0.232788317523714	0.7515538398209567	0.04618264572761141	0.11570539136874175	0.17605909472347567	0.16585967663343235	40.99317988064791	0.17968587147496162

drug_431.txt	0.256253120319521	0.7578874866603175	0.33794076221930586	0.7375853076155435	0.21980167644549453	0.15298954783035296	46.430946291560105	0.6542333797488715

drug_432.txt	0.940892827425528	0.8375932784435829	0.09423453937788073	0.15315637041306773	0.04497830944694292	0.08712181899038335	39.152600170502986	0.5436098252862952

drug_433.txt	0.390788816774838	1.0216186280977544	0.014848900165117584	0.02201934297284114	0.2173169617379927	0.18236350717717129	40.6999147485081	1.149966783387662

drug_434.txt	-0.177009485771343	1.51697946530272	-0.0006384890661037812	0.003368796012824027	-0.0009447234287155676	-0.010104679290925846	-25.40323955669224	-0.7385994809489869

drug_435.txt	0.331340489266101	1.0822609335067013	0.044472734993149854	0.08138617226084927	0.21335935973177328	0.07012150789600904	17.217817561807333	-0.5409386530543918

drug_436.txt	-1.2895781328008	-1.122786779412123	-0.017046735440896715	-0.041140360413626564	-0.07135071973958194	-0.01652277426588064	17.954816709292412	-0.9001434163526961

drug_437.txt	-0.0163338325844566	0.7904153954175774	-0.027923129952549586	-0.06730679818989904	-0.2197725573311092	0.014241628064379532	15.386615515771526	-0.4750918226422866

drug_438.txt	-0.417669329339324	0.8595198377741176	-0.019190211805614782	-0.05024701021845557	-0.21732894830333555	0.039436884156798614	10.477834612105712	-0.2100130665453524

drug_439.txt	0.170910301214844	0.7855303608929424	0.04042136741340879	0.04047588223490145	-0.18424174558717565	0.029190558462157772	-3.6679454390451833	-1.1585092996717892

drug_44.txt	0.0110625728074555	-1.0218735839866688	0.02003196591495457	0.0455284977988335	-0.22613435498616807	-0.03978295884729024	-21.33248081841432	-1.7640039521291164

drug_440.txt	-1.05845814611416	0.8489948658444552	0.07235853608769632	0.09875316627867287	-0.15745040500855315	0.04865093077026295	-3.1214833759590794	-0.8280761368429462

drug_441.txt	-1.00785072391413	0.8365002224412428	0.03532765550046485	0.032733475382251076	-0.17988124105178355	0.022996883975098758	48.64236999147485	0.8404300263040314

drug_442.txt	0.0880970211349642	0.7648413899882778	-0.040099908073561674	-0.0579875540862112	-0.21435051854907486	0.004530558189607984	6.037936913895993	-0.24470757323745795

drug_443.txt	0.0190131469462472	-0.845802830259404	-0.04303767873565029	-0.09825504966276472	-0.2634537101081049	-0.12362497811052674	2.5051150895140664	-0.21351939709463247

drug_444.txt	-0.0406473622898984	-0.838910409767812	-0.0030532460398950967	-0.03555278939960055	-0.19384130518920978	0.04001037253523001	30.61167945439045	0.135785313033689

drug_445.txt	-0.138650357796638	-1.001541490750885	-0.031462005939955434	-0.10877833454849184	-0.2690388415064262	-0.13517121079627872	-7.7378516624040925	-2.060762129273109

drug_446.txt	-1.47939340988517	0.857668082237306	0.02839931659568612	0.040713801873715594	-0.21507907276465926	-0.016879674605163927	-8.908780903665814	-0.7739332868999341

drug_447.txt	-0.0783907472125146	0.7957291155574733	0.0333243318241295	0.03436731240952512	-0.17963478416747328	0.026896604948432212	21.459505541346974	-0.10480596643779777

drug_448.txt	0.0397819936761523	1.1037184929261028	-0.06263243836115523	-0.14227068821326627	-0.22270212521150765	-0.031063953831700318	7.764279624893436	-0.1560835264371421

drug_449.txt	-1.4696080878682	0.8234458047951312	0.02847908703801813	0.06400898512447672	-0.2234447447593881	-0.04092795394072023	17.39769820971867	-0.02766571573122725

drug_45.txt	-0.0832958894990847	-0.8191019203699974	-0.02793544255931424	-0.062705750610551	-0.21757861109241688	0.005885279214680785	-1.1325660699062234	-0.5194416166339137

drug_450.txt	-0.190460143118655	-1.0633955239353843	-0.06303734942357431	-0.1285620915235905	-0.2257837129271661	-0.05966190763614565	-26.92753623188406	-1.2767147230985756

drug_451.txt	-1.08712764187053	-1.118976749454058	-0.02062260967687693	-0.059864912823159866	-0.2280366871103544	-0.11926646643444817	-14.604006820119352	-1.8052584975434713

drug_452.txt	-0.0787776668330837	0.5254171707499974	0.016689222959221567	0.03993865407353098	-0.12381478476902813	0.105999768613402	33.52600170502984	0.3644107798130558

drug_453.txt	-0.891421201531037	1.164427490647066	0.018353483869334886	0.004017246760061766	-0.22987028829071857	-0.06256758208686469	-16.10230179028133	-1.4542739895319854

drug_454.txt	-0.134905974371776	-1.2490700662931007	-0.09120674996119851	-0.18698522847900362	-0.26798873804070394	-0.06405865187078631	30.994458653026427	0.2858733993996316

drug_455.txt	0.0263271759028124	-1.466423405194795	-0.06628143606472975	-0.11874650376413315	-0.2508034632078248	0.011030093145163743	24.147911338448424	-0.10457888358242863

drug_456.txt	-0.0778914960891996	0.8342886276761605	0.019545544967243977	0.05066069873283924	-0.22106019872194357	0.018867767650392747	-6.3034953111679455	-1.396887783002047

drug_457.txt	-0.0130637377267432	1.108559786372067	-0.04529359548792966	-0.09830159974236014	-0.2450263565998533	0.048459767977452495	40.08013640238704	1.4859853463422523

drug_458.txt	0.0206481943751041	-1.4651012949960749	-0.08331981941510108	-0.15935832228624247	-0.2741738087811874	-0.11184935007340219	-14.197783461210571	-1.418183747016624

drug_459.txt	-0.000332834082210021	-1.1270109829461665	-0.11203071340794252	-0.24523489965976197	-0.2523381564157942	-0.023111581650785036	26.225916453537938	0.2002625834133104

drug_46.txt	-0.0125520053253454	-0.7341755960283438	0.0026814253539284016	-0.008547375718704509	-0.20675716587367207	0.0666304055737666	-5.641091219096334	-1.1682028390236443

drug_460.txt	0.0144075553336662	1.032168056649165	-0.021402223009686194	-0.03493954346251321	-0.21046230145261088	0.06352339605091702	24.675191815856778	0.2323695735174932

drug_461.txt	0.0613121983691131	-1.2377067096689536	-0.002160741856532672	-0.051874918012341564	-0.18893740815353532	0.05266534941928269	34.61935208866155	0.4286198196244553

drug_462.txt	0.0483067066067566	1.327396614169838	-0.07919205843391286	-0.16646464822053442	-0.22358624144757352	-0.029381721254968237	14.554987212276215	-0.2616801242726536

drug_463.txt	-0.0209768680312865	0.8360534694194988	-0.020711859544595923	-0.0456788609152064	-0.19745686706429316	0.08436014046725754	27.63768115942029	-0.0019027408378477397

drug_464.txt	0.144162922283242	1.089737843307935	0.006682387050941374	-0.010123387740404888	-0.2183550249538361	0.08959800099026424	28.67306052855925	0.12153066697420742

drug_465.txt	0.0899567315693126	-2.7222424770364424	-0.006473624502271402	-0.04695977676527591	-0.24269877357184264	-0.030414000336144737	6.353793691389599	-0.1366225622599788

drug_466.txt	-0.104493260109835	-0.8310366686121998	-0.35239950353586547	-0.8269569644292889	-0.2753489836687366	-0.07359797600744289	8.946717817561808	0.20118078424386898

drug_467.txt	-0.0479281078382426	-0.8123679158363095	-0.4027870337372129	-0.9797515821917474	-0.3040324998441971	-0.12261352807900518	3.586530264279625	0.8021661432234033

drug_468.txt	-0.111782326510235	-0.6732445732578989	-0.3229718654426997	-0.8833969688627544	-0.3079030594041642	-0.14985105678131053	-32.80392156862745	-0.474124312221181

drug_469.txt	-1.44261108337494	-0.40845936453555043	-0.31361170228574275	-0.741606392940555	-0.29069937478844965	-0.0928149451528098	14.580136402387042	-0.34740861087251995

drug_47.txt	-0.109456648360792	0.9582254203978673	0.024069659248808606	0.01596999047512415	-0.2001886206178425	0.0014139956554752536	-14.893009377664109	-1.0601041409091543

drug_470.txt	-0.0447828257613579	0.9552629124704104	-0.047494188779613755	-0.11663179643730948	-0.2735038967669356	-0.04563341933085415	29.82011935208866	0.5164914478540076

drug_471.txt	-0.0857713429855218	-0.5319065421742922	-0.34396959272375804	-0.7873982176314921	-0.2738051634089783	-0.06435347812714885	3.713981244671782	-0.4591496758375612

drug_472.txt	-0.212680978532202	0.6630385350550941	-0.331812794591217	-0.8856522810626513	-0.2846810773452158	-0.033447958328249226	17.830349531116795	0.11720600758477284

drug_473.txt	0.359227824929273	-0.8886045342839126	-0.08357774662523332	-0.18042970389251123	-0.23980202640458076	0.09503073721655254	46.038789428815	0.8484535989259491

drug_474.txt	-1.38793060409386	0.8091044237935301	-0.013845398862036257	-0.07222856694065538	-0.22377082085079925	-0.02909182166448433	1.5737425404944587	-0.24498337974226855

drug_475.txt	-1.47490014977534	0.9050802907934135	-0.014235086755050419	-0.08475747696867775	-0.23525819366947182	0.014192530201386642	21.74680306905371	0.15665966878121512

drug_476.txt	-1.27514977533699	-0.8552097115474651	-0.01904345980612951	-0.10739324971987951	-0.24426511100603363	-0.05591001188003772	4.390451832907076	-0.22520659241386334

drug_477.txt	-1.36396655017474	-0.71851477544103	-0.011538361185161883	-0.013453423113740648	-0.2527372428447391	-0.11241216942740757	-3.499147485080989	-0.37978503340779

drug_478.txt	-1.31094608087868	-0.9735429707131591	-0.003297950946165612	-0.02625068256522839	-0.2230982251178917	-0.0374197858807632	28.174765558397272	0.3754540681461691

drug_479.txt	-1.3586744882676	0.6666028678405005	-0.0743114554329658	-0.1507331808598386	-0.2745496033025436	-0.054611111706534966	0.9646206308610401	-0.4530861184559296

drug_48.txt	0.0265393576302213	-0.8644233881127716	-0.04049877476836733	-0.11357883493628307	-0.23420455903695866	0.03370659913862631	-2.5264279624893438	-1.9283632747268824

drug_480.txt	0.0258612081877184	-0.9191925966364454	-0.3265101202832622	-0.7814051881025644	-0.2787257695895391	-0.056216172789610885	10.6308610400682	-0.5561968638517697

drug_481.txt	0.132983857547013	-0.6365412310484019	-0.3698990205328032	-0.8166406621470466	-0.2852397056834095	-0.0636276152097159	14.251065643648763	-0.24060823087208175

drug_482.txt	0.0885172241637544	-0.7412484428227408	-0.03746392339737126	-0.05847942895977598	-0.2748486733924053	-0.10924132488620968	10.300511508951407	0.061214505105888

drug_483.txt	-0.0600599101347977	-0.8654142216384377	-0.37498329575379796	-0.8809768727062903	-0.27476568431112075	-0.05021825289292797	15.394714407502132	-0.38825713002900003

drug_484.txt	-0.0274088866699951	-0.9028851158375565	-0.03090472913045697	-0.09918884357447502	-0.2357813611671886	0.07650213116629004	36.205882352941174	1.1235163487250757

drug_485.txt	0.104842735896156	-0.9232695089845522	-0.33136973214511534	-0.8380423927812232	-0.22122744248312687	0.05873759134490434	3.791133844842285	-0.44872170615414486

drug_486.txt	1.01988683641205	0.9951821220591639	-0.021177792939062468	-0.09127672566282524	-0.2182784127699961	0.03592987097586298	3.9514066496163682	-0.902078083417991

drug_487.txt	0.140489266100849	-0.6448101261029594	-0.03179699568511224	-0.09674246259522068	-0.23826899968305063	0.004374237349001926	11.414748508098892	-0.20694549155505418

drug_488.txt	0.256015976035946	-0.7440688817116274	0.004388755909947528	-0.003705169670285835	-0.23011933693252673	0.0762339793007279	-10.813725490196079	-1.25940718505588

drug_489.txt	0.250074887668497	0.9391508603324258	-0.034715803256595915	-0.07855142671628162	-0.24268084804091775	0.05797352511602753	18.040494458653026	-0.7171745762266832

drug_49.txt	0.0453611249791978	-1.0080736088679882	-0.11440643937399603	-0.23512792128153642	-0.2693305136614172	-0.027171646244402846	-31.817135549872123	-1.7678718396431952

drug_490.txt	1.05303711100017	1.0165680239694976	-0.01318478537942988	-0.05442928108291656	-0.23639502931025522	0.03543323267422957	5.746803069053708	-0.35518616787905627

drug_491.txt	0.0761857214178733	-0.6758337247177637	-0.325520824704263	-0.7357437141771608	-0.2528194711346481	-0.014345206327949547	11.032821824381926	-0.15563207617789285

drug_492.txt	-0.212231652521218	-0.43341738556491666	-0.4086335230055246	-0.9072081677658675	-0.2705447648361386	-0.10251858625954524	-6.158567774936062	-0.2746277202658643

drug_493.txt	0.0614078881677483	-0.9165783940356854	-0.03974669984940793	-0.07989309049152477	-0.22836896680784796	0.10137151795263415	37.42369991474851	0.07123585477738335

drug_494.txt	0.0942086869695458	-0.7671886485596154	0.024952417731776227	0.09073837227022513	-0.18020666760692922	0.07168851392436616	-3.3925831202046037	-0.22011760989889523

drug_495.txt	1.02617740056582	-0.9886362962023201	-0.05250469124536403	-0.10311647328895734	-0.23723683593833625	0.06595738675154433	-5.120204603580563	-1.2805263489925012

drug_496.txt	0.0872191712431353	0.9017400685243155	0.005659174356317936	-0.011287878350371705	-0.2107686324787119	0.16784464447895164	15.269394714407502	-0.7366629320963974

drug_5.txt	-1.12941421201531	-0.614152000151228	0.01249394325683334	0.00846469497631508	-0.2513347424096596	-0.157068166054143	-30.505967604433078	-2.0555368319406186

drug_50.txt	-0.00081960392744207	0.8027750788398105	-0.06938013507535506	-0.16998746286035915	-0.23951702732017213	0.034012327928999345	12.394288150042625	-0.5995434855265959

drug_51.txt	-0.00799633882509576	-1.1534608456903768	-0.08659479674600265	-0.15694145803119536	-0.2668463299576212	-0.0007261058771359409	-23.588661551577154	-1.9877095147639001

drug_52.txt	-1.36028457314029	-1.0280194090399348	-0.012890696506563631	-0.06814655746733533	-0.22252707179627293	0.11976925362863362	42.79667519181586	0.961460902949261

drug_53.txt	-0.205042436345482	1.0276214049302115	-0.005187240445938102	-0.00791197196225707	-0.2580235970872714	-0.045286077074004734	-13.208013640238704	-2.489320001050728

drug_54.txt	-0.0441920452654351	0.6444316166751246	-0.04730970205498161	-0.0920465912759717	-0.2265151331192708	0.07765511275474905	-15.186274509803921	-1.8812927566993243

drug_55.txt	-0.0811366283907472	0.8249266812729403	-0.001207921728941408	-0.03217365436505343	-0.2176228023050233	0.15198542491419142	-1.1815856777493605	-1.2747825388515694

drug_56.txt	-0.0932185055749708	-0.9104875180485041	-0.3759873137049137	-0.8505300974799825	-0.2702008539060797	-0.018076387631999775	5.92455242966752	-1.138145546924149

drug_57.txt	0.0231070061574306	0.7842108017055783	-0.0854887034707929	-0.1830609451636832	-0.2544175556300582	0.019872371374246807	-0.0494458653026428	-1.6983919775590952

drug_58.txt	0.0250915293726077	0.6657053494164266	-0.03705717261063479	-0.07329663490157418	-0.22008973165906934	0.17667302473681343	9.603154305200341	-0.5382172128489138

drug_59.txt	0.0268389083042104	1.1368812518582145	-0.07087528571828611	-0.15568578895900398	-0.23998182489539152	0.10100514911948906	24.634697357203752	-0.47669796997133534

drug_6.txt	-1.05039524047262	-0.43141381701238823	0.01843098632658191	0.014907179696288353	-0.25831824333508474	-0.21007389508506671	-16.691815856777495	-0.8390298208640447

drug_60.txt	0.0433641204859379	0.46565708573138725	-0.04117977297378042	-0.07994651204030018	-0.21477916812498643	0.06427947817592909	10.202046035805626	-0.6765966996748153

drug_61.txt	-0.172499583957397	1.0208946889714423	-0.0038735033316979472	-0.005766116332329874	-0.23773637225999533	0.0035540971880864483	10.439897698209718	-0.1243616960665821

drug_62.txt	-0.069217007821601	0.8791294527211979	-0.011142239827068218	-0.020361620846075124	-0.22068632104978508	0.06683995679530319	8.867860187553282	-0.2860984033667335

drug_63.txt	-0.0751580961890497	-1.2347969690667013	-0.046160123160788935	-0.11286261912063933	-0.23667192201075843	0.22486352531936193	53.170076726342714	1.5481413976320268

drug_64.txt	0.00552088533865869	-1.07309627462591	-0.1659877044282317	-0.29536353895760403	-0.2558622000991944	0.05468723737797534	3.5358056265984654	-0.8638807079858175

drug_65.txt	-0.790389415876186	-1.3185107657848292	-0.05545291327968255	-0.1490154563908031	-0.2752569135318019	-0.09160398881551844	-34.45907928388747	-2.4498252501537516

drug_66.txt	-1.35113579630554	-0.8009744420629432	-0.13328358675110008	-0.25483530052335157	-0.28874096522213855	-0.09408803523729929	17.827365728900254	-0.3315979108827676

drug_67.txt	-0.741604260276252	-1.2931827656036667	-0.0427400587814942	-0.06919523357761953	-0.2588737950213177	0.003095504002526906	18.458653026427964	-0.0639804137572601

drug_68.txt	-0.142195040772175	0.7999302231572206	-0.12119154172800328	-0.20564105871557853	-0.24865806153416334	0.138762654730558	37.848678601875534	0.25210931249709995

drug_69.txt	-0.13006323847562	0.7464630440123824	-0.09155453784352358	-0.15121752860784687	-0.2623321628135369	0.12634242262165374	17.554560954816708	-0.26031158194148657

drug_7.txt	-0.961628390747213	-0.6076818759736886	0.024405972392945646	0.04440019271662171	-0.2127818068637094	-0.11568013105739437	-12.310315430520035	-1.5318261666117463

drug_70.txt	-0.125183058745215	0.6657899045150242	-0.030781760640189754	-0.07945480912530695	-0.20730996306453256	0.04165554768832504	-18.765132139812447	-2.263538553558713

drug_71.txt	-0.187651855550008	0.6368991441290398	-0.35219450820154896	-0.875855061821636	-0.2551175301027105	-0.013796011665582877	-9.323955669224212	-2.033309669473316

drug_72.txt	-1.11432850723914	0.8108909220620426	-0.3148692629533896	-0.8765324117180653	-0.23766257052680514	-0.02071312554777263	-25.54859335038363	-1.8389515317596783

drug_73.txt	-1.07758362456316	-0.5806902748097386	-0.34401202039876133	-0.8340842647957194	-0.24679641856523787	-0.03714604803032288	-22.407928388746804	-1.818944101422594

drug_74.txt	-0.796463637876519	-0.9838044617841721	-0.09015319787076004	-0.1821716569818606	-0.23345722894844959	0.05564263984789106	10.142796248934356	-0.7872451836701445

drug_75.txt	-0.698772674321851	1.1268254242084654	-0.04070754061522264	-0.08882559245106919	-0.24971864016784223	-0.011426613540191914	-23.138107416879794	-2.098602079275961

drug_76.txt	-0.829293559660509	0.8340914200001914	-0.3518908828511826	-0.87652812955498	-0.2379121855162732	-0.002025453236221309	-19.506393861892583	-0.969410145598685

drug_77.txt	-0.0189424197037777	-1.1653833584947062	-0.026685343535852363	-0.06575340118775624	-0.24032738852422567	0.030114285851743233	6.4364876385336744	-0.22163600669335304

drug_78.txt	-0.0957272424696289	-0.897238760714448	-0.059205205601241484	-0.14486622226991003	-0.23433685739743934	0.007528571462935808	10.884057971014492	-0.40531776927479135

drug_79.txt	-0.117473789316026	-0.5082743750861024	-0.3293174240992466	-0.8350894629044537	-0.2721845820682815	-0.09534916649758803	-20.294117647058822	-0.9819562648955487

drug_8.txt	-1.0375145614911	-0.5356724216524518	-0.02492628834420829	-0.06308285163904953	-0.2509609016157454	-0.15680065336256663	-19.283461210571186	-1.4025755914406797

drug_80.txt	-0.044004826094192	-0.8668479783699491	-0.08321391715583204	-0.17734290001167258	-0.24137836995698925	0.049222335250057474	-12.242114236999148	-1.2843305948158728

drug_81.txt	-0.0817981361291396	1.0638821158793195	-0.07803248684191733	-0.15548339219552237	-0.23037158390616	0.0479229878909721	10.358908780903667	-0.7574594026809978

drug_82.txt	-0.0179314361790647	1.2378530983699256	0.40249943427134405	0.7850714581632285	-0.17515012780599473	0.10111620788907269	57.94927536231884	1.14433512721793

drug_83.txt	-1.39977533699451	-0.8121977855243974	0.08410313097076111	0.1595551670162853	-0.21846225114677156	0.05201849271280347	22.128729752770674	0.14692685558112148

drug_84.txt	0.0238808453985687	0.8633213151529673	0.058726132724091884	0.10670472557155564	-0.18562516593763095	0.1208035921076339	43.68627450980392	0.2418687123287795

drug_85.txt	-1.09664253619571	-1.0307073924086423	0.06879480322543138	0.13059527011356076	-0.19258554758851867	-0.027403542647935663	4.1308610400682015	-0.26598178415618184

drug_86.txt	-1.09829006490265	-1.0590595523564144	0.08436218125693942	0.1298251074046437	-0.20798104680120305	0.0727189501653288	31.10230179028133	0.6593136245296466

drug_87.txt	-1.00980612414711	-1.0466944213115759	-0.007229674323084467	-0.024720014528202994	-0.206158979729645	0.014399207924191122	35.38150042625746	0.12599518912396548

drug_88.txt	-1.395332001997	-1.394679881635653	0.4535142560358403	0.8746151023713531	-0.2165354784779613	-0.021330841210971525	7.821398124467178	-0.21538687401831585

drug_89.txt	-0.954705441837244	1.1827388151372014	0.03841477059125867	0.0563980723598701	-0.20818263360248523	0.00011458255642592404	13.167092924126171	-0.32461262080493464

drug_9.txt	-1.05154351805625	-0.48633168194577425	-0.014803269144579773	-0.0058018104638586365	-0.2882678610083096	-0.30186896439456834	-47.853367433930096	-2.956208558847793

drug_90.txt	1.10441005158928	-1.0051454523751961	0.4396359062199512	0.8835390916148664	-0.16576371584856972	0.1453056139429564	65.99872122762149	1.7681317339552758

drug_91.txt	-0.122216674987519	-1.4608534575607304	0.014651408852047826	0.008396959635008028	-0.2236122019999565	-0.040103894749073415	27.20929241261722	0.24783768834185066

drug_92.txt	-1.01201947079381	0.874653003433627	0.3291888141186976	0.7555233111185494	-0.1793306420570226	0.11431519712759688	43.511935208866156	0.6227183088260928

drug_93.txt	0.00948577134298545	-0.953070595815817	-0.33478202281045	-0.7715460176317347	-0.24907312076278912	-0.06552588150343112	24.748081841432224	0.07947693775449458

drug_94.txt	-0.101618405724746	-1.0953204907943024	-0.01530211445864349	-0.03845225544769909	-0.23162231319358298	0.02891299840480817	57.54688832054561	0.797391203695674

drug_95.txt	-0.1654518222666	-0.9288737481481071	0.05963957749800941	0.0911121111308138	-0.2157627114692288	-0.02797643900991341	9.595055413469735	-0.12025051826594328

drug_96.txt	0.988284240306207	-0.8472833237142645	-0.0008953420208007989	-0.014292663070607725	-0.20636685573202596	0.0008020778949814684	12.355072463768115	-0.2800140687696283

drug_97.txt	-1.39313529705442	-0.9105011138666139	0.29524301906309297	0.5919206188320552	-0.213142197045757	-0.08925981145579483	-7.705882352941177	-0.9484732648835099

drug_98.txt	-0.189353469795307	-0.5976179136957327	0.29377551950868663	0.7069766958802501	-0.21598218426553262	-0.0800550127562456	2.2225063938618925	-0.16897047532294818

drug_99.txt	-0.27564902646031	-1.4057461918712473	0.02844986831994198	0.06423296892005487	-0.19525789786510694	0.05503782126991885	29.336743393009378	-0.003431535522941002

