	SScmap	SSfisher	SSlincs	SSlincs_Norm	SSpearson_corr	SSspearman_corr	SSzhang	SSzhang_Norm
drug_1.txt	0.298152770843734	0.6547653444007691	0.5614318751705047	0.9582766401886689	0.2322507697048283	0.1591304347826087	-181.28666666666666	1.2825889188898103

drug_10.txt	0.288816774837743	1.2342369419223882	0.5406314830070371	0.9380942371247213	0.30521044071176745	0.15217391304347824	-186.97666666666666	0.9059369646896127

drug_100.txt	-1.16834747878183	0.9298127055458562	0.19151113570546718	0.23155852948138855	0.1848434366960672	0.013913043478260868	-264.67333333333335	0.8506890058011256

drug_101.txt	-0.0910134797803296	2.419079150068589	0.5318542562860198	0.8462301842701452	0.28247837664399167	-0.05565217391304347	-104.34666666666666	1.5854281617096615

drug_102.txt	-0.984273589615577	2.433767225227791	0.20196477858755957	0.25906383569880415	0.25391504516320423	-0.04434782608695652	-174.60333333333332	1.2266388384036355

drug_103.txt	-1.31842236645032	0.8282847473761183	0.6019146210397283	0.9078385371014961	0.2186755219903642	0.21913043478260866	1.6833333333333333	2.956358065695651

drug_104.txt	-1.21512730903645	0.8359158547003898	0.6043612253560455	0.9663207855638996	0.2024641533376183	0.015652173913043476	-63.52	2.47649949872583

drug_105.txt	0.316025961058412	2.4578692505708903	0.6560248978894795	1.093143832249932	0.35573539431739243	0.3913043478260869	-94.94333333333333	1.3144740644169184

drug_106.txt	-1.15297054418372	0.8870764014404635	0.5706830249496502	0.89769571780806	0.22401496407693416	-0.10434782608695652	-239.44666666666666	1.3105163814683372

drug_107.txt	-1.34822765851223	0.5023084184115789	0.5245842905984694	0.9183331466563217	0.263057878356525	0.15043478260869564	-152.86666666666667	1.1763829986550436

drug_108.txt	0.18971542685971	0.31822036206570553	0.6050104299294905	1.0521733814833243	0.2548932077721034	0.1226086956521739	-2.7533333333333334	2.8361738313444835

drug_109.txt	0.154618072890664	0.6443694757418801	0.5683260296299313	0.9401359467439301	0.2985423482017812	0.19304347826086957	-136.48	1.3518781309796741

drug_11.txt	1.35601597603595	2.522958765057491	0.5540012551141352	0.8731286307767614	0.24590445982346565	0.04869565217391304	-145.17	2.0775512689346063

drug_110.txt	-1.51607588617074	0.45180520955282816	0.4935226885782931	0.8436961853754552	0.21300283385308233	-0.01652173913043478	-42.95666666666666	1.2155936400337788

drug_111.txt	0.00584123814278581	0.17402467675905184	0.5602760124137478	0.9507837528666567	0.2860848955932722	0.15130434782608695	5.673333333333333	2.2089377366649856

drug_112.txt	-1.49116325511732	0.7958399680320383	0.4270894528370074	0.7013877098284158	0.12368890605725635	-0.17391304347826084	-46.913333333333334	2.8675647830971207

drug_113.txt	0.0473789316025961	0.6378043539391748	0.6184504618759261	1.0278580328496156	0.2850952213374208	0.1469565217391304	-166.33333333333334	2.1274695838198086

drug_114.txt	0.124063904143784	0.2699240993429243	0.5825303749704502	1.0075317843852218	0.2854569668894246	0.16695652173913042	-208.21333333333334	1.029319455473579

drug_115.txt	-0.037044433349975	0.448524253955152	0.5612008061638963	0.9102384914767407	0.22555181496247095	0.07826086956521738	-107.82666666666667	1.5294915650634604

drug_116.txt	-1.51837244133799	0.7491477984773065	0.5369274458815385	0.8818611499479452	0.17404409594865233	0.0008695652173913043	-75.49333333333334	1.5804836742110695

drug_117.txt	-1.05851223165252	2.4586173500800497	0.46196737726231507	0.7348548128244563	0.23480215363822685	-0.027826086956521737	-62.95666666666666	1.807553384246396

drug_118.txt	-0.0447329006490265	2.4568494329779265	0.5047999135573598	0.8550133402708413	0.32584128140385243	0.2695652173913043	-77.14666666666666	2.656620400501248

drug_119.txt	1.18746879680479	1.0231820812475105	0.6448497930186485	1.1413207632017026	0.37574255671218415	0.468695652173913	132.19	3.581771202409264

drug_12.txt	1.18627059410884	2.581620653503463	0.5224834696704215	0.853269435864316	0.17218472516414673	-0.13043478260869562	-35.836666666666666	2.079420510483399

drug_120.txt	-0.160858711932102	2.498868700078108	0.5346107490326203	0.9312171441402894	0.31389877065551436	0.18956521739130433	-215.56	2.591294015472099

drug_121.txt	1.06769845232152	0.8716441488007975	0.5763755976405227	0.8938817413722275	0.263185470443535	0.33826086956521734	-23.746666666666666	1.7570410614005942

drug_122.txt	0.115926110833749	0.8475812257048314	0.5314935893560846	0.9469169525836268	0.3268646218683727	0.3782608695652173	-317.08666666666664	0.11280356576962637

drug_123.txt	1.42616075886171	0.3141557643404765	0.7098342963183764	1.4401996719790318	0.49635984185819576	0.5982608695652173	-120.97333333333333	1.7282147614654242

drug_124.txt	0.0820768846729906	0.8232958128032564	0.5008589953374559	0.7782655585765698	0.3349266484704813	0.4391304347826086	-198.57333333333332	1.22147051678279

drug_125.txt	0.161058412381428	0.43608879269936157	0.5046064691082046	0.7757098586727607	0.38094059578054545	0.3347826086956522	-117.30333333333333	1.6872418124830755

drug_126.txt	1.22755866200699	0.8073060739653211	0.22117171864187032	0.25933346121625367	0.2860159475670163	0.37739130434782603	-281.8233333333333	0.4207239544846531

drug_127.txt	0.138592111832252	0.5132936220112522	0.5165097333233755	0.8540242983784461	0.23504444074976105	0.35913043478260864	-323.12	-0.26619629241479653

drug_128.txt	1.03225162256615	2.412861378584757	0.27889269038551934	0.35384029941348893	0.3649335341261931	0.5139130434782608	-366.5733333333333	0.29460478394041884

drug_129.txt	0.147528706939591	2.110771999340484	0.49353112578173064	0.8057257871590422	0.39866119983573134	0.47130434782608693	-289.5933333333333	0.9467251274299925

drug_13.txt	1.05391912131802	2.5437824692755053	0.5744796062345598	0.9087858588710739	0.17080611232893173	-0.02695652173913043	-124.82	0.8809239567804447

drug_130.txt	0.251772341487768	0.2525620880262237	0.5112454959136236	0.8206632165113968	0.39933578993092117	0.49478260869565216	-234.29666666666665	0.816586945708473

drug_131.txt	1.39790314528208	2.4757275171414492	0.22647293672797192	0.29412647682411	0.31047618160621115	0.17043478260869566	-283.43	-0.012282474671909068

drug_132.txt	0.340289565651523	2.1384156961191083	0.5722478642777264	0.9298173670285852	0.44519923270468725	0.6139130434782608	-349.56	0.4365030747299042

drug_133.txt	0.0345981028457314	0.5918598005905829	0.2458598244608421	0.31548494095684754	0.35584282405891937	0.3678260869565217	-359.13	-0.46351161343017344

drug_134.txt	-0.169296055916126	2.4770722185117102	0.5651751391672242	0.9745835736945009	0.3123552441201722	0.3739130434782608	-198.01333333333332	2.2344176689886655

drug_135.txt	1.36170743884174	1.0266990840098407	0.536235627632233	0.8703553450756971	0.25900595876178456	0.38869565217391305	-244.77333333333334	0.574704969532738

drug_136.txt	1.09385921118323	2.4266599000204963	0.49598347777704244	0.737252751871126	0.3741914213466162	0.6234782608695651	-91.80333333333333	2.694990674799848

drug_137.txt	-0.120968547179231	0.4533915167093363	0.22751136823752663	0.29066748569889606	0.16480649004627781	0.2791304347826086	-290.76	1.0277933035031668

drug_138.txt	-0.208187718422366	1.0281865173535758	0.4946538781384932	0.8144426968238654	0.26554777994602474	0.25913043478260867	-125.37666666666667	1.6733297259563156

drug_139.txt	-0.0930604093859212	1.0263525666228368	0.5408668352789111	0.8899917612566183	0.32425901669828794	0.3417391304347826	-203.56666666666666	1.8638968350883107

drug_14.txt	0.345981028457314	0.8482061482866179	0.45768455413177	0.832028402042848	0.2711440802489534	0.28086956521739126	-233.00333333333333	1.043395467616513

drug_140.txt	-0.218022965551672	2.521536172854629	0.5424523079215927	0.8748696640002405	0.28767611764880524	0.19999999999999998	-230.16	0.8058903915637005

drug_141.txt	0.17873190214678	0.9913330294646009	0.5476929083911981	0.8824087957196101	0.2491019342095773	0.36173913043478256	-345.75	0.12865417588916764

drug_142.txt	0.237044433349975	-1.0737450375314248	-0.001361998962519484	0.15602419135274886	0.03997701731449345	0.17913043478260868	-168.22666666666666	2.0249107185298234

drug_143.txt	-0.120968547179231	-1.0862939467628026	-0.24944849748986023	-0.317164856753156	-0.2917722177631009	-0.09999999999999999	-78.03666666666666	1.4864588376717394

drug_144.txt	-0.0765851223165253	-0.9576634268086786	-0.1967769126622146	-0.3351482276373756	-0.3298789040017191	-0.28521739130434776	145.03333333333333	2.2044292664588645

drug_145.txt	0.332501248127808	-0.6958068007967346	-0.07774683189497106	-0.14080789999268128	0.0015578662644523678	0.19999999999999998	-186.84	0.12777181697945958

drug_146.txt	0.0981527708437344	-0.9784610460097846	-0.2168513204386872	-0.292365895113602	-0.27252897492315503	-0.06434782608695652	6.51	1.4580157656630854

drug_147.txt	1.35292061907139	-0.8983668140889239	-0.2338328431533837	-0.2453917616836907	-0.15259833013440818	0.01826086956521739	-237.25666666666666	0.8332610177825439

drug_148.txt	0.285871193210185	0.8170538101820181	-0.21274494273525693	-0.24347558591251167	-0.1914467304507191	0.04	-241.65	1.0469650953506173

drug_149.txt	1.37418871692461	-0.980429536361388	-0.1701031874892684	-0.27704550954821816	-0.25164058951775786	0.11130434782608695	-162.19	1.0247636194387546

drug_15.txt	0.368696954568148	2.6462930107709157	0.5372967179169552	0.9562264103193066	0.25484040111964595	0.17478260869565218	-229.58	1.0641762836159403

drug_150.txt	0.348377433849226	-1.110072334574722	-0.22337960473732565	-0.21444598242449087	-0.1995423276627061	0.17217391304347823	-87.88666666666667	0.9419455184439965

drug_151.txt	0.305341987019471	-1.0199826354233184	-0.15918697565899576	-0.06207985138455596	-0.16403780060937176	0.25304347826086954	-87.54666666666667	1.6606324688190561

drug_152.txt	-1.07224163754368	-1.3151480030767164	-0.189785780625365	-0.18423505240192894	-0.3663852318866756	-0.3539130434782608	-26.713333333333335	1.0916401497043284

drug_153.txt	0.173539690464304	-1.0997525796683667	-0.10197567017593712	-0.17456570517200576	-0.0806667355762782	0.015652173913043476	-304.47333333333336	-0.057260039615177484

drug_154.txt	-1.2163255117324	-2.4923068924616105	-0.29940784192571046	-0.4277439138086132	-0.41385289013880827	-0.39999999999999997	-0.6166666666666667	3.986207653872364

drug_155.txt	0.275436844732901	-1.1020192454943745	-0.10200271210541156	-0.11483045573000972	-0.16693380742763766	0.15391304347826085	-172.04666666666665	2.1601430303537765

drug_156.txt	0.137693459810285	-0.4653199175062903	-0.28786201483376245	-0.48565096993918855	-0.20817730842032026	0.021739130434782605	-405.3333333333333	-0.3854359340105022

drug_157.txt	1.39360958562157	0.6217319762627258	-0.1338960421915314	0.009621930238027265	-0.09818125008239174	0.21526419295572294	46.57	1.6538556457870663

drug_158.txt	1.33734398402396	0.6706576046945663	-0.10975742898681601	-0.046754864993082346	-0.039859536384469686	0.3182608695652174	-79.23666666666666	1.1440837033212259

drug_159.txt	0.333250124812781	-0.6512188254224914	-0.22666585955048013	-0.31677426267168773	-0.21386270633276122	0.03565217391304347	-237.17	0.30555222490164613

drug_16.txt	1.27738392411383	1.2561773825882834	0.45183086154248975	0.7959071503188826	0.2573250540425063	0.23739130434782607	-145.80333333333334	1.7537281669298161

drug_160.txt	0.238442336495257	-2.099940497423786	-0.13430642602956155	-0.06799279947494008	-0.18360652392291216	0.25565217391304346	-180.37666666666667	0.5463556516045159

drug_161.txt	0.119071392910634	1.0084479150788093	-0.21511008461685385	-0.3362142706247045	-0.2001547380034591	0.21739130434782608	-284.0733333333333	0.6069749270208121

drug_162.txt	0.352920619071393	-1.0815058871485874	-0.20035797705277733	-0.30634104851037225	-0.1632869804769575	0.11652173913043477	-161.86333333333334	1.0570320166292402

drug_163.txt	0.360559161258113	-0.6259404925061673	-0.1792964148164733	-0.23455376632794778	-0.16901761989624484	0.02	-256.74333333333334	0.9175313330020067

drug_164.txt	0.316774837743385	0.6360449505840748	-0.1905917247909366	-0.2697042889562334	-0.18987114714829312	-0.040869565217391296	-262.55333333333334	0.4138404761371317

drug_165.txt	0.3481777333999	0.7482268942695871	-0.1454763353292226	-0.33067778139206305	-0.15756235628205406	0.16347826086956518	-199.48333333333332	0.35623962432498696

drug_166.txt	0.369196205691463	0.5401254045470649	-0.17864661457037959	-0.22781021008033697	-0.13390301997165818	0.15304347826086956	-215.49666666666667	1.07148486136814

drug_167.txt	0.202845731402896	3.0926695348199864	0.4394746468883795	0.6867830636488841	0.033177943368993976	0.09739130434782609	-151.39666666666668	1.0179765027575707

drug_168.txt	-1.37044433349975	-1.144442663157141	-0.29285997338969566	-0.4551257790964964	-0.3502419226455243	-0.3695652173913043	-151.46666666666667	0.6339304842901303

drug_169.txt	0.138941587618572	0.7883116234838541	-0.1684815597357592	-0.24593773838622068	-0.13544050164033308	0.25478260869565217	-181.86666666666667	1.3078381216262338

drug_17.txt	0.294608087868198	1.429456996936191	0.5849199933059113	1.0388760935338148	0.29325383469765554	0.308695652173913	-299.05	1.433601568657669

drug_170.txt	0.212680978532202	-0.929620307253489	-0.13098555924325073	-0.2806879132964842	-0.09301305063242893	0.1591304347826087	-199.12	1.1849750947221933

drug_171.txt	0.321717423864204	0.5269676263031688	0.5007899469738734	0.8497011759981279	0.4423330364185021	0.4530434782608695	-190.45666666666668	0.9558441339298573

drug_172.txt	1.34098851722416	0.42459121280127615	0.5140141786365378	0.8250729570621914	0.3216665879918712	0.38	-165.76	1.1584271474836145

drug_173.txt	1.37069395906141	0.9413054778962067	0.5286030815910788	0.9721772812777679	0.34823841432295327	0.40782608695652167	-113.27666666666667	1.49433585556852

drug_174.txt	0.303145282076885	2.2761855978529053	0.5090974121965792	0.9281174720083922	0.44881086953537175	0.4460869565217391	-140.89	0.8006066196425712

drug_175.txt	0.21992011982027	0.7867907579691673	0.1796536751804512	0.1985776997839518	0.38252639351112233	0.25217391304347825	-365.71	-0.8772652932231055

drug_176.txt	0.169895157264104	0.6221287879937423	0.5784181060897149	0.8818814394247022	0.2010074227818626	0.19391304347826085	26.92	1.360324228624592

drug_177.txt	-0.25981028457314	0.6681778661756363	0.22114244116659038	0.23348274392662716	0.1865391719005235	-0.06	-279.04	0.2288203169805272

drug_178.txt	1.30703944083874	2.503599033251475	0.6209256482251397	0.9959153301430119	0.336795676970164	0.3104347826086956	-98.96666666666667	1.2842561354861202

drug_179.txt	1.30848726909636	0.6434453489666174	0.5081429440769052	0.9802799277263756	0.4311630452155205	0.3817391304347826	-160.5	0.8535270045712373

drug_18.txt	0.187868197703445	2.512491499113364	0.6134834796748349	1.1096524393286513	0.2503973762914452	0.4156521739130434	43.236666666666665	2.5728079640410026

drug_180.txt	0.161657513729406	0.6788639226203884	0.5521721724087056	0.8899597409785471	0.398114700459326	0.4356521739130434	-115.07666666666667	1.7757534427588515

drug_181.txt	0.223964053919121	1.022765621924492	0.5869200120969068	0.9259092573442543	0.33354557767071485	0.4104347826086956	-56.42333333333333	2.1202151116101335

drug_182.txt	1.37089365951073	0.6924422612567879	0.5618303913898227	0.9197571130915372	0.3120162919026234	0.38260869565217387	-64.54	3.1387452727984577

drug_183.txt	1.38577134298552	0.8953044680794116	0.4929133665346014	0.9061012210775468	0.4236923808378858	0.4591304347826086	-38.406666666666666	1.8677441096848377

drug_184.txt	1.22960559161258	0.6360313344043527	0.5303994518813372	0.8842604304873062	0.23737167233821557	0.2573913043478261	-202.74333333333334	0.6704954030970062

drug_185.txt	1.29795307039441	0.8945188848765242	0.5515723327068166	0.9429786070710491	0.42138083412496097	0.4260869565217391	-182.96	1.298745232152815

drug_186.txt	0.978632051922117	0.9131134500002183	0.5193919065693944	0.8506415009967934	0.2540885493739898	0.1826086956521739	-48.50666666666667	1.5742412559138932

drug_187.txt	0.232301547678482	0.6701842570234835	0.5163263962717043	0.7990183019269488	0.3786628485573432	0.4017391304347826	-167.0	1.0010460014915938

drug_188.txt	-1.26295556665002	0.5117406475595996	0.4992464481060947	0.9562914539815965	0.12533060982768687	-0.11304347826086956	58.8	4.8276350763301465

drug_189.txt	0.211432850723914	0.19063173456151927	0.5534405339659197	1.0314483585759309	0.2775509896706261	0.42260869565217385	-232.79	1.3866615566421987

drug_19.txt	0.227708437343984	1.2436605158884195	0.4951906327055845	0.9352414468387653	0.25821845377078056	0.25217391304347825	-266.4266666666667	1.0773154428660734

drug_190.txt	-1.06924613080379	0.6128925987685766	0.5328164418574879	0.93142038879415	0.09942361808936388	-0.11130434782608695	50.43	1.118216423548766

drug_191.txt	1.33524712930604	0.08133005401500973	0.4946563573726496	1.0310845820470413	0.33077809369332256	0.2504347826086956	174.18333333333334	3.0652238895327297

drug_192.txt	-0.217357297387252	0.4026824867607799	0.6043500019753325	1.033134220026541	0.25224026552561013	0.15826086956521737	93.13	1.9380993813203236

drug_193.txt	-0.951239806956232	0.9218989657705254	0.48111017600126355	0.7236546830264441	0.24273831544370666	0.05391304347826086	-49.28333333333333	1.2434053811789787

drug_194.txt	-1.03215177234149	0.7959058750081819	0.6293181076170402	1.0717576509280846	0.19671557249708202	-0.09999999999999999	-150.24	0.710688123334733

drug_195.txt	1.40089865202197	0.911992482302747	0.4840148056887936	0.8901035554686605	0.44367883930516994	0.3139130434782608	-328.91333333333336	0.2530733087903082

drug_196.txt	-0.946896322183391	0.9956374826487986	0.2999864681963781	0.38275015686276226	0.21071925332001878	-0.008695652173913044	-75.83666666666667	1.085761944383565

drug_197.txt	1.1554667998003	0.9258901696176784	0.5460038837803752	0.8856167017519213	0.30673057752772337	0.13652173913043478	-122.88	2.1916085594987775

drug_198.txt	0.248976535197204	0.7965421545991779	0.5019787977067334	1.0198571912022316	0.4496366074856347	0.47478260869565214	-164.66	1.5025171826089627

drug_199.txt	1.36969545681478	0.95285918082892	0.128539138927519	0.11993111636279724	0.10513988400714751	0.05913043478260869	-338.73	-0.025224671458700058

drug_2.txt	0.197104343484773	0.7521855494876883	0.4388142416170311	0.9160205249527316	0.284333949883168	0.19913043478260867	-118.36	2.428328793885242

drug_20.txt	0.206240639041438	1.2963178055595166	0.4995527560705657	1.0411876245721974	0.2861584236354794	0.2278260869565217	-188.90666666666667	1.571898798551844

drug_200.txt	0.0683474787818273	0.8225108618147212	0.6466862190453234	1.029265177470979	0.3299389815242156	0.5391304347826086	11.043333333333333	4.065143566470196

drug_201.txt	-1.48756864702946	-2.2752591701611635	-0.23201725591292266	-0.40206947209169064	-0.3132762450624597	-0.31130434782608696	-24.10333333333333	2.051736814036213

drug_202.txt	-1.45441837244134	-1.1220887726486473	-0.5414861642119488	-0.9775362097786267	-0.2791889960299285	-0.16347826086956518	29.25	1.2830195963301438

drug_203.txt	-1.39545681477783	-2.3791253873777523	-0.2418218247674792	-0.2561095468633642	-0.3829499501860578	-0.35826086956521735	-112.43	0.9034933536613783

drug_204.txt	-1.45841238142786	-2.122577920766423	-0.2694559113378573	-0.36562560618011763	-0.36369623111389016	-0.3678260869565217	-160.56333333333333	1.0590680171228162

drug_205.txt	-1.54972541188218	-2.1317669209735355	-0.2607071428849582	-0.47327834007588065	-0.31317029570214466	-0.11652173913043477	-4.173333333333333	3.0252881261672573

drug_206.txt	-1.49046430354468	-2.164505816770085	-0.0897198410641975	-0.223754617434601	-0.1283747949985137	-0.0626086956521739	-26.0	2.43613821125708

drug_207.txt	-1.53504742885671	-0.8739615711315809	-0.19407764141456058	-0.31845725427794874	-0.3855406232521706	-0.4252173913043478	-44.303333333333335	2.4120527953797413

drug_208.txt	-0.960009985022466	-1.0497614577883074	-0.6799210619999374	-1.2398988070653623	-0.3487221965460302	-0.29130434782608694	-228.99	0.636166645558481

drug_209.txt	-1.49161258112831	-1.0933018336950884	-0.18917066593457257	-0.22340902274060975	-0.42895512377259454	-0.3947826086956522	-50.36333333333334	1.9715036633467318

drug_21.txt	0.174038941587619	1.3064719444041213	0.46271374460572134	0.9272554308611348	0.25293657215082127	0.2791304347826086	-232.57	1.806955004685519

drug_210.txt	-1.39765351972042	2.911463427474788	-0.04962784567493572	-0.06691215508228282	-0.33978368392470365	-0.40086956521739125	20.263333333333332	2.8903360629579122

drug_211.txt	-0.271276418705275	-1.3052838914906093	-0.3448108458042114	-0.6062082878540437	-0.35523105892286627	-0.27999999999999997	-32.96333333333333	3.878451557339564

drug_212.txt	-1.31208187718422	-1.0776888509198312	-0.2962484162439333	-0.5705362947530233	-0.40827366010479277	-0.4460869565217391	-90.58	1.1666462818376293

drug_213.txt	-1.35871193210185	-1.0728855907592556	-0.27401611659966296	-0.40977628611750516	-0.3589122399986227	-0.43478260869565216	-139.89666666666668	1.6054019269801507

drug_214.txt	-1.35152271592611	-2.132673974075934	-0.30855109267250147	-0.31669650001301775	-0.3634337528963714	-0.4556521739130434	-180.44333333333333	1.071336687896203

drug_215.txt	-0.019570644033949	-1.046828719675073	-0.29723832710549725	-0.5696924453713677	-0.2826749842621828	-0.13130434782608694	50.86	3.492041942462739

drug_216.txt	-1.43310034947579	-2.1447309957531693	-0.301022508181892	-0.510917639447061	-0.3770861317685254	-0.3930434782608695	-60.32333333333333	1.1879104713895892

drug_217.txt	-0.149725411882177	-2.094438810636395	-0.31449566934693796	-0.4715108011352477	-0.3195079360021089	-0.2695652173913043	-342.68	0.04148743582569814

drug_218.txt	-1.01912131802297	-0.5716056110729941	-0.31102287923816346	-0.45454670873709074	-0.3018795452881816	-0.3026086956521739	-445.50333333333333	0.0634871258786609

drug_219.txt	1.11534365118988	-0.7641378055447017	-0.028436159440358266	0.09653530880450567	0.16330587040509864	0.3173913043478261	-85.48	1.1451141219629968

drug_22.txt	0.25746380429356	0.6444077753827862	0.3813498898138993	1.0311175751919888	0.2336712628901342	0.23391304347826083	-284.24	2.0020109891299724

drug_220.txt	1.39775336994508	-0.8672193208239418	-0.28193293334419633	-0.48790010638313336	-0.18517394071927218	0.2078260869565217	-369.41	0.29253117378198407

drug_221.txt	0.347578632051922	-1.9119355745026752	-0.3221491240963724	-0.5319683515663249	-0.2575030989038512	-0.0017391304347826085	-279.01666666666665	0.5421391835627448

drug_222.txt	-0.0587119321018472	-0.8986137616757592	-0.3216847320895656	-0.4159635462082772	-0.2721504041379709	-0.1208695652173913	-215.97	0.7381512088198321

drug_223.txt	-0.104493260109835	-0.9143085929248231	-0.30359901664382927	-0.4990303676677032	-0.2784892769730876	-0.14608695652173911	-202.69	1.7864358529687507

drug_224.txt	-0.00302879014811119	-0.8810759327848465	-0.6192083740173036	-0.9510874112174894	-0.2749697027287416	-0.010434782608695651	-325.6066666666667	0.6006409227366754

drug_225.txt	1.05077383924114	-1.0716579263616657	-0.5279899872368375	-0.8484102715205282	-0.2832668351965755	-0.2434782608695652	-193.20333333333335	1.2144440942280996

drug_226.txt	0.0801797304043933	0.5565676992222732	0.0385512941542934	0.21952918534033353	0.2261785466331383	0.22869565217391302	58.443333333333335	2.717851147535851

drug_227.txt	-0.277883175237144	-0.5203962136152406	-0.23207273722526983	-0.20844253423817705	-0.19690154267147852	-0.21304347826086956	-230.36333333333334	1.3516087084988528

drug_228.txt	0.0412381427858213	-0.5838180220385492	-0.6306190119166094	-0.9645025640808627	-0.27730398880185037	-0.10173913043478258	-499.72	-0.981704534997805

drug_229.txt	1.26165751372941	-0.552752103982167	-0.31118534248654195	-0.49100297016971217	-0.22349503163765722	0.021739130434782605	-256.1066666666667	0.34388162075549344

drug_23.txt	0.275287069395906	0.6874502508525813	0.4460485703165692	0.9518289186114056	0.4717275708651046	0.4156521739130434	-260.97	0.8643702984632403

drug_230.txt	0.140039940089865	-0.8993160817659805	-0.5776313192809308	-0.8590541269970917	-0.27380244982140534	0.009565217391304347	-314.7133333333333	1.078373974912609

drug_231.txt	-0.15082376435347	0.37837224496230737	0.2289559161624257	0.29946007197286384	0.1875095282880463	0.027826086956521737	-501.01	-1.2680308269659153

drug_232.txt	-0.092161757363954	0.4012945261402711	0.7152741406445149	1.2354280291852746	0.2080556687335548	0.2939130434782608	-33.98	1.7938287142695848

drug_233.txt	-0.0458645365285404	0.7159351244910583	0.573969355887969	0.8866933011146974	0.27920151278877814	0.11739130434782606	80.31333333333333	2.830901636863174

drug_234.txt	1.08598768513896	0.6315660566957069	0.5598458241112085	0.95621976568804	0.31885584756672125	0.35913043478260864	87.93333333333334	2.007864318988525

drug_235.txt	-0.0875520053253454	0.2068132876380792	0.7140821431561032	1.3168714746730463	0.37204406649397664	0.49391304347826087	128.31333333333333	1.8843907047309265

drug_236.txt	-0.0802795806290564	0.5995905235672647	0.0728830031787549	0.04034434997955938	0.14929871672240153	-0.1869565217391304	-403.5733333333333	-0.44891640526005416

drug_237.txt	-0.0862206689965052	0.5862701793330214	0.7484587625711473	1.1498241769092248	0.2891737626023888	0.4669565217391304	115.55666666666667	4.2555193811785195

drug_238.txt	1.31088367448827	0.460245654380909	0.6717661547587367	1.075227957277258	0.4401290712386759	0.54	158.41333333333333	3.609964003820732

drug_239.txt	1.46485272091862	0.45142280576697397	0.7205793910815641	1.2442570087124427	0.4269348169853102	0.48956521739130426	215.30333333333334	4.859837165980507

drug_24.txt	0.0604093859211183	0.5574591655384185	0.46898096858158134	0.9305260176921945	0.3274258482823973	0.2782608695652174	-202.38	0.9266043197764378

drug_240.txt	0.143584623065402	0.4378807931624042	0.7343838345756246	1.315298021458954	0.43369467687331864	0.5869565217391304	63.64	4.056564954572829

drug_241.txt	-0.106390414378432	0.589385508378144	0.616647203781387	1.0682949781667794	0.337076255944648	0.40956521739130425	116.34	3.511847463346317

drug_242.txt	0.0132800798801797	0.3335449162174498	0.7417189998460327	1.307667417159046	0.3987205387406852	0.4765217391304347	177.87333333333333	2.5148304543732354

drug_243.txt	-1.24398402396405	0.7871270299254138	0.1401996022384116	0.13131277819546033	-0.17825010160312507	-0.32695652173913037	-104.49	1.002377540292403

drug_244.txt	1.40614078881677	0.6656379491769167	0.20767170633017246	0.27983150866458967	-0.013558383120619435	-0.11391304347826085	-377.21666666666664	-0.3637512172553233

drug_245.txt	0.072291562656016	0.8831721371651478	0.5705139566532006	1.0657336456692468	-0.01855840682668634	-0.17217391304347823	-140.92	0.7904824842885779

drug_246.txt	-0.195456814777833	-0.33229393024117193	0.0716665465489261	0.007412263625284188	-0.18250301249355183	-0.3695652173913043	-377.61333333333334	0.19514908523644234

drug_247.txt	0.173889166250624	-0.48911493004986345	0.11062121013139559	0.07309179194859161	-0.15840337539540664	-0.2695652173913043	-367.50333333333333	0.029528759972620795

drug_248.txt	-1.23964053919121	-0.9601751838333874	-0.007870620095068087	-0.2006266287877564	-0.2914686730765146	-0.32956521739130434	-136.01333333333332	0.8131903816221018

drug_249.txt	-1.25012481278083	0.6449492328416913	0.165131545959297	0.19670320262684138	-0.18729800380849684	-0.3956521739130434	-243.53	0.8105454602815517

drug_25.txt	0.230703944083874	1.1158012499067096	0.6002885871645757	1.09613851771485	0.30954352338284125	0.36225267218609536	-168.79333333333332	2.0651130869778975

drug_250.txt	-1.1762356465302	-0.5830131275905738	0.07410432137598577	0.013512355461074432	-0.31229354903240886	-0.42260869565217385	-328.80333333333334	-0.0612876944875736

drug_251.txt	-0.165651522715926	0.8271583788115886	0.41649640867053994	0.7172756033477647	-0.0888316436475681	-0.18347826086956517	-69.06	1.7087743743739299

drug_252.txt	-1.18472291562656	0.644648375845944	0.1190375741996921	0.08963388952559803	-0.16347960019056143	-0.38869565217391305	-277.8833333333333	-0.35102518753700923

drug_253.txt	0.0806290564153769	-0.9066261946586601	0.062433041358727764	0.013543348028772051	-0.14896888422955154	-0.268695652173913	-96.95	1.4050313342593608

drug_254.txt	-1.25756365451822	0.6099930035448435	0.17991155018233107	0.22146473264823957	-0.10973678899220897	-0.268695652173913	148.35666666666665	2.7072742951416817

drug_255.txt	1.26789815277084	0.6307250416415828	0.5391297651960745	0.9278930228282245	0.1675890395574912	0.05391304347826086	-143.19	0.624543932781128

drug_256.txt	-0.195806290564154	-0.5135523602219315	0.17867034646230942	0.1515238586098301	-0.132945556539262	-0.35478260869565215	-362.6333333333333	0.4172371715459241

drug_257.txt	-0.0251123315027459	0.6414213724671901	0.4956272745475776	0.8641822588937942	0.03863635354819966	-0.23304347826086955	-185.54666666666665	2.5050482425023923

drug_258.txt	-1.26065901148278	-0.20343011697216634	0.06070352407905244	0.013994067088628215	-0.18027558841231023	-0.34521739130434775	-460.04333333333335	-0.3628470577341272

drug_259.txt	-0.159061407888168	-0.5190292247889883	0.20137888296973247	0.266576328272995	-0.08155205608263036	-0.30347826086956514	-299.2966666666667	0.5346413058635262

drug_26.txt	0.298751872191712	1.1242995786879704	0.5609979271872905	0.891105563615294	0.3186064632607266	0.35007611177647874	-214.32333333333332	2.231695738330913

drug_260.txt	-1.06017640206357	-0.16757575569523797	0.05024894488993781	-0.040259099708847446	-0.164464798221821	-0.32	-455.07	-1.3700571235267134

drug_261.txt	1.29735396904643	0.655889157847511	0.6540616580905664	1.064082447394209	0.3573373060370538	0.46782608695652167	118.14333333333333	2.314889840073627

drug_262.txt	-1.18766849725412	0.8161123489203381	0.38534629502286183	0.8225525125854465	0.039619638947490037	-0.04	75.04666666666667	3.0044062703669927

drug_263.txt	-0.00928607089365951	0.663644897624779	0.12686643007159937	0.1337710815344028	0.21164861454671993	-0.04608695652173912	-426.10333333333335	-0.6071355831183464

drug_264.txt	-0.100049925112331	0.7372618028638708	0.1283445570753805	0.12341310081368045	0.07732381339900252	-0.13391304347826086	-289.35333333333335	0.1093218740589293

drug_265.txt	-0.0657014478282576	0.9782200835956335	0.14435733488439645	0.15558532974613543	0.15977836055611372	-0.2052173913043478	-626.4733333333334	-2.121893702774909

drug_266.txt	-1.06689965052421	-0.6905816625399227	0.0012193887647088952	-0.17584040155725522	-0.07676122751203517	-0.3052173913043478	-319.67333333333335	0.734039559405175

drug_267.txt	0.0929106340489266	0.9898349871945008	0.22915738052279525	0.3016793698976417	0.23500174905052698	0.06608695652173913	-200.72	0.3235835684270816

drug_268.txt	0.00958562156764853	0.5437873213445004	0.4801321421705988	0.8083996045950206	0.26251196239629426	0.16260869565217392	-3.1433333333333335	2.243091502519064

drug_269.txt	-1.07779996671659	0.6774347621264496	0.05913685259655249	0.06725349172221196	-0.007819280334648425	-0.22608695652173913	-536.0933333333334	-1.789213078278557

drug_27.txt	0.251472790813779	1.0444076814019678	0.6092135757060354	0.989430257464054	0.32752302285163354	0.47358122450259044	-98.14	2.6653387163562505

drug_270.txt	0.00763854218671989	0.6646970161557548	0.05342552850353349	0.00934811532262092	0.07832370353306631	-0.2008695652173913	-258.93	0.39619561515155555

drug_271.txt	1.17309036445332	0.640824177533055	0.4768920634359528	0.9098230796524065	0.46690449961084673	0.48260869565217385	4.8	2.214401847206886

drug_272.txt	-1.11464469961724	1.004086254546654	0.07882740441105762	0.04931599240076068	-0.11985172482565112	-0.31130434782608696	-565.5833333333334	-2.0663031195090746

drug_273.txt	-0.141737393909136	0.27704896448486216	0.5066298554328439	0.9321253411502363	0.3263234637237756	0.25999999999999995	-74.43666666666667	0.9954913096691866

drug_274.txt	-0.190664003994009	0.2519131126402455	0.5185365666419095	0.9113836293138298	0.3174503020374657	0.22869565217391302	-131.17333333333335	1.8301701570355329

drug_275.txt	-1.11229821933766	0.8498067397374042	0.0600895765997016	0.019085511375910302	0.11090140926374502	-0.06521739130434781	-589.6366666666667	-3.243614756087001

drug_276.txt	-0.198052920619071	0.26141497069471126	0.5066673849526785	0.877820079728843	0.3536045659980363	0.2834782608695652	-99.61666666666666	1.7295584653706155

drug_277.txt	-0.197154268597104	0.3115299716936416	0.48700755391461503	0.8876702347966269	0.31490295629065973	0.32434782608695645	32.013333333333335	2.031135220905736

drug_278.txt	-0.31427858212681	0.23081342870625432	0.4979072410511083	0.9913367508462392	0.3505602379826373	0.33304347826086955	-109.7	1.5090166831585348

drug_279.txt	-0.035946080878682	0.08718894638951459	0.5179171551889872	0.9265279741895431	0.2997682332302139	0.29217391304347823	-162.22333333333333	1.3666487025876384

drug_28.txt	0.292061907139291	0.7953978949918062	0.6298196956087354	1.125344071296999	0.32248480527150547	0.4248749828641239	-199.34333333333333	0.9194635345622685

drug_280.txt	-0.0793310034947579	0.3109493344206142	0.5650084077274197	1.0706406738322127	0.42346185647917656	0.4417391304347826	-95.49333333333334	2.307716853621599

drug_281.txt	-0.0487269096355467	0.7342151348574402	0.06345263079601898	-0.009074799872735961	0.0741733212837275	-0.08347826086956521	-579.5533333333333	-1.3668419713883784

drug_282.txt	0.0176235646530205	0.30362063989044047	0.5572710174683579	1.0353484146004255	0.4338688565473531	0.42260869565217385	-42.65	2.2359271982460953

drug_283.txt	-0.0677983025461807	0.06463146606769286	0.5431102005192615	1.1124324705655295	0.3447699514753184	0.3565217391304348	-44.60666666666667	2.0770677645918822

drug_284.txt	-0.228956565152272	0.2665803968903587	0.5305238076821749	1.0078365002450267	0.3210867660706912	0.3121739130434782	-100.21	1.818291107648316

drug_285.txt	-0.133250124812781	0.8446864675099159	0.36895592663885857	0.7988236606465535	-0.07253547667582144	-0.13304347826086957	-214.21666666666667	0.34351998944566975

drug_286.txt	-0.081028457314029	0.9400770754636676	0.37449963955485843	0.7978457219366045	0.06124194285655909	-0.03304347826086956	-106.66666666666667	1.4727135930540867

drug_287.txt	1.31347978032951	1.0129372851914122	0.5658337399860313	1.0086213891934461	0.4199368115594248	0.43304347826086953	-127.13666666666667	1.0717556967748487

drug_288.txt	0.220419370943585	1.1824769606638208	0.19550140980172426	0.22882257152364033	0.18041893257730743	-0.08956521739130434	-342.50333333333333	0.08582425817331049

drug_289.txt	0.099900149775337	-0.6651686848516009	0.4308298316236041	0.8624626683536727	0.37782165386515926	0.23130434782608694	-82.27333333333333	0.5154755606460664

drug_29.txt	1.41842236645032	0.946362585213218	0.6569342705788549	1.03908420132732	0.33728301303737784	0.47010220724269997	-299.52666666666664	0.5348221956254366

drug_290.txt	-0.0653020469296056	-0.9438531822799165	0.6762148040165258	1.1542892793675898	0.1120442151526173	0.0008695652173913043	-39.98	1.6386176955193947

drug_291.txt	-0.251323015476785	0.9611244136434787	0.5235209503906582	0.752878462044707	0.09154663201407857	-0.09130434782608696	-34.10333333333333	1.637183226662248

drug_292.txt	0.275187219171243	0.9437991003053869	0.6586055111148716	1.5688346915915403	0.13896263249080848	0.20956521739130432	2.2933333333333334	3.037344850899424

drug_293.txt	-1.29895157264104	0.5455998339993705	0.5390850805318986	0.7955358111006371	0.006998558696357585	-0.25478260869565217	-49.03	2.0531165240639218

drug_294.txt	-0.00129805292061913	0.7652900180645481	0.4599622205699707	0.860571160841946	0.14621331719190958	0.0017391304347826085	14.093333333333334	2.0135279705562383

drug_295.txt	-0.235796305541687	1.059308923193721	0.6059823317508248	0.983638511228925	0.11481031272464959	-0.041739130434782605	-43.403333333333336	1.948686914279407

drug_296.txt	0.0735396904643036	0.9055157780825789	0.6723096861907653	1.0729662639452178	0.14635631676245425	0.37304347826086953	-93.58	1.9522377533518604

drug_297.txt	-0.0504243634548178	0.9543552400913401	0.67789145115733	1.246728967708106	0.10175655828905511	0.06782608695652173	14.736666666666666	3.3832844935189224

drug_298.txt	0.18671992011982	0.9171604905278248	0.670475672057587	1.1158279887710305	0.15056458228189656	0.010434782608695651	183.87666666666667	3.5921171630827704

drug_299.txt	-1.2662506240639	0.7647473555597024	0.4186384065461948	0.7714145799013126	-0.02892250166065493	-0.2434782608695652	-111.76	1.2189227733490307

drug_3.txt	0.259660509236146	0.6118888425362334	0.40219288836353567	0.8071717252225308	0.31067562582183605	0.20608695652173914	-181.86666666666667	1.82571139283104

drug_30.txt	1.29695456814778	0.8875463525143567	0.5306266222333111	0.9110551862890144	0.25318753669974614	0.29180257267331333	-36.48	4.849476307368013

drug_300.txt	-1.32341487768347	-0.7471406664125175	0.360061966363326	0.7235804649889647	-0.11287939443028436	-0.32434782608695645	-66.04	1.6611608544367127

drug_301.txt	-0.176435346979531	1.0061748476098495	0.5786837665889906	0.9619863669624724	0.11537222739988683	0.023478260869565212	138.41333333333333	2.384726505577885

drug_302.txt	0.207488766849726	0.6383964777888251	0.6509962991970316	1.097911018478902	0.1667140996348891	0.1226086956521739	-206.24	0.47362864743522326

drug_303.txt	-0.135596605092361	0.9139508545100669	0.5823225353125109	0.8644146155720276	0.06967224646216319	-0.09478260869565217	-90.08333333333333	1.5854616317337487

drug_304.txt	-1.23639540688967	0.6548026026819582	0.47911009454587056	0.921365536280494	0.0480858785720539	-0.18086956521739128	-88.18333333333334	1.9817213099043893

drug_305.txt	-1.23105341987019	0.619505390436891	0.4622018473327191	0.9047637531221666	-0.008990032406680733	-0.1591304347826087	-27.69	4.486695262327209

drug_306.txt	-1.14238642036945	0.7184252153033946	0.46019814365734296	0.8453222215358804	0.04266881475432238	-0.15217391304347824	-82.21333333333334	2.323599003913024

drug_307.txt	-0.178465634881012	0.5090023076538136	0.4517211273786265	0.8378989545084519	0.07436158255406504	-0.0634782608695652	-91.84666666666666	1.643627306978923

drug_308.txt	-0.106540189715427	0.629316552591833	0.6422576523833081	1.1155660046382123	0.14441796754428732	-0.02	115.34	3.6431941286783394

drug_309.txt	-0.0872191712431353	0.623071521184344	0.5922075647893547	1.0164095002503697	0.15336211057652244	-0.050434782608695654	133.31	4.903759155728189

drug_31.txt	0.182825761357963	0.7323470456059398	0.5363740938448841	0.8726545563111836	0.2880467391178304	0.33876930568183466	-181.58333333333334	1.5634103906447054

drug_310.txt	-0.192511233150275	0.9803567748115217	0.5755656062610274	0.924174622657938	0.1414560435171764	-0.010434782608695651	70.62333333333333	3.376014559447843

drug_311.txt	0.165801298052921	0.8896963614200174	0.7526299794919573	1.3558859404723589	0.144771479945646	0.27391304347826084	153.81333333333333	4.622602267380422

drug_312.txt	-0.317523714428357	0.4397768020092577	0.5643883593771892	0.8756474625514503	0.15461443470142244	0.2069565217391304	-52.57	1.5413301797881045

drug_313.txt	0.0584623065401897	0.9524361505457366	0.5498588396733782	0.949118870773205	0.16539336141390165	0.1660869565217391	-61.89666666666667	2.1912251626016324

drug_314.txt	-1.09530703944084	0.6547738139942548	0.4574784118644354	0.8863903783400311	0.01301213231934327	-0.20434782608695648	-243.05666666666667	0.7957706794390984

drug_315.txt	-0.0232651023464803	0.9666316636539496	0.6470490589587568	1.1099800097418255	0.17830787492097183	0.019130434782608695	116.28333333333333	2.4034835387661473

drug_316.txt	-1.23210184722916	0.4415927981757992	0.43678919240273895	0.8222322875054798	0.0966502100899864	-0.08695652173913042	-60.06	2.6868449613786494

drug_317.txt	-1.23464802795806	0.6252729363905999	0.4240151009223103	0.7871731712469177	0.08115777900506578	-0.06869565217391303	-157.05333333333334	1.8593026519210718

drug_318.txt	-1.16674987518722	1.2657594924272075	0.4697860749218562	0.8904210649477888	0.22802234011096068	0.03913043478260869	-76.06333333333333	1.4770510549844407

drug_319.txt	0.280179730404393	2.393587605978607	0.7519478120221719	1.3420930012124876	0.34468232878854843	0.4382608695652173	126.27666666666667	4.915308802713021

drug_32.txt	0.256265601597604	2.544103569244162	0.6422811250411022	1.1056768433562683	0.33610114678774805	0.49532508237690587	-91.49333333333334	2.0438744445229884

drug_320.txt	1.17698452321518	-2.2524287347689507	-0.2932748211681745	-0.42490962568868157	-0.2785981228757159	-0.08869565217391304	-38.836666666666666	1.1782354054503545

drug_321.txt	1.42176734897654	-1.2199345421614896	-0.1829032229548252	-0.25906246888662454	-0.10733156482347272	0.23130434782608694	-112.39666666666666	1.266716803444305

drug_322.txt	0.343035446829755	-1.1438011077215577	-0.17381238750435982	-0.10801991904329522	-0.13794923005008783	0.09652173913043478	-309.22	-0.08627308392639717

drug_323.txt	0.148227658512232	-2.1195857237176496	-0.16526331509423864	-0.16321289052583965	-0.15041552344447778	0.32347826086956516	-109.49	1.649759204755183

drug_324.txt	0.326360459311033	-2.1195730609088312	-0.18270648049143345	-0.11014842756069065	-0.15761723459960225	0.18521739130434778	-198.62333333333333	0.7606916383304966

drug_325.txt	1.42516225661508	-2.1616074250334103	-0.09261248615800327	-0.22364657683214617	-0.11901628041163054	0.18173913043478263	63.67666666666667	2.1183161674628703

drug_326.txt	1.40259610584124	-2.173436592848027	-0.172088052220168	-0.22550205910797871	-0.17958498814639087	0.14260869565217388	-70.94333333333333	4.644401448339165

drug_327.txt	0.252970544183724	-2.177949490210972	-0.1082063027156342	-0.034437917002066665	-0.20558105329533077	0.17043478260869566	6.01	3.5002248591306286

drug_328.txt	0.0812780828756864	-2.1645237791121192	-0.2786983059163538	-0.4142743355391852	-0.211554773479975	-0.09871711474939213	-95.25333333333333	1.9781906470786943

drug_329.txt	0.172790813779331	1.1805550709320167	-0.17235848485490707	-0.17687175217490891	-0.10681310848279517	0.27391304347826084	-171.76333333333332	3.327874244247392

drug_33.txt	0.318122815776335	0.47898506499396565	0.5994176779432518	1.326588946613631	0.4030308393882751	0.5683844448346057	-127.54666666666667	0.9971641062233263

drug_330.txt	-0.071392910634049	-2.0742758352137343	-0.31584075393292077	-0.4658624178501412	-0.2981196365354938	-0.1869565217391304	-110.63	1.324406960990859

drug_331.txt	1.07264103844234	1.2053120312075365	0.06086126592284291	-0.013238237051482693	-0.07711830003627153	-0.020869565217391303	-124.89666666666666	0.9991284832518754

drug_332.txt	0.315876185721418	0.8550688463046242	-0.2062161004432811	-0.2754987358143942	-0.09270869286297923	0.16869565217391302	-369.3	-0.5266430731226598

drug_333.txt	0.319370943584623	-0.47912515081243934	-0.2647277947435217	-0.44989489590137544	-0.12844462913072238	0.1208695652173913	-352.00666666666666	0.23522651336732134

drug_334.txt	0.236944583125312	-1.0841371296003444	-0.29609704264286063	-0.3966995592324329	-0.18165088667354734	0.007392911677267252	-271.11	0.30513575621159345

drug_335.txt	0.260059910134798	-2.1977580313413867	-0.2848173517569063	-0.3074119566344956	-0.17302127549125257	0.25478260869565217	-176.14	1.8046871767414403

drug_336.txt	0.0798801797304044	-1.0324943632562251	-0.2739743321017706	-0.32970568999422883	-0.2523928220147388	-0.013043478260869565	-144.29666666666665	1.7061688774719828

drug_337.txt	0.245132301547679	-0.6603209105636568	-0.27121697991873495	-0.39616799713829065	-0.15693351378182338	0.13478260869565215	-352.47	0.7444885768609762

drug_338.txt	0.00169745381927111	-2.156014701135493	-0.21426020634714596	-0.3300608583777299	-0.26002654856898993	-0.050434782608695654	-140.75333333333333	0.7929395303150873

drug_339.txt	0.251722416375437	-2.187894076206521	-0.2131648156283873	-0.2408919781074076	-0.1218249956156641	0.29913043478260865	-148.12666666666667	1.4726016596663212

drug_34.txt	0.19335996005991	0.6226621442296194	0.6519677545805918	1.1868956476120176	0.30305271873534717	0.38660579300532866	-233.51	1.022156948311266

drug_340.txt	0.0707438841737394	-2.238691909554085	-0.28179082904203595	-0.41633947643400704	-0.2133558304463636	0.10086956521739131	-69.27	1.9035502508832756

drug_341.txt	-0.375287069395906	3.1890334557940934	-0.0952099258549994	-0.09591976918069706	-0.050672707521512345	-0.09043478260869564	-69.16666666666667	1.3407568687097378

drug_342.txt	0.119370943584623	-1.437746171425092	-0.07667970967083221	-0.0028872988526352783	0.15373087063279853	0.2295652173913043	-101.27333333333333	0.6717952268156652

drug_343.txt	-0.0974038941587618	-4.605170185988091	-0.13353479437376048	-0.20860844223064362	0.03170934190429163	0.013043478260869565	-45.72	1.143903906244492

drug_344.txt	0.0277084373439841	-0.7575684985415233	-0.2950304644814631	-0.4627466816374986	-0.2151349325285504	0.09043478260869564	-302.8466666666667	0.6361797783513667

drug_345.txt	0.0307039440838742	-0.8046586131198343	-0.5299515451512369	-0.8990815196245195	-0.32877028424389476	-0.1973913043478261	14.543333333333333	2.284456813126989

drug_346.txt	0.130404393409885	-2.1197219079785405	-0.2533951630705865	-0.39937987659806945	-0.18809878482034234	0.3069565217391304	-161.68	1.460289781393509

drug_347.txt	0.314827758362456	1.035390825214587	-0.22357913836268745	-0.2812438798545867	-0.177650244715848	0.054782608695652164	-220.7	1.3485206618006815

drug_348.txt	0.187568647029456	-1.1958099443936763	-0.28439861464290084	-0.5170380144010658	-0.19899904669208687	-0.11391304347826085	-393.3066666666667	-0.44372086592783483

drug_349.txt	0.115776335496755	0.6446327149556308	0.04765501051798676	0.21515883175569794	0.18658352743325493	0.23565217391304347	113.73	3.454426790536326

drug_35.txt	0.260059910134798	1.0587699029406332	0.6289313736704749	1.119784799129072	0.3003590626031197	0.3535551290363692	-255.98	1.0759284831779041

drug_350.txt	-1.18627059410884	-1.2452616304317388	-0.16787380326233953	-0.19531695681527483	-0.0725550626671259	-0.047826086956521734	-189.59333333333333	0.5347931921156177

drug_351.txt	1.28117823265102	-0.5497895881511042	-0.19142724680346573	-0.1843584674271349	-0.18483897243729677	0.047826086956521734	-107.89333333333333	0.6938831327174781

drug_352.txt	0.290114827758362	2.577125541818731	0.14769878262026495	0.3784095671815411	0.4256109815006141	0.3313043478260869	-112.41666666666667	1.8082116384830507

drug_353.txt	0.219670494258612	2.8999132389157025	-0.12228198963256537	0.0016198268247148429	0.13519378487186257	0.19826086956521738	-237.83333333333334	0.8938344969252574

drug_354.txt	-1.19580629056415	-1.2137993861909264	-0.24005961086087774	-0.2804343441861503	-0.2964263197052568	-0.2761469950038062	-179.77666666666667	0.5471161559436339

drug_355.txt	0.159311033449825	-1.783092141063328	-0.3189802534538051	-0.50422567926733	-0.3573138674986456	-0.2495652173913043	-274.0566666666667	0.6050710494362219

drug_356.txt	0.198402396405392	-0.1553847730159574	-0.6246219989651647	-0.9905089704336916	-0.3088854742981642	-0.36834095239090364	-568.0333333333333	-1.0500771966386149

drug_357.txt	-0.00164752870693963	-0.9301763494734312	-0.3021462379544505	-0.36523383357190536	-0.37770165785401977	-0.3521739130434782	-51.13	1.768229359797104

drug_358.txt	-0.0531702446330504	-1.2240064230415009	-0.02614313329753226	0.07562730099980947	-0.16452387403317126	-0.2008695652173913	164.95	2.0025207760155177

drug_359.txt	1.38771842236645	2.9348161007945386	-0.04583619068029446	0.04913872632678723	0.13334549727914957	0.10434782608695652	-266.75666666666666	0.8153207465500246

drug_36.txt	1.28527209186221	0.7422476612912617	0.6409319535474662	1.2000420541000199	0.35753300736536475	0.47358122450259044	-174.34666666666666	1.953996877027163

drug_360.txt	-1.2583125312032	-2.2614218278635403	-0.21817619862960524	-0.137985492847168	-0.4695366293331804	-0.46347826086956523	17.836666666666666	3.3183349716946813

drug_361.txt	1.07319021467798	-0.42086592796738104	-0.5645706396923196	-0.9473575384819206	-0.4062263605121957	-0.3643478260869565	20.86	3.4004607026828237

drug_362.txt	-0.0985521717423865	-1.3098275048875345	-0.1596205970016311	-0.26244462937999335	-0.23171884884837868	-0.23739130434782607	25.533333333333335	2.0418140712672654

drug_363.txt	0.242586120818772	-1.057701963282252	-0.27748096453683946	-0.29656024505979234	-0.2802785651497932	-0.08173913043478259	-186.84666666666666	1.2100159045539771

drug_364.txt	1.36874687968048	-2.690531822604302	-0.09589152395421771	-0.060864683768789785	0.16383571952274364	0.2721739130434782	-410.8833333333333	-0.20773650389704074

drug_365.txt	0.235147279081378	-2.184731392690453	-0.17526200996959712	-0.22693197269877152	-0.24413008660685961	-0.08782608695652173	-12.076666666666666	1.3638298647605576

drug_366.txt	-1.25446829755367	0.6383554109419749	0.04457381087872511	-0.006387140614869891	-0.08648788890674158	-0.32347826086956516	38.18	2.6673193481175836

drug_367.txt	0.364902646030954	2.858704759954115	-0.13634798241155516	-0.19913568348390628	-0.0995860205863707	-0.23913043478260865	-385.06333333333333	0.1196852576795542

drug_368.txt	0.277933100349476	-2.175518098914636	-0.33374160000221265	-0.5871321766677349	-0.25158244873684715	-0.3065883960278478	-309.6933333333333	0.43979226818492395

drug_369.txt	-0.0242636045931104	0.45295924349675887	0.34566080093206414	0.5863947693424508	-0.12904151689488502	-0.2713043478260869	-145.08333333333334	1.4986056355027164

drug_37.txt	0.26145781328008	0.9064887085419653	0.6561016137728228	1.231020084243535	0.3080540082874655	0.41530768539942503	-225.82333333333332	0.5420910989267466

drug_370.txt	0.342286570144783	-1.0243051915206602	-0.32812125246415513	-0.44211844069142525	-0.2229363223959123	-0.041739130434782605	-378.8333333333333	0.14786733458205062

drug_371.txt	-1.36470294558163	0.7729829970267185	0.3351349013677335	0.5813779923267213	-0.08764971022782053	-0.40434782608695646	-61.74	1.3733784907086812

drug_372.txt	0.23489765351972	2.909090679530892	-0.05188843036348714	-0.002702813530585213	-0.10982504942002624	-0.09217391304347824	-255.02333333333334	1.9542814670989892

drug_373.txt	-1.14857713429855	-0.8249198426858038	-0.14205813863691205	-0.11130416450054986	-0.22051269109886726	-0.14782608695652172	58.666666666666664	1.8414322202513844

drug_374.txt	0.317373939091363	-0.5232072103823109	-0.5214999509067668	-0.9825393881497408	-0.06888099101465633	0.054782608695652164	-524.64	-1.4037419898809296

drug_375.txt	0.331003494757863	-0.6623955171111535	-0.48704230517944413	-0.9349496048821604	-0.023109023436637004	0.01826086956521739	-432.75666666666666	-0.6370712199162467

drug_376.txt	0.130254618072891	3.2766440314923884	-0.0954178890052583	-0.03705860596276578	0.08401493455457447	-0.04	-407.12666666666667	-0.38138331807730197

drug_377.txt	0.218372441337993	0.9325375777920335	-0.03015048319131372	0.08012243569433408	0.2829403435846811	0.2269565217391304	-269.04	0.3416295648490104

drug_378.txt	-1.12246630054918	-1.4829904788910484	-0.1280474305766288	-0.01949348083616753	-0.3189175413113775	-0.2121739130434782	-54.50666666666667	1.308006654498658

drug_379.txt	-1.26964553170245	0.6536623704671676	0.526396525890172	1.0054448018279645	0.027744244481141246	-0.15652173913043477	-245.26333333333332	0.5005282157682592

drug_38.txt	0.297154268597104	0.4422140157820147	0.5509036466518076	1.0484703336515704	0.35052530077004124	0.41269842245450716	-287.67	0.7019189070796428

drug_380.txt	-0.9654518222666	-1.0227341192812163	0.0945523474481868	0.07314670374334875	0.07971154254682429	-0.4017391304347826	-215.69666666666666	1.0727169077009766

drug_381.txt	-1.06335496754868	0.7693570202576553	0.5151087866723083	0.8656676225972122	0.20224078296539755	-0.03217391304347826	-57.21666666666667	1.2815207565122206

drug_382.txt	0.0623065401897154	0.6741081545603146	0.5096908297165323	0.7664718913373928	0.17324745179182494	0.11478260869565216	-87.30666666666667	1.6539955326121234

drug_383.txt	-1.16290564153769	0.09089485006621356	0.7146944840612441	1.3098775138087875	0.24960744489440495	0.05652173913043478	-27.333333333333332	3.244222799315154

drug_384.txt	-1.37673489765352	0.4499721895574743	0.47701922780727846	0.9062638248107766	0.10799187153239924	0.02869565217391304	35.22	2.972422162641644

drug_385.txt	0.0904643035446829	-0.8606961955814197	0.5599299824340883	1.1246106018210074	0.15970182216579043	0.047826086956521734	-3.59	2.323670824280614

drug_386.txt	-1.25676485272092	-0.9346826585048542	0.14005861261242256	0.1544348756509492	-0.0039151789234069465	-0.2817391304347826	-126.77333333333333	1.9650126635964176

drug_387.txt	-1.3973040439341	0.4879701172049907	0.4271296779002277	0.842256959827362	0.08092861067543156	-0.020869565217391303	-44.49	1.0531889747056193

drug_388.txt	-1.3418372441338	0.365076867114164	0.5597539469585842	1.0916512329911927	0.17717703845545005	0.12	-3.81	3.578316286252805

drug_389.txt	-0.064386753203528	0.5687757118824702	0.5959294704938282	1.067173560390493	0.27438474147963676	0.22347826086956518	28.233333333333334	1.6216746794113632

drug_39.txt	0.185571642536196	0.5994777625991098	0.6526148310008045	1.2552617326188045	0.3213120387317697	0.3726897239657667	-253.19666666666666	0.8191294879200904

drug_390.txt	-1.24038941587619	-0.6497541287013048	0.10576691900957394	0.046783926987473246	-0.0696534451275562	-0.24608695652173912	-174.69666666666666	1.474196899184431

drug_391.txt	-0.140039940089865	0.6185020869691645	0.6276219590875947	1.0657530735785379	0.15676284532587786	0.03217391304347826	-96.37333333333333	1.7903054090628667

drug_392.txt	-0.226260609086371	0.9679413682488078	0.6634880728859519	1.0236250193420429	0.30729176824113535	0.29739130434782607	-151.86666666666667	6.445605712549998

drug_393.txt	0.0762356465302046	2.372515096138665	0.12722453117407	0.10816412003544884	0.25637656024899114	-0.02608695652173913	-395.11333333333334	-0.2945750874455115

drug_394.txt	-1.26704942586121	0.4343526887011683	0.7644265309635645	1.3516994066161132	0.3653377181017819	0.3208695652173913	-240.63666666666666	1.0756695739288813

drug_395.txt	0.0462306540189716	0.8820422067975728	0.5296520708017067	0.8412037206237835	0.18449484518944365	0.07652173913043478	177.60333333333332	2.26127510708231

drug_396.txt	-1.27358961557664	0.5590242555026066	0.47222998629180263	1.0304545508236356	0.07914091185144788	-0.019130434782608695	14.786666666666667	2.179198977408885

drug_397.txt	1.00619071392911	0.8581025810956013	0.5658513479189744	0.9200220895606381	0.19801693780062368	-0.027826086956521737	-44.96666666666667	1.4631745805248202

drug_398.txt	-1.40848726909636	0.32213326559193817	0.5807304518097027	1.0920066286234653	0.14360445165695007	-0.0017391304347826085	29.973333333333333	2.2026340383023504

drug_399.txt	-1.15307039440839	0.6441411667332767	0.4709805773617298	0.7868721198467681	0.19968918086966148	-0.04521739130434782	54.20333333333333	2.402330974114582

drug_4.txt	0.240489266100849	0.6883061643090238	0.4765685925976234	1.0210930729229148	0.28754102513082214	0.17130434782608694	-176.62666666666667	1.2712801807110283

drug_40.txt	0.26510234648028	0.23717911079065768	0.7022048451591871	1.2113022547644752	0.4141588646830027	0.5779517422993046	-91.65	1.2997807166674746

drug_400.txt	-0.22026959560659	1.0092879537219543	0.2415585182173557	0.2558136874585264	0.15890229631957198	-0.27999999999999997	-205.37333333333333	0.3035770720565092

drug_401.txt	1.27603594608088	0.5163122496021864	0.59869868671991	1.269324419106748	0.36533023893512845	0.33304347826086955	110.04333333333334	1.5411377699657955

drug_402.txt	0.309335996005991	1.107121897859512	0.608702636255529	0.9913594564688416	0.4047128518717199	0.5304347826086956	-75.79666666666667	3.465970076902599

drug_403.txt	-1.33619570644034	0.4492282921706766	0.524648239105338	0.9467460857728257	0.054509562167753024	-0.1878260869565217	40.50333333333333	1.9282665751335992

drug_404.txt	1.0892161757364	0.4717255419046181	0.5944159748580631	1.0266711593172484	0.3080022618245941	0.368695652173913	-81.82666666666667	1.283838596816565

drug_405.txt	1.33384922616076	0.21447884183268304	0.5268823795761115	1.2230633652796303	0.41568258026351335	0.3756521739130434	215.15	5.084113687231484

drug_406.txt	-1.32071892161757	0.29324430527017337	0.5941648319836286	1.0975017858023166	0.27075524676137874	0.24260869565217388	158.59666666666666	2.278363894829324

drug_407.txt	-1.11357963055417	-0.5954113793607674	-0.27376145277433095	-0.5244065444804953	-0.3262078453741395	-0.28049576657866926	-256.6566666666667	0.6898888928174076

drug_408.txt	-0.153220169745382	-1.1753330624190272	-0.06593391699640333	-0.089210747853674	-0.2735706254088808	-0.10521739130434782	-231.61666666666667	1.3820009083843825

drug_409.txt	-1.11512730903645	-0.782480660127099	-0.14495055575311488	0.18535482897567446	-0.246842835979398	-0.021739130434782605	61.36666666666667	2.5640398238000057

drug_41.txt	0.24153769345981	0.8618911569696055	0.693560401348141	1.3115371049092395	0.3701585779245938	0.577081987984332	-50.60666666666667	1.8924097913536055

drug_410.txt	-1.35696455317024	-0.7332544514284711	-0.13640692242994135	0.1934147593590969	-0.26868884691613093	-0.025217391304347827	-57.36666666666667	1.8878542181972449

drug_411.txt	1.42046929605592	-0.9409460887486134	-0.1524772074361791	-0.26281049924388855	-0.1899092462077472	0.19304347826086957	-139.75333333333333	1.5185946723887542

drug_412.txt	0.00229655516724914	-1.008583599959545	-0.18232602653786123	-0.030113482701159544	-0.22105290953551096	0.09913043478260869	-120.84666666666666	1.7455604328053023

drug_413.txt	1.16894658012981	-1.2661667708498514	-0.0646701424899987	0.1442102801771985	-0.1454187315607773	0.06782608695652173	-191.56333333333333	1.019522162247028

drug_414.txt	1.06886337160925	2.392750582096815	0.2451715976447148	0.6270536792948247	0.3211639223711567	0.40086956521739125	-23.266666666666666	2.490258421380548

drug_415.txt	0.074887668497254	-0.17397617238686763	-0.6792877019877028	-1.1940675297831778	-0.3643543446426747	-0.35478260869565215	-538.1666666666666	-1.3446222219930375

drug_416.txt	1.21962056914628	-2.1638882075619343	-0.15053861965746962	-0.14339501724031745	-0.19925010425499357	0.23478260869565212	-120.02666666666667	2.2231097977833763

drug_417.txt	0.309435846230654	-2.130069347985604	-0.31684790707254207	-0.4512301544199863	-0.2657703191707093	-0.0608695652173913	-461.14666666666665	-1.0054169391524108

drug_418.txt	1.43524712930604	-0.6564484724101667	-0.1286904201397756	-0.15811640520728565	-0.12618823651437078	0.25565217391304346	-187.27333333333334	1.008946732731324

drug_419.txt	0.236245631552671	-2.176838136414152	-0.1904477527345142	-0.3446489594479294	-0.19601467902719447	0.17217391304347823	-146.67666666666668	1.2880140265060873

drug_42.txt	1.36415376934598	0.873528065175462	0.7317643507142939	1.2190545744903805	0.31749008055828776	0.5335942722357011	-116.67333333333333	0.9711848604134785

drug_420.txt	-1.26515227159261	-0.6260838503960586	-0.26182775469918296	-0.5200433130056394	-0.2917702230233814	-0.08347826086956521	-92.51	1.51185030651592

drug_421.txt	-1.21472790813779	-0.9802474176971879	-0.0632683072592517	0.028541312611411462	-0.21202996902603727	0.06521739130434781	81.63	4.195556092942459

drug_422.txt	-1.17693459810285	-1.981658149907848	-0.13459112237805898	-0.12828796671795029	-0.2996627784401632	-0.07652173913043478	50.60666666666667	2.521310630223715

drug_423.txt	0.134598102845731	-0.9068420831894843	-0.3217789990994664	-0.49706142947742893	-0.25375665199019937	0.046956521739130425	-185.89666666666668	1.8861557852513953

drug_424.txt	1.07843235147279	-0.2981157553557312	-0.603793895951914	-0.9896963003746426	-0.2179437451965087	-0.1060869565217391	-405.05333333333334	-1.6375320561408098

drug_425.txt	-1.30574138791812	-0.905337552604531	-0.24079519426119744	-0.30358706704648725	-0.3964651108055816	-0.36399218081604057	12.803333333333333	2.6683540997313626

drug_426.txt	-1.18282576135796	-2.369935459182503	-0.0974922245552951	-0.043220807824346896	-0.30268532586232755	-0.2939130434782608	147.17333333333335	3.1467850460001645

drug_427.txt	-0.173290064902646	-0.41199660131659693	-0.2775777265588527	-0.41022674727330155	-0.27332571554849794	-0.1443478260869565	-357.3	0.05595240359416043

drug_428.txt	-1.05861208187718	-1.0097473762979616	-0.22227893279577746	-0.2783566370769481	-0.2870252832700734	-0.08	-206.36	2.2323463775767918

drug_429.txt	-0.0363454817773339	-3.1367269619767555	0.030550714712304583	-0.002624526277674455	0.0647387695429093	0.2008695652173913	-427.15	-1.2904200635377179

drug_43.txt	0.0747378931602596	0.8916047820025762	0.6441332322252696	1.1113158800677394	0.27624131805050695	0.3944335818400822	-54.26	1.9895524617220381

drug_430.txt	-1.21203195207189	-0.5440176759938513	-0.1818770931883442	-0.2537067158714951	-0.35810233506485806	-0.2770167493187788	-184.91	1.1360148237105392

drug_431.txt	1.06724912631053	-0.9880169438827732	-0.14841502772063414	-0.1469788206950673	-0.25150769076334006	0.0017391304347826085	-179.95	1.5665729571040012

drug_432.txt	1.46185721417873	-2.045213076114922	-0.07555066491076023	-0.002737000883708318	-0.137211449435455	0.2695652173913043	-177.15666666666667	1.0746491986009858

drug_433.txt	1.31792311532701	0.5583058212135776	0.5903406076883286	0.9895509096558976	0.16012955230862724	0.5530434782608695	73.8	3.109067781504531

drug_434.txt	0.0746380429355966	-0.8510008540946914	-0.5745870617656899	-1.082475087583513	-0.25297714355106643	-0.03739130434782608	-116.04333333333334	0.8003521255324985

drug_435.txt	0.00535862872358139	-0.9656042322525742	0.007577841836007071	0.1808622005166684	0.1161861888360733	0.2052173913043478	-132.88333333333333	2.968772758298539

drug_436.txt	-1.31273090364453	-0.7125096485985134	-0.1042551789513389	0.05532434689500576	-0.37649277762494976	-0.27999999999999997	-229.88333333333333	0.7879070557143245

drug_437.txt	1.2007988017973	0.6739188978165451	0.12438732492188298	0.16578634799637004	0.12305215624698197	0.06434782608695652	-310.99666666666667	0.22967584325244422

drug_438.txt	0.115876185721418	0.8200233165398165	0.4139001017454625	0.7572117218360432	0.09932258528293374	-0.07217391304347825	-197.96333333333334	0.7335396495008424

drug_439.txt	1.02471293060409	0.8719526041976832	0.4338276729862965	0.8829044514464942	0.20289819753141997	0.07043478260869565	-270.39666666666665	-0.17390592706321997

drug_44.txt	1.26435346979531	0.9051910479785763	0.6581987799280636	1.2458199133374637	0.3851479589407586	0.5692541991495784	-143.48	1.5391465411892822

drug_440.txt	0.0614578132800798	0.9353785078251845	0.4453368550363663	0.7761104599064375	0.05401405330287287	-0.13217391304347825	-213.36	0.5196183199821593

drug_441.txt	-1.02426360459311	0.8636763863384964	0.5173542808546138	0.9386600707645514	-0.07317253856610414	-0.41913043478260864	-149.63666666666666	1.1085383707266552

drug_442.txt	1.23290064902646	0.3545564017217788	0.418668773099396	0.7835420379123583	0.22699544783801262	0.16173913043478258	-140.36	3.086443055838158

drug_443.txt	1.31357963055417	0.8063177617904707	-0.001060764522727381	-0.10148789273193465	0.12534944524662886	-0.013913043478260868	-460.3566666666667	-0.4813338511107908

drug_444.txt	1.19750374438342	0.631423042722099	0.040905049322249754	-0.013851169830157994	0.056866442045030025	-0.10173913043478258	-362.38	0.7193465640155143

drug_445.txt	1.0992011982027	0.7936725440708701	-0.03261962809105756	-0.1485436918349573	-0.02364059485244473	-0.1434782608695652	-411.74	-0.7078340511350766

drug_446.txt	-0.984789482443002	1.087939463888072	0.08898524259668622	0.011587820183637354	-0.12880977759397227	-0.2817391304347826	-380.9166666666667	-0.15849797711822908

drug_447.txt	1.05566650024963	0.4441190641888608	0.40905458184429455	0.8175793448338537	0.33503222096695695	0.2417391304347826	-165.93666666666667	1.6641552547666119

drug_448.txt	1.20993509735397	1.2426702638744183	0.1373994944604511	0.16047278844522833	0.23501494708315085	0.13304347826086957	-243.1	0.055809938244991766

drug_449.txt	1.17076052587785	0.918932707476402	0.4791768898135388	0.9668348094008989	0.3900619025927127	0.3217391304347825	-157.10666666666665	0.6345338457430725

drug_45.txt	0.225411882176735	0.9584507296604545	0.6111497441148652	1.223830163894242	0.33272670165649953	0.451837366628275	-82.62666666666667	1.9416890618841718

drug_450.txt	-0.0306373772674322	0.5085664056663994	0.592702077863799	1.0263605244609102	0.3733191378299256	0.4556521739130434	-136.26666666666668	0.5996474004127245

drug_451.txt	1.09975037443834	1.1462129934474803	0.5184370787769705	1.037504782775542	0.4037824166859379	0.39652173913043476	-132.79333333333332	1.7014632706152226

drug_452.txt	1.3790813779331	0.4568948234022009	0.3308334428260743	0.9076718900907594	0.27411047453707993	0.2008695652173913	-100.19	2.1438935237634724

drug_453.txt	1.29031452820769	2.2794913423595173	0.13085168509587947	0.08724745573913034	0.3111803046098507	0.1643478260869565	-181.21	1.147846876211777

drug_454.txt	0.0248627059410883	0.7857627364276647	0.08916976627450574	0.08482893567560745	0.20256813005499597	0.13130434782608694	-513.74	-0.3572994798834675

drug_455.txt	1.04053919121318	2.2056819579267457	0.49513325570463795	0.9267991543503985	0.3446799224664395	0.3173913043478261	-387.29	0.01957218688679515

drug_456.txt	1.04010650690631	0.8296699858532148	0.5984338222008773	1.126076017583734	0.40553069705064865	0.4782608695652173	-94.03666666666666	1.3903359573211196

drug_457.txt	1.07763354967549	2.2196367544307685	0.12307090241286703	0.13068657752027973	0.31191571044868877	0.1869565217391304	-556.7	-1.2631750225719918

drug_458.txt	1.17358961557663	0.4516845630841427	0.12468033111438268	0.10964518321267802	0.3241486981482513	0.19130434782608693	-475.7966666666667	-0.8614764482646392

drug_459.txt	1.06185721417873	0.8073957467935482	0.5167631981641084	0.9550621970589269	0.35054609545330545	0.21478260869565213	-526.5433333333333	-0.8029490991061647

drug_46.txt	1.281777333999	1.076301625123289	0.528308041729357	1.0101220455013822	0.3290927977852949	0.48575778491220706	-48.61666666666667	2.403392829520398

drug_460.txt	1.05416874687968	0.8240658055141084	0.06260782703323056	0.04747374824712486	0.2696367563827543	0.15652173913043477	-444.8466666666667	-0.572481101945566

drug_461.txt	1.08871692461308	0.6832438238806935	0.045289142606102284	-0.0021854165014162374	0.164899782894407	0.07826086956521738	-425.23	-0.3161987358373069

drug_462.txt	1.26385421867199	2.5757457466010703	0.2305633838341838	0.2799676737813322	0.3300829956554693	0.2226086956521739	-254.05666666666667	0.4614488875962877

drug_463.txt	1.16065901148278	0.5753401675883105	0.04949012673184208	0.005657091430078198	0.2741061854655717	0.14608695652173911	-434.0933333333333	-0.7396193938865927

drug_464.txt	1.11587618572142	0.534800370011412	0.1157061840414918	0.1226460931839139	0.27025281089376385	0.11478260869565216	-391.29333333333335	-0.6432798604616317

drug_465.txt	1.26585122316525	0.4948226550944776	0.5888012729175659	1.1102681361025524	0.47899159300392463	0.47130434782608693	-68.22666666666667	2.6109424091365536

drug_466.txt	-1.38092860708937	0.16472936212305614	0.6389113420319258	1.2006552439789877	0.21275846951029342	0.19652173913043475	110.12666666666667	2.1597394230057496

drug_467.txt	-0.135629888500582	0.43415727087673517	0.5248961193014156	1.0889242200695748	0.3661536013578311	0.37043478260869556	213.21	3.7622859751772246

drug_468.txt	0.198152770843734	0.4975553549535624	0.6408666040858246	1.3733061094772867	0.3307934574777053	0.3060869565217391	91.19666666666667	1.9655263527721423

drug_469.txt	0.200599101347978	0.9962098322999672	0.5565258785506887	0.9683811380091123	0.27568780450690766	0.1269565217391304	-251.33333333333334	1.33405754813572

drug_47.txt	0.233150274588118	1.4443234313706825	0.545433143737034	1.136752404682606	0.33541249205657736	0.4240052285491512	50.32	2.1896449808216336

drug_470.txt	0.0116325511732401	0.9502291446021738	0.20179027775395114	0.2330580688668683	0.10428246326122018	-0.13565217391304346	-167.81666666666666	0.40696803528309217

drug_471.txt	-0.0331502745881178	0.8306359900617677	0.5891853861569186	0.9887272571700554	0.11892426813570389	-0.03043478260869565	-201.61333333333334	0.9574357237375352

drug_472.txt	1.42446330504244	0.35497506098065323	0.7267952816183334	1.4474492805010288	0.546559011887998	0.617391304347826	191.46666666666667	3.1683119718394286

drug_473.txt	-1.58487269096355	0.01314117964847708	0.7160529124677104	1.2753125874596587	0.2761767757806482	0.24260869565217388	-39.93666666666667	3.2979287848819636

drug_474.txt	-1.41103344982526	0.4897135994566576	0.5310539134566451	0.9193040044339154	0.213010600758004	0.2226086956521739	90.82	3.606913181721695

drug_475.txt	-1.40524213679481	0.6524474385227529	0.5292097962247861	0.9698211466941931	0.07928570868244847	-0.09913043478260869	36.31	2.181947112838778

drug_476.txt	-1.47388916625062	0.4446591769386981	0.49296730985767245	1.0118760019428688	0.23515751508214489	0.2208695652173913	158.28666666666666	3.9378549180870066

drug_477.txt	-1.50474288567149	0.39915119084306955	0.436451617512498	0.8276374162863787	0.15972178207745266	0.11217391304347826	172.77333333333334	4.347316167023186

drug_478.txt	-1.48342486270594	0.5427692098739223	0.4212488451249091	0.7756368996215545	0.08686374252744908	-0.007826086956521738	198.23666666666668	2.889643121126032

drug_479.txt	-1.51248127808288	0.44979623756722575	0.4433638930921314	0.934458168704605	0.17731945132112703	0.15130434782608695	160.94666666666666	4.262529561559697

drug_48.txt	0.343784323514728	0.7482410780239641	0.5934231683352212	1.0570910404642309	0.39488417661723163	0.41130434782608694	-63.59	1.5452193834784875

drug_480.txt	-1.37973040439341	0.19410437380413745	0.6962989792103622	1.237394891982964	0.3024536446561437	0.29913043478260865	233.53666666666666	4.152071134403829

drug_481.txt	-0.0196704942586121	0.25044566213734676	0.7537752089578018	1.345556856163779	0.23388063637866696	0.2434782608695652	97.69333333333333	3.55842519362059

drug_482.txt	-1.43270094857713	0.2189501179726936	0.661336675064611	1.3244131205853922	0.2956943210458576	0.2069565217391304	106.11666666666666	2.802676122422928

drug_483.txt	-1.43499750374438	0.19922768498655524	0.6290144231118111	1.210336070508113	0.3275219291076062	0.2843478260869565	187.22666666666666	5.975770890443858

drug_484.txt	-0.101730737227492	0.1776401073556234	0.6434545245604051	1.1657944469432349	0.26318973217479097	0.19913043478260867	9.82	2.106248913830662

drug_485.txt	-1.29101347978033	0.4010310082672157	0.6490383452370359	1.1712630586559207	0.22297303754405176	0.08347826086956521	32.736666666666665	1.9402590304764766

drug_486.txt	1.29370943584623	0.5322084474641033	0.6004986343770773	1.2316685845535271	0.23301543521236887	-0.01652173913043478	226.33333333333334	3.339421154859069

drug_487.txt	0.0152770843734399	0.528677067740516	0.638871278270848	1.26129488797587	0.30609879268976375	0.24086956521739128	91.63666666666667	2.979299056665548

drug_488.txt	-0.101897154268597	0.42491925855756135	0.5945050553272151	1.0828864491467982	0.3038297689375224	0.2052173913043478	177.76333333333332	4.511083956890833

drug_489.txt	-0.0386420369445831	0.36451168924201804	0.6608926614036025	1.1286715467413675	0.2946217785079342	0.15565217391304348	145.43333333333334	3.0481255708594186

drug_49.txt	0.361907139291063	0.48533395263478907	0.6292397223226784	0.9810001143327297	0.4651643835956809	0.5382608695652172	-74.26666666666667	1.784870696549807

drug_490.txt	0.268047928107838	0.46235085967005396	0.7232925441789227	1.2075276309477814	0.2075407743570862	0.2008695652173913	2.1633333333333336	2.5699210652310347

drug_491.txt	0.1172740888667	0.279481627277704	0.6887866232869467	1.2664027539183023	0.29150764695940706	0.16695652173913042	32.77333333333333	2.3119178437664

drug_492.txt	0.203844233649526	0.8081960160138306	0.49990645295103503	0.8377083280106389	0.29281566653706154	0.25217391304347825	-57.373333333333335	1.3053067751900749

drug_493.txt	0.047279081377933	0.25045848648985286	0.6109255155974945	1.05164483181585	0.2861282957246927	0.16173913043478258	51.88333333333333	2.0027127657428454

drug_494.txt	0.111682476285572	0.5595524440988633	0.5116252344959715	1.2236619262335062	0.3781572172408888	0.41739130434782606	148.02333333333334	2.0398493920150127

drug_495.txt	0.121817274088867	0.5253759110713627	0.6671241486211077	1.080276766360429	0.28138594697171365	0.13826086956521738	9.43	1.630626167290611

drug_496.txt	0.0162755866200699	0.2030230982915502	0.6913851536120803	1.3084992369345263	0.30699193181481327	0.15739130434782608	60.873333333333335	2.010593590223618

drug_5.txt	1.23464802795806	0.8969403031652248	0.4646684335802215	0.8493094427582142	0.35386619744138836	0.24695652173913044	-255.03666666666666	1.6766737429396523

drug_50.txt	0.317923115327009	0.39232063913707493	0.552377942326457	1.0907999854244772	0.44176865481022803	0.4660869565217391	-45.556666666666665	3.3167333026451424

drug_51.txt	0.269395906140789	1.0369372182085523	0.634183125899993	1.1416385884288325	0.42579784966745543	0.43652173913043474	3.2133333333333334	2.665396798689759

drug_52.txt	1.38781827259111	1.0234957647758476	0.47335083313588444	0.8369285977433734	0.40846253790399545	0.4060869565217391	-79.83	1.9787179705540696

drug_53.txt	1.32046929605592	0.5644576326337241	0.4621463017323686	0.799620574596431	0.42356988929212636	0.46347826086956523	-161.05333333333334	1.4094965813440135

drug_54.txt	0.404143784323515	0.37032025447833133	0.684188745351702	1.4506008780746398	0.5288892163639378	0.5817391304347826	-115.77666666666667	1.0023809368039207

drug_55.txt	0.359910134797803	0.21804400691634135	0.7004478263314108	1.20107665268163	0.4601879031556863	0.508695652173913	-86.14666666666666	2.2992715472118794

drug_56.txt	0.27408886669995	0.4998864067565654	0.07539171116564353	0.07395834097496007	0.1530011224192912	-0.007826086956521738	-403.86333333333334	-0.5827965805012901

drug_57.txt	0.401148277583624	0.22982687189565004	0.5981993008068569	1.1496767291109762	0.3369106431507647	0.49478260869565216	-232.87333333333333	1.133508354053285

drug_58.txt	0.349425861208188	0.4053337011975849	0.6484371660563046	1.1359428504795335	0.31802091391251286	0.4869565217391304	-153.6	1.9397418534674185

drug_59.txt	0.392611083374938	0.6733608928664492	0.5671304702892657	1.015384332290632	0.3989189100513695	0.4417391304347826	-112.63666666666667	2.1387728837651636

drug_6.txt	0.24118821767349	0.9237249661842479	0.5208944121671153	0.9000518361329155	0.2893797943915676	0.15130434782608695	-199.53666666666666	1.3397119514017932

drug_60.txt	1.45027458811782	0.2481779061160695	0.6485584724003726	1.1864917985724168	0.5306233674592451	0.646086956521739	-109.32	1.8723641961084707

drug_61.txt	0.388617074388417	0.8130468709836975	0.6287976676267925	1.3533769993010554	0.47092939897174446	0.5182608695652173	-131.75	2.382636101530428

drug_62.txt	1.42016974538193	1.1863909291130543	0.6248738689618394	1.1762600831710186	0.4886366975239922	0.5391304347826086	-240.05666666666667	2.3365669439181644

drug_63.txt	0.162905641537693	0.9159714902261314	0.6484103855452767	1.215525119480145	0.2548672195908552	0.47130434782608693	-59.666666666666664	2.701493452254125

drug_64.txt	0.314378432351473	2.4667889554029374	0.6403187672525049	1.1156364053775207	0.3557195087909297	0.2721739130434782	-281.47	0.3965005921680928

drug_65.txt	0.0888666999500749	-0.6520200198156619	0.538016059996273	0.9527962109716421	0.30474084356580156	0.25652173913043474	-115.2	1.2227965329526156

drug_66.txt	-1.33379930104843	0.5934013614457376	0.5215732906393488	0.8524645927445076	0.17176495083268056	0.042608695652173914	-105.1	0.9294808306900665

drug_67.txt	0.273939091362956	0.6270951555758835	0.6118604423833445	0.9998079616775039	0.3461408683520837	0.17304347826086955	-225.42	0.9204059226084754

drug_68.txt	0.200798801797304	0.6836871503242274	0.6453625901311192	1.0159427703737518	0.22784830199587888	0.19565217391304346	-5.06	2.525802994505584

drug_69.txt	0.176635047428857	0.6304931669803939	0.6283605027267902	1.117725505030755	0.23200526834912716	0.3008695652173913	54.126666666666665	3.6382021984484045

drug_7.txt	0.23789316025961	0.5683345611314444	0.4500078875479992	1.0344417432445951	0.24124323673343695	0.17391304347826084	-199.69333333333333	1.1384067693912987

drug_70.txt	0.368696954568148	0.7179210286036888	0.6982046334251173	1.2512594869011555	0.4567430601184722	0.3947826086956522	-38.82	2.1064052344743796

drug_71.txt	0.384623065401897	0.6646522563945697	0.6622145265362891	1.343806673538761	0.49036162726892957	0.4669565217391304	34.32333333333333	3.2953693455746964

drug_72.txt	1.39605591612581	0.785881945811419	0.623120816443181	1.2583229237464548	0.4404440137624855	0.39826086956521733	-16.5	1.9489043470099665

drug_73.txt	1.4071392910634	0.6994865526915188	0.6316882547799716	1.3174147702725727	0.45240593205672675	0.37652173913043474	-0.7833333333333333	2.055995072557817

drug_74.txt	0.327159261108337	0.49614225699642367	0.6334511242089154	1.1664710356910417	0.3380791900388189	0.2695652173913043	-17.073333333333334	2.0464672879986425

drug_75.txt	0.327808287568647	0.49497812335034996	0.6725832198614619	1.3650516634286556	0.3613392500365569	0.25130434782608696	-138.13333333333333	1.7000418777533948

drug_76.txt	0.308187718422366	0.5493907731097682	0.7017098069066061	1.4632286961781542	0.28122570768043537	0.2478260869565217	-36.3	2.4267594436538817

drug_77.txt	0.350773839241138	0.49889568980623034	0.5103284407284279	0.8544012480873935	0.2782005887786319	0.12956521739130433	-205.65	1.0707697959855023

drug_78.txt	0.294208686969546	0.34283255852974526	0.6025543606344176	1.083671123251144	0.19291962980412097	0.15217391304347824	-217.75666666666666	1.126176697982317

drug_79.txt	1.43364952571143	0.9273728872011975	0.45010766322902585	0.828414032794961	0.26316195873399406	0.1391304347826087	-407.68666666666667	-0.35086308858216003

drug_8.txt	0.247928107838243	0.674942339575895	0.48968022395347244	0.9232203110032419	0.2776616596055057	0.15565217391304348	-155.89333333333335	1.812438971332162

drug_80.txt	0.338691962056915	0.6591878372738574	0.5648834725973962	1.0221226763376443	0.33535135437821156	0.22869565217391302	-297.29	0.7392309355501704

drug_81.txt	0.356315526709935	2.5902121862985763	0.6269720085184122	1.1693513646965452	0.3508342110655938	0.36	-223.84	1.2329275947168625

drug_82.txt	0.189266100848727	0.9180856854923627	0.5952518437733584	0.9535245778045849	0.23264648704978014	0.2843478260869565	-156.26	1.7211263046120062

drug_83.txt	-0.0152770843734398	2.1400506495525584	0.5036790769725812	0.8895837870068901	0.3155131890080186	0.1469565217391304	-407.38	0.0816068383550577

drug_84.txt	-1.17383924113829	2.4321951983203105	0.5721310929176135	0.9670154536927021	0.24913790186137064	0.05391304347826086	-427.0933333333333	-0.6723749356393087

drug_85.txt	1.22576135796306	2.413774313161945	0.5772245513224561	0.9729936239347542	0.32147687863819735	0.2713043478260869	-148.02	1.6490617729986565

drug_86.txt	0.267898152770844	0.9426661192025674	0.5802877758662867	1.0296534757179368	0.3026983336199322	0.23043478260869563	-305.3666666666667	0.2655925646878675

drug_87.txt	1.37468796804793	2.407017949529029	0.6601327737727147	1.0791735756843475	0.35872445553320265	0.4391304347826086	-259.26666666666665	0.9162172366570125

drug_88.txt	1.24782825761358	0.9314826190195422	0.6247844691098287	0.9873577551736759	0.2853578899509842	0.12782608695652173	-36.88666666666666	2.0006430508836717

drug_89.txt	1.45921118322516	0.8635460649072801	0.6082127668843618	0.9544934775272811	0.33321310649840674	0.19913043478260867	-82.11333333333333	1.3157574971624217

drug_9.txt	1.34413379930105	0.905175832071445	0.4554306521136531	0.8548292034822456	0.13497585839262077	-0.09130434782608696	-299.63	0.18109632381627283

drug_90.txt	1.24058911632551	0.8891892183452504	0.6177235012586243	0.9358143318469478	0.19155948689398852	0.11652173913043477	-196.40333333333334	1.7670956286477117

drug_91.txt	1.34023964053919	0.9978180302878531	0.5768408761926684	0.9913851522792407	0.31970875219823547	0.27478260869565213	-204.26666666666668	2.2018978970880974

drug_92.txt	1.37863205192212	0.9608093348355216	0.6482240268842313	0.9614333460765963	0.34579113614344015	0.37478260869565216	-347.75333333333333	0.3799678367573003

drug_93.txt	1.27438841737394	2.3908798941393234	0.5103920060249756	0.900834417866603	0.3979111645006996	0.6052173913043478	-438.82	0.0751736774888204

drug_94.txt	1.48092860708937	0.9791293759962415	0.5419134002849573	0.8326670726851119	0.4025638302118241	0.5469565217391303	-223.43333333333334	0.9462167370625579

drug_95.txt	1.40888666999501	1.068234391750885	0.6419945199050521	1.1769072211666771	0.37848108750415743	0.42173913043478256	148.74666666666667	3.52366047039904

drug_96.txt	0.181977034448328	0.9337366175906582	0.6737079810526064	1.0755956063229553	0.32723948982541007	0.3539130434782608	-251.30333333333334	0.77438343821482

drug_97.txt	0.0248127808287569	2.4451275173099947	0.5539840277077918	0.9331189004723266	0.31838974577464	0.2860869565217391	-100.4	2.890198026852258

drug_98.txt	-0.178781827259111	0.5017154254965573	0.578165978428425	0.9381878322259349	0.20548606050872037	0.03826086956521739	-211.90333333333334	0.7595661032964095

drug_99.txt	0.253419870194708	0.9425748719499633	0.514137232576778	0.7843965062431189	0.2885857125172245	0.18521739130434778	-201.97333333333333	1.3204950482592284

