	SScmap	SSfisher	SSlincs	SSlincs_Norm	SSpearson_corr	SSspearman_corr	SSzhang	SSzhang_Norm
drug_1.txt	1.12591113330005	-2.645971686801663	0.509583695259526	0.8217339354710465	0.5442812858906154	0.14481409344294088	451.32	-0.8232954582216766

drug_10.txt	1.53519720419371	-2.507552287639276	0.5921985256435618	0.8700240819662761	0.5626115554249957	0.2688125526154558	487.33	-0.6234914034109984

drug_100.txt	-0.317124313529705	-2.601851667517213	0.5759598863010129	0.8156708884233319	0.05348897765279027	0.22802445537630198	458.55	-0.30845581769262703

drug_101.txt	1.53794308537194	2.603028631721784	0.705193805390345	1.0766745485788296	0.4141275285563229	0.28111411865093716	690.4433333333334	1.480708980655286

drug_102.txt	1.32256615077384	2.7086964419135677	0.6046031751526041	0.9421842543525301	0.4390512679522607	0.34899926185456914	250.33666666666667	-1.312503085210715

drug_103.txt	0.184323514727908	-2.70173720135286	0.6968856421623333	1.0057623653692749	0.3767343298786334	0.14099222049985086	771.2466666666667	1.6367833858781984

drug_104.txt	-0.431702446330504	2.8245692893753844	0.5169773628742281	0.7431020403830917	0.04486711103453418	0.29939088797499197	255.04333333333332	-1.746988179990436

drug_105.txt	1.60429355966051	2.8447401933426706	0.7432788890734845	1.0690065705894098	0.4355415670438631	0.3429070054132175	578.2666666666667	0.41053717008081714

drug_106.txt	0.148277583624563	2.5540937935102983	0.006889230702577576	0.0863413245116097	0.42180880589941255	0.30374249971881445	366.03	-1.6088154533568997

drug_107.txt	1.27893160259611	2.486074549711607	0.5585719100698432	0.9127028911071924	0.5586308035645879	0.5117495410735328	620.96	0.5529007342218061

drug_108.txt	0.0760525877849891	2.5481039848896265	0.04696318043161618	0.16664738531882883	0.5498591939011976	0.4247173061970816	611.9566666666667	1.2522450436147916

drug_109.txt	0.198901647528707	2.608934321148752	0.031644676812703054	0.1438116990410886	0.572314916896662	0.5117495410735328	626.1733333333333	0.8876011146723948

drug_11.txt	1.14425029122982	-2.358226459546382	0.5694331108252759	0.8444070633119712	0.5224581668633592	0.06698565226987085	269.35333333333335	-2.2743841476154714

drug_110.txt	1.6126809785322	2.7004392880896906	0.2082170697037589	0.05712013179725656	-0.25909071665019084	0.20047836960118842	618.5833333333334	1.317096071122329

drug_111.txt	0.348127808287569	2.8916957748915784	0.19400584465201476	0.09854885139020131	0.010698983432141665	0.06392694215048741	597.7733333333333	1.9801424808830226

drug_112.txt	1.48252621068397	2.9068652554109757	0.11211311334099952	-0.03765243196004181	-0.033090064694419406	0.07958251981999453	524.3866666666667	-0.010631581635137853

drug_113.txt	1.59535696455317	2.7736315290513303	0.20562092657990427	0.026208620929851434	-0.34625909556983897	0.07958251981999453	529.72	1.1427447421232724

drug_114.txt	-0.103145282076885	2.7679183483946326	0.14981214295992074	0.017044393358249255	-0.2150642003557706	0.21052633570530843	601.19	0.43388950535715526

drug_115.txt	1.61987019470794	2.680854060678051	0.1308166799810993	0.022532170086761893	-0.2979752462285994	0.17529362249842828	636.4333333333333	1.5595795891202238

drug_116.txt	-6.65668164420152e-05	-2.6739731947132745	-0.03837031023741344	-0.35526155190214254	-0.3558060170854365	-0.1239669538760597	159.62333333333333	-1.6821637886976535

drug_117.txt	0.198502246630055	-2.440630423657554	-0.6105783146520365	-1.060823597287182	-0.2549102243298719	0.03175293906299073	263.03333333333336	-2.881769422701984

drug_118.txt	-0.411432850723914	-2.6176867614131476	-0.024891893283820188	-0.3195418859924655	-0.538801771236288	-0.04001740265472804	261.81666666666666	-1.112344537820357

drug_119.txt	1.23215177234149	-2.4145686231820487	-0.05382179911555918	-0.366549891895876	-0.17969589513503229	-0.0021748588399308722	224.81	-1.4935522526331817

drug_12.txt	1.44503245132302	-2.2357052805110276	0.5460490110961822	0.8152809061272653	0.7289048057905471	0.2448358396647919	54.06	-1.5320625707149678

drug_120.txt	1.41308037943085	-2.6322508362717123	0.12447097111661526	0.03815305113564438	0.09028485315039043	0.13002827008840637	340.02	-0.6758462415976225

drug_121.txt	-0.0446330504243634	2.8437830512376494	-0.5640110631165901	-0.9973363486051641	0.035671441307922734	0.1752554944669825	181.83666666666667	-1.87191307759035

drug_122.txt	1.61717423864204	0.008313622240614493	0.09225335885316588	-0.16557147926455584	-0.33997534423269793	-0.13875599398758964	373.7266666666667	-0.5564705019654338

drug_123.txt	0.0877017806623397	2.9246560643192643	0.12065118339424274	-0.02609507164450431	-0.300587386623231	0.24135682240490147	334.50333333333333	-0.33375101883693753

drug_124.txt	-0.0375936095856215	0.14429895699418593	0.13025294657451225	-0.17712344207434838	-0.40722311132691613	-0.1439756552034237	517.2066666666667	-0.14356932579331427

drug_125.txt	1.6372441337993	2.668684171820242	0.13545752689772234	-0.021522898309436322	-0.3028625391796233	0.05002175331841006	609.2866666666666	0.45860305220120823

drug_126.txt	-0.0744882675986022	0.09525955459834401	0.027035784823713882	-0.4175674437837088	-0.5971038630319601	-0.4087053562178914	318.82666666666665	-1.2969305245523512

drug_127.txt	-0.0910134797803295	0.004209926177484946	0.12887159132439635	-0.21097994016148036	-0.5804430655663135	-0.15398000586710575	405.0	-0.6166536601205126

drug_128.txt	-0.197054418372441	-2.5699110010583834	0.07206867696432173	-0.12789582454072113	-0.4059782358548224	0.22222222747550385	416.7733333333333	-0.5646267466225301

drug_129.txt	1.67678482276585	2.641175231440079	0.2659603056829109	0.18599767906326403	0.16174906715086734	0.3118069219176835	327.46666666666664	-2.1709305828677024

drug_13.txt	1.40099850224663	-2.1915098417074366	0.19685282547717214	0.013997512613068586	0.6077696792914679	0.16528927183474626	40.513333333333335	-2.914870676556392

drug_130.txt	-0.0498252621068397	-2.766238251684048	0.22003881404965087	0.17247818212865718	-0.13542509792473512	-0.09523809748950167	531.6966666666667	0.6326933359376081

drug_131.txt	-0.142486270594109	-2.449008334993549	0.024718351310598463	-0.45442243967944274	-0.5412439301118411	0.11621334410029498	470.42333333333335	0.1289861153130644

drug_132.txt	-0.0797304043934099	-2.737557475741866	0.1339212030984563	0.024346761897597546	-0.3412921719365042	0.07046542641376026	590.94	0.8566598430030198

drug_133.txt	1.66050923614578	2.8709911718768515	0.23911425376569168	0.1262190718473749	-0.28126973583739034	0.29354208130325854	482.61	0.12801903490674435

drug_134.txt	-0.255366949575636	-2.4928453450361294	0.03220138342123252	-0.2739222808890538	-0.34146538877538624	-0.13832102221960346	352.08666666666664	-0.7574982655515394

drug_135.txt	-0.0682975536694957	2.833655943670367	0.6127397171422886	0.9076111926254908	-0.1291602720635475	-0.05522939900076124	399.93666666666667	-0.6969869230243095

drug_136.txt	-0.230054917623565	-2.459133117348212	0.0015987292856968205	-0.25482053736599797	-0.591524869283061	-0.2232863128219151	563.9433333333334	0.534598961045175

drug_137.txt	-0.120319520718922	-2.600898219254664	0.06051917640955917	-0.3882334668050772	-0.5667792218793767	-0.3207836501944472	327.27	-1.2000477346588738

drug_138.txt	-0.139790314528208	-2.3796890810362012	0.04730450894802796	-0.13099948443564247	-0.4104338506663909	-0.36233148273248333	233.97	-2.1748425096024873

drug_139.txt	1.62261607588617	-2.508500265051722	0.15289924460678012	-0.002875254125328519	-0.2380272384353318	0.06481079342993998	382.75	-0.9190547797950986

drug_14.txt	1.47989682143451	-2.3978084947299014	0.6040413292202265	0.8809036393868261	0.5006009815506982	0.06959548287778791	491.66	-0.3657446936669162

drug_140.txt	-0.226310534198702	-2.511002573676574	0.036123316001193506	-0.3346732433464269	-0.5541484960129491	-0.2528837188100052	276.9033333333333	-1.11115236211786

drug_141.txt	-0.15881178232651	2.8299843949795647	0.1406480293794382	-0.11971184553211867	-0.06082513294150666	0.0482713644809803	334.53	-1.10431016580898

drug_142.txt	-0.27873190214678	-2.650739756372127	0.5845391224132908	0.9156278197417325	0.2821122572976483	0.053959985623399716	548.1966666666667	0.532954678214478

drug_143.txt	-1.59296055916126	-2.5548801685800173	-0.12362636333729879	-0.0748719676969819	-0.003584253244022317	-0.14969544398749599	213.61	-1.0807577931575212

drug_144.txt	-1.62096854717923	-2.7860193778443003	-0.09615146586555345	-0.05555583830922206	0.30869088702606406	-0.008703223487645115	397.73	-0.26359180372091984

drug_145.txt	-0.146380429355966	-2.8068058923047996	0.6742037901089217	1.0068779985552816	0.20133271563519545	0.08790255722521566	481.35333333333335	0.46584896473064047

drug_146.txt	-1.63894158761857	-2.645751068511783	-0.06522273199851902	-0.034592059055607194	0.2134447016037459	-0.057441275018457756	372.05	-0.7329424196638742

drug_147.txt	-0.111865535030787	2.660055392441964	-0.044950526840553395	0.061029244358222545	0.4127887485060773	0.20887736370348275	622.0533333333333	1.0005002187016485

drug_148.txt	-0.107139291063405	2.653664560196771	0.6498746454572641	0.9919575477681641	-0.0003049248737659639	0.09312449131780273	615.5	1.2889018066063798

drug_149.txt	-1.53389915127309	2.8019655872029716	-0.02705607214311273	0.02872420311475371	0.19855365325768554	0.08616191252768664	684.51	1.2825094787099658

drug_15.txt	1.46894658012981	-2.331522336030215	0.5853507251970815	0.8858905873079663	0.5146383359321839	0.09134407127709664	592.0266666666666	0.66057367196106

drug_150.txt	-0.426809785322017	-2.523389171387994	0.0850006427761898	-0.010826327373194888	-0.0029043319454468593	0.04090515039193204	487.2033333333333	0.40403737722985256

drug_151.txt	1.13890830421035	2.730162349889088	0.5468382965158884	0.7812753240089336	0.4958860366875279	0.4438643978699009	738.28	1.4199957418969096

drug_152.txt	-0.0684306873023799	-2.5364487779076845	-0.13111464346830187	-0.018160651848363796	0.34235012636395434	0.07223675494745446	164.67666666666668	-1.0531080271453204

drug_153.txt	-0.193859211183225	-2.645684393718482	0.6424476208646895	0.9414135016809468	0.19429597543218136	0.010443868185174138	556.4766666666667	1.4389845839108526

drug_154.txt	-1.56600099850225	-2.5991313560371614	-0.1045042580812541	-0.040555837033897535	0.03503660562499195	-0.013054835231467672	7.703333333333333	-2.950983122123571

drug_155.txt	-0.266799800299551	-2.843083521372239	0.61258589212917	0.9188404969075119	0.2111268581025063	-0.01914709167281925	323.74666666666667	-0.33129280057620347

drug_156.txt	0.0184889332667665	2.7503821268583173	0.016276606812565764	0.2062589899175783	0.4883605928345442	0.4038295698267333	415.9633333333333	0.21683460245017602

drug_157.txt	0.129156265601598	2.7412470583894097	0.6868991938248347	1.0762503280840927	0.36654110250442723	0.3054831444163435	644.4866666666667	0.6831891117770056

drug_158.txt	-1.48681977034448	2.682522387346155	-0.06964664256392733	0.02265403047619502	-0.009456218613111909	0.10879029359556394	503.36	0.2630879267492786

drug_159.txt	-0.29236145781328	-2.7483782620188064	0.575004659129543	0.8615104889402806	0.0009203617043274893	0.034385221662634094	621.57	0.9937124408701711

drug_16.txt	1.44717923115327	-2.3553590376682614	0.6525860710997184	0.9795987607948186	0.5239712902542668	0.1374510786836311	527.95	0.07695641090634117

drug_160.txt	-0.20599101347978	-2.485977889220824	0.6217210980359051	0.9000703844317668	0.2809994123230218	-0.0382941833456385	620.31	0.9633457681383116

drug_161.txt	-1.54058911632551	-2.652916815076655	-0.05538853844351593	0.004428096211130439	0.22218182280469098	-0.12358577352456063	237.73333333333332	-2.232190599804284

drug_162.txt	-0.0672491263105341	-2.6156012149426426	0.7200939244532089	1.0610661286323302	0.2111159528563641	0.059181919715986776	354.62	-0.008389576694287568

drug_163.txt	-0.0932101847229156	2.7378420716584233	0.6120259262322068	0.8666717591170192	0.010492729076593727	0.24630122470035676	551.02	0.9307486827483922

drug_164.txt	-0.044483275087369	2.751417492951357	0.6922178685532481	1.0327839666912244	0.2585999320878529	0.1436031875461444	651.21	1.655821671233422

drug_165.txt	-0.159410883674488	2.7083534808654184	0.20211628159831824	0.04310348969317496	-0.06094055660677414	0.10443868185174138	738.3033333333333	1.5272881846962696

drug_166.txt	-0.0502246630054918	-2.628235128306268	0.7222867633469537	1.0468964281378117	0.3275829168434807	0.15926898982390558	313.2366666666667	-0.4147867366398778

drug_167.txt	-0.10664003994009	-2.7857787302164674	0.6966333017999078	0.9861407807174367	0.20714862233854067	0.041775472740696554	516.5666666666667	0.06393232255790751

drug_168.txt	-0.184456648360792	-2.643778863095883	-0.11983700755140375	-0.050425093327622406	0.4150744728791861	0.17754575914796034	118.12	-0.9822503435131658

drug_169.txt	-0.438841737393909	-2.5457329454153768	0.44852512595854344	0.6580527271094679	-0.010521543461873346	0.03655353864810948	476.7033333333333	0.5387665456326124

drug_17.txt	1.54283574638043	2.5774243770781027	0.6276304331465485	0.9672859569445428	0.6264431905328482	0.21265493001080507	552.1466666666666	-0.08868669748929171

drug_170.txt	-1.48726909635547	-2.3601342397029104	-0.02614270153528153	0.010549358048721924	0.2696172360784565	-0.151436088685025	469.89666666666665	0.18275302057389606

drug_171.txt	0.568880013313363	-2.563808684278217	0.21416222909594765	0.10778055558345351	0.22760693304127624	-0.11828658683627603	341.03333333333336	-0.3750834365683984

drug_172.txt	1.36300549176236	2.631745200386835	0.13271168146205453	-0.1155124394049582	0.33270973998954273	0.21395956148326398	567.0933333333334	0.3946815619285947

drug_173.txt	1.48846729905142	2.802069148951996	0.6163524120986578	0.9163082586924745	0.4015909462493238	0.2087410355934283	375.81666666666666	-0.018206150488277235

drug_174.txt	1.51912131802297	-2.756315377160205	0.20999625231298627	0.18953297182375262	0.23449196389836013	0.026962383764151155	366.6433333333333	-0.5282735444718708

drug_175.txt	0.198602096854718	-2.5510812256923434	-0.5089424496339501	-0.7916222217497009	-0.027898654606382328	-0.21588696132489257	195.66	-0.7264928626059591

drug_176.txt	0.203694458312531	-2.2976174518080565	-0.5563309616682531	-0.9793434633173804	-0.04490956741584064	-0.19486735205780614	132.34666666666666	-0.9473803051470905

drug_177.txt	1.33489765351972	-2.4306754229158836	0.5248618260620208	0.7965099962302569	0.4203162132723514	0.014785823354534504	84.76	-1.4399051802620326

drug_178.txt	0.276135796305542	-2.2948668519004007	-0.457822880983211	-0.8426321695581698	0.02036681525556011	-0.17308110867955098	129.78	-1.038670864489886

drug_179.txt	1.57513729405891	-2.6771340392456464	0.6213252473425311	0.9311373838643104	0.37297179572058137	0.053055013213329685	376.79	-1.3789849602672932

drug_18.txt	1.36849725411882	-2.317478433454007	0.17195655759286776	0.12593179534762644	0.5876430869798979	0.20008701327364023	379.2	-0.3277790128424039

drug_180.txt	1.56425361957064	-2.801059847751451	0.5812162278765073	0.8612769372923801	0.039482382582447545	0.20265275538861996	468.56	0.005715781382424829

drug_181.txt	0.0332834082210018	-2.8301526538526796	0.06081421973891332	-0.09944097348947856	-0.05506879488211337	-0.14093085282752052	288.31	-2.2065990558585398

drug_182.txt	1.45267099350974	2.70262362092381	0.569533449261007	0.8428432781760047	0.40386240715998317	0.13829093608064624	626.08	1.3976117861835293

drug_183.txt	0.451139956731569	2.8875776812627447	0.15094876571073607	-0.014045344568855811	0.23622271476690015	0.03652968122884995	422.18666666666667	-0.3171565334044908

drug_184.txt	1.36645032451323	-2.7904893034048692	0.03381296958020552	-0.14847945346858304	-0.03691880544518336	-0.07568508762959436	294.3233333333333	-0.9464201607324887

drug_185.txt	1.23065401897154	3.004582062103691	0.11872488218946436	-0.011874891798846876	0.2501854737736005	0.11393781526141294	313.89666666666665	-1.0724210351331807

drug_186.txt	0.204393409885172	-2.5351056553037425	-0.48036118422729546	-0.7142311045249974	-0.0009318340899992367	-0.1269841299860022	164.74333333333334	-1.813719455392632

drug_187.txt	1.33854218671992	2.7588760990649366	0.49321172709913175	0.6977716648838889	0.38366014504048707	0.14959774217529026	491.0133333333333	0.06390402969288835

drug_188.txt	1.31213180229656	-2.3753999644141977	0.01984188390070435	-0.21663534881671231	0.040926040027253044	-0.14876034465127166	-41.38666666666666	-2.505007732564326

drug_189.txt	1.59216175736395	2.713156689676452	0.5956809037515167	0.8279484138836111	-0.017795315515641605	0.13046314724589267	570.37	0.13320827928471282

drug_19.txt	1.39437510401065	2.597449726435326	0.6572469598420934	1.122368062514284	0.5417351822260983	0.17612524878195515	636.0566666666666	0.8251515081671216

drug_190.txt	-0.0958728573805958	-2.3687625420123455	0.017194059290738806	-0.23655806566775178	0.020701714508624135	-0.2576715344845492	-74.15	-4.234581928718255

drug_191.txt	1.28112830753869	-2.6322017869232783	0.10979210721522223	-0.05593437726847861	0.36103548921846695	0.3731246011232531	216.02	-0.9125784272967393

drug_192.txt	0.113080379430854	-2.2956693534198145	-0.5991102334484792	-1.0201607824407963	-0.02432988291905408	-0.2592431737197599	-10.17	-2.4793319736813806

drug_193.txt	0.197903145282077	-2.752943061660358	-0.025712157242299416	0.023621493362647572	0.4029175573593197	-0.02783213807912377	130.90333333333334	-1.8506636313678426

drug_194.txt	0.186170743884174	-2.28245472102047	-0.4698674498511556	-0.8624063666869642	0.36920746312338115	-0.04261796143365828	-31.126666666666665	-2.172219639861313

drug_195.txt	1.24792810783824	-2.7683757520827452	0.09635451902690956	-0.09951042531657878	0.24506480790274	0.08610567718228918	413.9633333333333	-0.35783525285676804

drug_196.txt	0.131253120319521	-2.3617905273809736	-0.5214628172581488	-0.8322876691883714	0.010830055765068076	-0.2513589970270866	20.51	-2.2486009706379777

drug_197.txt	0.890713929106341	-2.776175702440792	0.06224746590737415	-0.09406829661154592	0.26418698487340847	-0.1609045482699343	124.17666666666666	-2.5933050944267757

drug_198.txt	1.02699284406723	-2.6357336633390567	0.1827828391215935	0.11227286276280785	0.2339928308872587	0.02348336650426068	490.74333333333334	0.05160750805091554

drug_199.txt	0.191762356465302	-2.4558853595027705	-0.4575253961197081	-0.7653733302259558	0.08429604496305053	0.15394651375015336	414.02666666666664	-0.946352493275331

drug_2.txt	1.3080878681977	2.5091031770102155	0.5470154910576996	0.9302192901662434	0.5223493341016363	0.35703414629625957	578.8366666666667	0.33041103759842383

drug_20.txt	1.46565152271593	2.5202597812596563	0.5965428076461055	0.9150577454907344	0.5276071296119607	0.26570994322413477	617.1	0.3501252332684431

drug_200.txt	1.6662506240639	-2.680915386135181	0.26828615642359127	0.3656792820438715	0.3103062132125412	0.34616221735910196	258.8066666666667	-1.2087043314278416

drug_201.txt	-0.449575636545182	-2.661941562414718	-0.031766976834265215	-0.3252546150392752	-0.006022142923179951	-0.06437582166195382	161.21666666666667	-2.2367476626267444

drug_202.txt	1.36999500748877	-2.7229006775085525	0.13139746026778082	-0.03826486105704435	0.4288863715862112	0.19178082645146224	164.7	-1.0540888338061878

drug_203.txt	1.25941088367449	-2.6541903956605566	0.07331967135191561	-0.0651191890463293	0.5032837437633891	0.19352033508140745	170.53	-2.640731332240367

drug_204.txt	1.16062572807455	-2.653269643841799	0.10337990911613573	-0.05951954987283525	0.3792220317742263	0.0682757137253505	125.97	-1.5255778612932558

drug_205.txt	0.298602096854718	-2.6622909015609832	0.6084935000346098	0.8390627199845773	0.3898783989206134	0.13872581323813257	307.87333333333333	-0.7660914914029672

drug_206.txt	1.4935097353969	-2.6950051217385993	0.18724282099570422	0.1007686594056793	0.4427164761618332	0.26918896048402524	399.29333333333335	-0.24089958284602642

drug_207.txt	0.245681477783325	-2.7586850781109726	-0.455642664101914	-0.7835360093885475	0.4377039664183918	0.15093520349120254	81.21333333333334	-1.5351601437148692

drug_208.txt	0.0589116325511733	-2.5429386684253337	-0.5182126154415669	-0.825492452227113	0.43903481585252685	0.07523374824513145	254.9	-0.9690013108174486

drug_209.txt	-1.51323015476785	-2.495582242722899	-0.5798781468842144	-1.293999263237914	-0.03239698971588483	-0.2836015927269857	21.456666666666667	-2.256534877566212

drug_21.txt	1.39657180895324	2.5233722868566546	0.6117590826998802	0.9524872349970044	0.5108693410083545	0.24048706808992887	655.04	1.1250946448769799

drug_210.txt	0.182226660009985	-2.604547878292133	-0.09519568671396234	-0.07229782341520646	0.5737369303031398	0.12393998988359804	160.18	-1.5874507902029293

drug_211.txt	-0.0231153270094857	-2.6405463884738603	-0.1283711560165028	-0.0692522780141186	0.49746850724148045	0.2326592792551753	23.483333333333334	-2.665475629103376

drug_212.txt	0.0817440505907805	-2.5782741124014947	-0.536947326653364	-0.9794477918021665	0.28174500353155973	-0.07958251981999453	171.65	-2.6789193005656786

drug_213.txt	-1.48212680978532	-2.5960814926955744	-0.49168199625030873	-0.8393606769505761	-0.0020017169893894373	-0.09088932591463858	358.16	-0.8325857118529348

drug_214.txt	0.105192211682476	-2.663082596961906	-0.10488464268647227	-0.08990832271776761	0.48504962890498476	0.11872146399376235	374.47333333333336	-0.7397802073142055

drug_215.txt	-0.138725245465136	-2.5054750179573033	-0.4680342522950424	-0.7436249363144914	0.3414009450323793	0.036094804071363645	-63.09	-5.0074905200701885

drug_216.txt	0.99267765019138	-2.6751538719367365	0.45932634359489016	0.6748816604028665	0.5535735609993514	0.09349858885955642	317.35	-1.436804803925702

drug_217.txt	-0.0735729738725246	-2.8277508935272735	-0.5376797195134085	-0.8389455782751174	0.34254586267409953	0.056099153315733855	401.79	-0.24258394799206534

drug_218.txt	0.090564153769346	2.789334431287045	-0.5161761509648148	-0.7906926340027216	0.3552411223778469	0.17786475741190036	435.7633333333333	-0.8796200626622741

drug_219.txt	1.3007988017973	2.89563265331184	0.5156452888957993	0.7851614931679254	0.6683457425012579	0.33442053410697153	243.46	-1.702170943185635

drug_22.txt	1.3128307538692	2.5035190279287733	0.41797202859011023	0.6515777767761648	0.3818846571134604	0.3131796729500456	558.6	-0.32266582736030364

drug_220.txt	0.153669495756365	2.608061728905442	0.02580668767088745	0.12100921043156027	0.6628003355229014	0.34137856862675253	519.2233333333334	0.15576240009071288

drug_221.txt	1.30141454484939	-2.6452424364523828	0.22047687099632307	0.21594720247687538	0.441276649440198	0.14220483049802302	412.83666666666664	-0.4511423600101227

drug_222.txt	-0.0791645864536529	-2.5648426809441363	-0.1483345291982916	-0.13821619323399204	0.44740320832025576	-0.05696890763070647	328.45	-0.8736054752372826

drug_223.txt	1.15957730071559	-2.796589251561098	0.053433295815143333	-0.1492631345613461	0.3306858487638145	0.1709067228921194	473.05333333333334	-0.7526207568534629

drug_224.txt	0.155516724912631	-2.7782673726327256	-0.49847826371380105	-0.7299781725023324	0.2724884414788981	-0.0482713644809803	493.3233333333333	-0.36765982148263465

drug_225.txt	-0.131835579963388	-2.9128706574523453	-0.47664782294506447	-0.8418342413978656	0.3049030917138825	-0.13872581323813257	517.8833333333333	0.09747790744182527

drug_226.txt	1.32121817274089	2.6407620458563223	0.08062892683377926	-0.026351552455820826	0.4125960623461568	0.37529898691068464	478.79	0.5003399102928446

drug_227.txt	0.106906307205858	-2.7590786390746507	-0.025410418807047502	0.031165509744731534	0.5814575265912335	0.02304848934677437	357.9166666666667	-1.1566836856896026

drug_228.txt	1.53002163421534	-2.7674192366617163	0.25624536847810303	0.1980386803076894	0.35961388928889515	-0.03696455838633626	303.96666666666664	-1.4856986297982966

drug_229.txt	-0.0769179563987353	-2.5010512577274606	-0.10396777658346129	-0.08089345495495492	0.5730944220853648	-0.023918243661746993	300.94	-1.2156890686335766

drug_23.txt	1.28287568647029	2.540404245460091	0.5860394996401048	1.0061292618819642	0.516075875925507	0.2909328183583407	703.2333333333333	1.1760932423237398

drug_230.txt	1.26781494425029	2.791362404370219	0.49805893824425407	0.7031118404430069	0.4531981311582869	-0.0004348771574863089	541.5666666666667	-0.05210594790703965

drug_231.txt	1.15664836079215	0.5628766416784658	0.2230054055202963	0.14027521702149526	0.260049801355155	-0.14046532186807778	262.49666666666667	-0.8452570469437338

drug_232.txt	1.19708770178066	-2.864601611094276	0.7621447363263452	1.057827356783356	0.40886902163571276	0.21304347826086956	253.17666666666668	-1.1074732474792222

drug_233.txt	-0.0480778831752371	-2.4925322677878796	-0.453529175372703	-0.733099233831667	0.32647908859866404	0.0630571878355148	191.00666666666666	-1.4200534082891514

drug_234.txt	0.155067398901648	-2.666965315667793	-0.5015122361501453	-0.820927480348792	0.3126828818195555	-0.05001087311092553	130.67666666666668	-3.922979564617625

drug_235.txt	0.217457147611915	-2.415296094610458	0.17635261328343	0.11879911059411569	0.011105719106464353	-0.12480974419857066	472.9533333333333	0.15050289963643956

drug_236.txt	0.211665834581461	-2.6299194041354665	0.1722844791702095	0.09003294970287012	-0.05415319255685208	-0.11836383943197355	452.1433333333333	-0.05866762713199147

drug_237.txt	0.211416209019804	-2.4906726431257664	0.18215396916602145	0.1402084811876797	-0.04714476593995316	-0.27875625794872405	274.4066666666667	-2.010826543226383

drug_238.txt	0.0632384756199035	-2.3598591864322813	0.11941654544526181	-0.03390176301807002	0.03679524738530479	-0.006523157362294634	42.85666666666667	-2.4032337300917184

drug_239.txt	1.06942918954901	-2.86149698819059	0.675969729008853	0.9499763617382435	0.572278271373977	0.33304347826086955	387.21	-1.5993872705399057

drug_24.txt	1.29262772507905	0.31772973381695646	0.20413991056389422	0.0868341920714158	0.5127173570144369	0.05002175331841006	246.53	-1.4816624398343632

drug_240.txt	1.33726077550341	-2.8595163142102864	0.6450780588307135	0.9578290086410959	0.539680059128831	0.23913043478260865	346.92333333333335	-1.171679418152419

drug_241.txt	0.16413712764187	-2.8500692675869055	0.22439976490369254	0.28583963897563713	0.024449715991706044	-0.041739130434782605	312.4766666666667	-1.672965796425381

drug_242.txt	0.228490597437178	-2.677632721247204	0.21969178975744855	0.16863518947508904	0.049294535798665204	0.002608695652173913	310.07666666666665	-2.240713344053557

drug_243.txt	-0.160559161258113	-0.09937603056586189	-0.16917758554263113	-0.11602160403855727	0.46521622066992363	0.13217391304347825	176.82333333333332	-1.8296751974933354

drug_244.txt	-0.925278748543851	-0.24774610156005522	-0.1111379505831181	0.0031343214474992553	0.27922235492433956	-0.10521739130434782	439.97333333333336	-0.3932401000681639

drug_245.txt	-0.0190214677983026	-0.012936502941966577	-0.6492247865985922	-1.094983813687255	0.09931883394727983	-0.06740595941037789	115.06666666666666	-1.9581763419956377

drug_246.txt	-0.457763354967549	-0.22874096630661533	-0.5200784443614405	-0.9058732097535892	0.21349119870759042	-0.09610785180447427	378.4166666666667	-0.93602221804525

drug_247.txt	-1.33950740555833	-0.04656713180554292	-0.5897036746763624	-1.0404504051416184	-0.08435207973528398	-0.19669285082077959	286.91	-0.930728040444928

drug_248.txt	-1.28818439008154	-0.10443113691354641	-0.5929214705901237	-1.1276886470440184	-0.0005085082954805753	-0.2053960743084247	-73.47	-3.7380168343006637

drug_249.txt	-0.222416375436845	-0.00999236907547374	-0.1605747073893637	-0.1245573706018071	0.3263047258344862	-0.0008695652173913043	271.27	-1.2925533377332596

drug_25.txt	-1.49940089865202	2.7195402944724414	-0.03426038714457175	0.061986985249673776	0.16300681727380048	0.1218451288270316	544.1466666666666	-0.04781644795764793

drug_250.txt	-1.38598768513896	-0.12669537536258	-0.6068662189661947	-1.1251660536960657	-0.023408080056704052	-0.10958904368654986	96.95	-1.582097691863687

drug_251.txt	-0.344832750873689	-0.06217691678620388	-0.5402846892414486	-0.8800629867606583	0.2822731519336239	0.002608695652173913	251.76666666666668	-0.77437533161135

drug_252.txt	-1.40311199866866	-0.009862222437966889	-0.5434456452716752	-0.8928050624705652	-0.04322462817256516	-0.21700370158566815	191.05333333333334	-1.7105693401526314

drug_253.txt	-1.41878848394076	-0.002791302503861809	-0.5911294836753764	-1.022282130235783	-0.03313584204839125	-0.18521739130434778	289.29333333333335	-0.9947564958396593

drug_254.txt	-0.182076884672991	-0.14424090676195733	-0.24074362726788848	-0.17215821201921494	0.35868800193911476	0.02434782608695652	111.08	-1.561338918354004

drug_255.txt	0.112031952071892	2.6468107677598542	-0.1494106742634303	-0.10739295125397852	-0.10388399524520939	-0.08782608695652173	524.9533333333334	0.31104050650944814

drug_256.txt	0.117174238642037	2.5963024547579345	-0.1393209456192934	-0.10424726632356279	0.3875804688364645	0.034782608695652174	416.58	-0.1482213170286126

drug_257.txt	-1.40445997670161	-0.041081404937312105	-0.6195104073609309	-1.082598909040516	-0.07719505335654095	-0.18885994968189898	241.41333333333333	-1.1898375276513573

drug_258.txt	-1.34779497420536	-0.04093119744327284	-0.5507942561877175	-0.8929622226915992	-0.08364730304461712	-0.17913043478260868	313.62333333333333	-1.832416404081536

drug_259.txt	0.0487269096355467	-0.10090218120015615	-0.5012086594063137	-0.8596412462845922	-0.031242051235532534	0.029565217391304344	342.18333333333334	-1.3076676997093797

drug_26.txt	-0.482126809785322	-2.666179192233354	0.4307279972854725	0.6409273403249004	0.0030064092889941184	0.007832901138880603	387.23333333333335	-1.7484520985567773

drug_260.txt	-1.34819437510401	-2.6555833944101495	-0.6535443799082838	-1.1693862868429123	-0.4133616059276281	-0.25875190870435383	465.3466666666667	0.5534915012432905

drug_261.txt	-1.65292061907139	-0.1090836667824979	-0.6749125583743596	-1.1211594725948357	-0.4971102847282906	-0.30397913308292995	-36.416666666666664	-4.419199410830391

drug_262.txt	-1.20211349642203	-0.1228542328487707	-0.6380608994718017	-1.30409815689252	-0.19847994226614873	-0.14829311070283135	-33.51	-2.777727950291733

drug_263.txt	-0.0943085371942087	-0.7041600614122938	-0.05712205559164302	0.014763351162319194	0.08885647524412515	0.25130434782608696	415.8066666666667	0.8537314115798688

drug_264.txt	-1.70224663005492	-0.02738023597504366	-0.6262240013873142	-1.1017724801115096	-0.2872793681296035	0.07131985382775467	9.816666666666666	-2.0322660323380077

drug_265.txt	0.195107338991513	2.7358680493873266	-0.4849674159751499	-0.8170911869969161	-0.29527385355499136	-0.18743205487659917	420.99333333333334	-0.42670014758606095

drug_266.txt	0.0931602596105842	-0.11436544524218703	-0.4988005298165049	-0.8341362180433002	-0.22158917942051964	0.06782608695652173	368.25	-0.7477236654109932

drug_267.txt	-1.71712431352971	-0.06916270483874337	-0.7299671483578956	-1.2770916758425914	-0.6340473052907559	-0.12619674057085414	268.17333333333335	-1.5317657830050149

drug_268.txt	-1.69760359460809	-2.4872453892819175	-0.5836417449062532	-0.9963287891254771	-0.24961358370314002	-0.03479017259890471	18.766666666666666	-1.8632999146199205

drug_269.txt	0.0218671992011982	-2.8208494196673213	-0.6880062243408034	-1.2356333896794904	-0.42022127121695174	0.0008697543149726178	537.19	0.35803426521628956

drug_27.txt	-1.60454318522217	-2.8544218024552954	-0.1296621243924035	-0.07683747903882132	0.011601770469986589	0.0992167477591543	486.9533333333333	-0.10028702140064945

drug_270.txt	-0.240139790314528	-2.866872839237577	-0.5983885654304655	-0.9287514073338674	0.04133842102772203	-0.11959121830873495	578.6866666666666	0.5524867598681366

drug_271.txt	-1.4193376601764	-0.10376985623928048	-0.7296057546369205	-1.2833836385676674	-0.374616708070634	-0.15752834512637656	219.63666666666666	-1.4082874503798641

drug_272.txt	-0.439773672824097	-2.5969428320332586	-0.17542670077893238	-0.1799818748446162	0.11208187138818913	-0.03043478260869565	287.28	-0.6492255212672624

drug_273.txt	-0.174388417373939	-2.4527665641700747	0.07193273855012156	-0.3003088699767578	-0.14431896323856827	-0.3109371676027109	194.42	-2.7989462280187642

drug_274.txt	0.24353469795307	-2.642951815384753	0.2557108016787799	0.25106881695503247	0.015516701712877251	-0.0608695652173913	276.98333333333335	-0.7609500227144621

drug_275.txt	0.325611582626061	-2.5944858135766706	0.09811121351936869	-0.08844906440547762	-0.01648838808287685	-0.21613394727069557	264.41333333333336	-2.0273944914498787

drug_276.txt	1.22890664003994	-2.7366060019393834	0.1769565669835843	-0.049907351540195155	0.133103710263799	0.06782608695652173	334.31	-0.5949205353191713

drug_277.txt	0.122649359294392	0.4287820952847666	0.11634779278494217	-0.19161864430215592	-0.24396340478171197	-0.16797221331155068	255.21	-0.910752705343204

drug_278.txt	0.535413546347146	0.3035712034868519	0.2600026185293098	0.1531547639154543	0.21182489079721575	0.009565217391304347	402.41	-0.6807518242075226

drug_279.txt	0.233632884007322	0.34885050652209815	0.11930500032636965	-0.13960342249340874	-0.37124720557958873	-0.26631863872194056	272.72333333333336	-3.0220324943186507

drug_28.txt	-1.52106839740389	-2.6869053857581013	-0.07922694687376455	-0.053037611916982086	0.0015258742913023277	0.010443868185174138	437.12666666666667	-0.8073404891488465

drug_280.txt	-0.0266600099850225	0.25998033526859393	0.10999039561372503	-0.28405656311472693	-0.5441537464634563	-0.36442705797352687	249.66333333333333	-1.2624977906196977

drug_281.txt	0.118455649858546	2.765774084985613	0.1725568864546768	0.05935134034513273	-0.3409982524913336	-0.021739130434782605	450.81	-0.4380795265734217

drug_282.txt	-0.0391912131802296	0.39651424427850696	0.13673189548630427	-0.10839808325589029	-0.4890139906203013	-0.3135464305476287	220.25666666666666	-1.4796908762912815

drug_283.txt	0.248860043268431	0.1822180621259376	0.17246048143560821	0.0877272083677888	-0.2864475823318065	-0.19321156142572157	241.34	-4.034513924456398

drug_284.txt	-0.170244633050424	0.5278900042083566	0.08211192786737209	-0.22990839638999294	-0.6243414891538744	-0.26631863872194056	251.13	-1.3901968969193825

drug_285.txt	-1.32642702612748	-0.08013447963540539	-0.6533093860713264	-1.3243475643882818	-0.1035420717825487	-0.06173913043478261	-196.71333333333334	-4.048676265183555

drug_286.txt	-1.35493426526876	-0.12747256633142054	-0.5964236222188655	-1.045054464876483	-0.09384852520956027	-0.05217391304347826	224.84666666666666	-1.827846753013646

drug_287.txt	0.0392411382925612	-0.1566947792514396	-0.04547729048783733	0.07062039132971615	0.4523833222400488	0.3460869565217391	505.86	-0.24208066160643774

drug_288.txt	-1.65776335496755	-2.3651440714548086	-0.7121280773872034	-1.4350254532292495	-0.6274861904127933	-0.2169939790352156	483.3233333333333	-0.19405075257704169

drug_289.txt	-0.233749375936096	-0.3345117899184907	-0.17823309991294645	-0.11153715133459952	0.26405674087342845	0.2756521739130435	-78.41	-1.6532494269270634

drug_29.txt	-1.66774837743385	-0.09032567286943993	-0.07220904277584944	0.016634746170241355	0.25364239877035016	-0.08268062313262858	412.88666666666666	-1.1938341007534878

drug_290.txt	-0.321068397403894	-2.613235279928726	0.4981916637311389	0.69839071002272	0.0352869600865166	0.187037860234055	637.26	0.6773021236354938

drug_291.txt	0.0190214677983025	2.830275920459247	0.6134012543810827	0.8956084354657501	0.4478320317333996	0.12350511272611174	414.3833333333333	-0.6157259583323701

drug_292.txt	1.58776834747878	2.5978297508552037	0.7433945598060057	1.0914380169625222	0.4519732092887919	0.5705588306220374	818.1566666666666	1.7498690510859825

drug_293.txt	-0.45881178232651	2.971722385349994	0.5071311791226982	0.7999981369547844	0.051561689451747814	0.1278816997879353	397.08	-1.000655591548844

drug_294.txt	-1.68152770843734	-2.8514190474905243	-0.145568206525672	-0.10103172957092421	0.07425920291969931	0.1818181990182209	128.49333333333334	-1.70814740181158

drug_295.txt	-0.349226160758862	-2.7178723790012627	0.4821564191013882	0.7263183713791126	0.025299806114439827	0.06002610398209207	539.5433333333333	0.03894419974940393

drug_296.txt	-0.183025461807289	-2.7964084714692703	0.6137045764674919	0.9105382636123123	0.04796550480140173	0.19921706973766787	620.3933333333333	0.10873080908648278

drug_297.txt	-0.349326010983525	-2.8352580764246063	0.5252466259302838	0.7582602158778331	0.042445386758177085	0.2740322138312899	595.1633333333333	1.1859748190960893

drug_298.txt	0.0436345481777335	2.8166121808297726	0.6678115778567895	0.9916003747149273	0.3923247134169729	0.31311155339014246	535.5933333333334	0.8860224172914243

drug_299.txt	-0.0128640372774173	-2.5978259846487814	-0.029120542627939172	0.1289814291894545	0.46135666164631745	0.16699282847474262	343.6433333333333	-0.9321799975166905

drug_3.txt	1.26097520386088	2.722033523646723	0.4924733742921605	0.7837803696349124	0.379189111317404	0.06002610398209207	437.3433333333333	-0.7122981806229027

drug_30.txt	-1.70124812780829	-0.17186331295878607	-0.08179700998199835	-0.018368274913767302	0.27044470585154406	0.10008707010791881	377.1066666666667	-1.0766503743723836

drug_300.txt	-1.34907638542187	-2.6265567682732023	-0.07162501315609299	0.08892928016132962	0.3197566248989045	-0.04261796143365828	22.756666666666668	-2.2949725822320763

drug_301.txt	1.33589615576635	-2.8625761246715586	0.6249393414973041	0.9556994464820412	0.395385425988243	0.2670145746965937	507.2633333333333	0.467564123413848

drug_302.txt	-0.151755699783658	2.703445171860815	-0.013293106041219471	0.1319452111891754	0.42847331154198	0.37747337269811615	461.99	-0.38546610099356904

drug_303.txt	-0.295706440339491	-2.434707627526872	0.5364330452901318	0.7717754446370452	0.022426564639508255	-0.044367120334589796	468.88666666666666	0.30774339404811446

drug_304.txt	-0.44483275087369	-2.9776841082898198	0.455803499602369	0.6573701141744538	0.058374647363955416	0.1618094976908569	451.81333333333333	-0.00199492631796887

drug_305.txt	-1.50654018971543	-2.5677679912733122	-0.08846955549679561	0.016372675575494933	0.07405789104001946	-0.12179209503612883	142.15	-2.854281984353613

drug_306.txt	0.138409053087036	-2.7722354231467414	0.05948872347121509	0.19394108084225326	0.39816025718190184	0.1165470782063308	274.5366666666667	-1.1155168215566997

drug_307.txt	-1.16839740389416	-2.6500734149597447	-0.07314147653961844	0.05495448314022888	0.3991981213233172	0.0243531208192333	77.62666666666667	-1.9185084932583722

drug_308.txt	-0.290863704443335	-2.85077516543613	0.6913341601432099	1.0422590986509177	0.29934659196727237	0.261796048806758	549.45	-0.04502212877572468

drug_309.txt	0.0306706606756532	-2.8272178444362748	0.05856529567362623	0.20147598540354456	0.4531188830304737	0.28962818688588177	413.61333333333334	-0.015146187413335309

drug_31.txt	-1.5610084872691	2.6211430323972467	-0.09558727251256069	-0.08152056804555619	0.004111233285209026	0.0530896632746352	452.4166666666667	-0.4335426319989922

drug_310.txt	-0.302795806290564	2.6891070568396565	0.560535513578909	0.8039005363339962	0.031190359068476264	0.23401481117656184	771.1466666666666	1.7975031153926833

drug_311.txt	-0.268147778332501	-2.75411070473307	0.6136048969016211	0.8619609503138925	0.3173202097473864	0.2191780873730997	559.2866666666666	0.6798899829553071

drug_312.txt	0.0822765851223165	2.880096250667427	0.7093234032733178	1.1028337361952922	0.35919731506143493	0.047836487323493986	501.9	-0.2579801084743099

drug_313.txt	1.23424862705941	2.6025960427206956	0.69870057477716	1.0292560172387706	0.4714167491856141	0.49402045090444696	837.5533333333333	2.2985624597380365

drug_314.txt	-0.0558994841071726	-2.643070657257537	-0.008748150784738451	0.10081279386866993	0.4174245733814415	0.19047619497900334	459.1533333333333	-0.37115161644950867

drug_315.txt	1.43634548177733	2.8139799435489006	0.6400228865750968	0.9102621014866115	0.5038749971254548	0.39312895036762324	633.5866666666667	0.8088044368014753

drug_316.txt	-1.49051422865701	-2.5361082940797512	-0.06811249978210043	0.021195390973333283	0.07835075112157437	-0.04697695094250684	120.82	-2.4764694895425157

drug_317.txt	-0.0325844566483608	-2.717130137279235	0.018503601815769988	0.25442763050908074	0.4802789012718459	0.22091759600304495	280.6766666666667	-1.6657116107432557

drug_318.txt	-1.52286570144783	-2.5770721021945597	0.015479009389369636	0.1857924639714919	0.28602436144631443	-0.12437486704108437	339.47333333333336	-0.5184601186250882

drug_319.txt	-0.240639041437843	2.6688086453796114	0.5762078619370861	0.868740472209092	0.017061323037058318	0.24092194524741514	768.1766666666666	1.6654174221855087

drug_32.txt	-1.55187219171243	-2.5314509886833454	-0.08674712776389396	-0.00591139347381775	0.001385285227020333	0.02523934811417083	522.0066666666667	0.4322418320987223

drug_320.txt	-0.434148776834748	2.6227600934203505	0.02216218951834753	-0.09661792227877797	-0.12479143916799423	-0.12133072693868019	594.0066666666667	0.5816529205350018

drug_321.txt	1.27964719587286	2.480596298482946	0.6244871198229262	0.965551518341235	0.3365598635791232	0.15090237364774922	798.4233333333333	1.6438285132032076

drug_322.txt	-0.0915460143118656	2.591045258791586	-0.5500025160014946	-0.9234449098780764	0.24041310635590715	0.1613394254274206	548.9966666666667	0.15665125091776613

drug_323.txt	1.17545348643701	-2.6496205956238623	0.08862067428758627	-0.09447587603281582	0.27946330585314	0.12480974419857066	768.45	2.314185923137185

drug_324.txt	-1.55551672491263	-2.649843742856804	-0.5659883978275124	-1.058809874201743	-0.10259766670525769	-0.11831232089223943	527.34	0.20453837303423836

drug_325.txt	-0.0211516059244466	-2.691931075687778	-0.4573846218092674	-0.7688884504364457	0.30872638185050333	0.15873016248250277	516.77	0.8621680233532962

drug_326.txt	-0.46610084872691	-2.7037004473484045	-0.024905606788055534	-0.2505473873081609	-0.12837165020258387	-0.15050023172321633	628.14	0.4852403981257562

drug_327.txt	-0.0631386253952405	2.8109933613153544	-0.46775164948786396	-0.732121558815769	0.35261541232273563	0.18743205487659917	689.9466666666667	1.282123369400431

drug_328.txt	-0.130936927941421	-2.6947253804578652	-0.47724950882645933	-0.7219720858255795	0.2997488788641967	0.08654055433977549	602.2466666666667	0.6641055772804397

drug_329.txt	1.47425528374105	0.22488068379369403	0.5989737340317205	0.8572226212420806	0.40904834731687945	0.010871928937157724	708.2	1.9325464673520754

drug_33.txt	-0.379980029955067	2.8247101734080635	0.5446954471264565	0.8678701608997468	0.1873935405264892	0.20713671900595373	477.56666666666666	-1.348130199179888

drug_330.txt	-0.208087868197703	-2.8075174428220557	0.2106408751394387	0.16466638866034988	-0.023238331939737646	0.013481191882075578	608.8933333333333	0.7957557048107883

drug_331.txt	-0.139640539191213	-0.20538513494869293	-0.6022908120363402	-1.129056362469825	0.38132870761985094	0.09175908022961117	230.24	-0.8420294927910859

drug_332.txt	1.52942253286737	2.5016323366068063	0.7248537314017378	1.1232465458238776	0.4098379317020131	0.20134812391616103	692.7766666666666	0.9623921658495385

drug_333.txt	0.237244133799301	0.37679928055779927	0.6689569801559975	0.9676610444618201	0.2281208423108903	0.013481191882075578	686.75	1.724845462626089

drug_334.txt	1.49737061075054	0.46512190913396545	0.6185949179893113	0.8658062304486839	0.28912369472395694	0.130898024403379	750.75	1.9415808323665422

drug_335.txt	0.0201198202695956	3.1251089875773848	0.6291451403419996	0.9088807047999174	0.3350372882392802	-0.03000652386655532	722.4033333333333	1.8642364898073984

drug_336.txt	1.53062073556332	2.5335926961074975	0.6419164220077913	0.9035506635567598	0.42644153302696186	0.1622091797423932	685.8966666666666	1.4460219481376146

drug_337.txt	0.250474288567149	0.33963511122755885	0.6962487076504635	0.9950315333968105	0.23382458939377798	-0.11959121830873495	638.5566666666666	0.6891454121407881

drug_338.txt	1.40615743052089	2.8441575911814465	0.6255354182444336	0.9173774734804183	0.49644979298638847	0.049141118795952905	702.03	1.0887474529046837

drug_339.txt	1.40785488434016	0.351109987720355	0.6649174568255523	0.9894405959360371	0.5098039366513897	0.09175908022961117	690.57	1.6476461594566008

drug_34.txt	-0.438242636045931	-2.66135086492043	0.48344149860894675	0.735941262313278	0.0014500194717748192	0.06266320911104482	571.31	0.5137851773344638

drug_340.txt	0.0855217174238643	2.6360674063136145	0.6122933232550319	0.9030799741415161	0.34641607538050667	0.10828441221409092	618.4566666666667	0.8211759036020143

drug_341.txt	0.0312198369112997	-2.8823266607982623	-0.05379586870558775	0.002066081939254061	0.3211162493688303	-0.02478799797671961	188.70333333333335	-1.9607081165316564

drug_342.txt	-1.5128307538692	-2.562347536147675	-0.5333592896014393	-0.9282086592185375	0.03725140673036664	-0.074815144093622	108.05	-0.7335570912004847

drug_343.txt	1.17440505907805	-2.6235562128462377	0.15670212654288923	0.12113249058871178	0.36180020945345104	0.1909110721364896	484.49666666666667	0.32361681896771666

drug_344.txt	0.184623065401897	2.7156271618032877	0.1692185116954445	0.044098724503559394	0.13845026655320022	-0.02130898071682914	583.3866666666667	0.48618703028371374

drug_345.txt	-1.71447828257614	-0.16296913858501144	-0.5915375603301917	-0.9931523696973305	-0.01898710508300007	-0.13437704166326947	39.25	-1.3168543865159272

drug_346.txt	-0.175586620069895	-2.852809286426213	0.1418941398512537	0.07653761503160422	-0.08492620082638871	-0.0391474591187557	702.9866666666667	1.352269200399684

drug_347.txt	0.147878182725911	-2.850347740393286	0.6890341754382974	1.0063493175356781	0.35361804678279285	0.03522504975639103	570.9133333333333	0.5712998071571791

drug_348.txt	-0.0755200532534531	-2.497908104418891	-0.11760110280574892	-0.06647978045018715	0.454841044872808	0.27092846911397045	444.48333333333335	-0.08666100283393574

drug_349.txt	0.0234148776834747	-0.4821470978607769	-0.053842167626520776	0.04119230730748036	0.7464431901605421	0.4308095626384331	238.27666666666667	-1.3989724883161945

drug_35.txt	-0.447378931602596	-2.838312128001945	0.4458831914383908	0.6593332301147543	-0.0019665937957965476	-0.008703223487645115	466.4766666666667	0.02193333466200343

drug_350.txt	0.0301547678482277	-0.16033454660894406	-0.07696443193702929	0.1182319833203953	0.6170171300299174	0.21932123188865688	160.63	-0.7530035644848461

drug_351.txt	-0.179264436678316	-0.07111074434888318	-0.05347883137733228	0.04304876478391095	0.587979142922979	0.21758058719112788	157.68666666666667	-1.5105667247911128

drug_352.txt	-0.0459643867532036	-2.723187818369239	-0.010438726868957027	0.13755092489334647	0.6255111158329032	0.2828547633484662	535.61	0.3652392094086957

drug_353.txt	0.157114328507239	2.8722276142595655	0.04006918522043684	0.17047652661732088	0.7460900713120019	0.30374249971881445	535.42	0.24075493509233076

drug_354.txt	0.0150773839241137	-0.14830887253033184	-0.12182450248319915	-0.00919585127356537	0.608085163029161	0.190600594379428	147.89333333333335	-1.3518934514627075

drug_355.txt	1.3375603261774	2.68632928615885	0.7527025573153407	1.1207283302461954	0.6440322964566176	0.3107050785089306	573.1333333333333	0.5157886326629911

drug_356.txt	1.20828756864703	-2.7021510721538213	0.6368215897370716	1.0769109486457418	0.6639921678513019	0.4778069694717168	348.3233333333333	-0.18500076743393806

drug_357.txt	1.36015976035946	-2.923795047271638	0.6495279981861991	0.9813659379342974	0.6664038785419584	0.3211489466941047	411.3833333333333	-0.09073822374809899

drug_358.txt	1.40209685471792	2.8430523637832574	0.6177970109921808	0.9336004411289694	0.648449016555787	0.34551797245951105	217.1	-2.5922349093689374

drug_359.txt	1.35322016974538	2.501052042541867	0.7376815160408436	1.1232464405184404	0.6325878559544896	0.3664057088298593	746.2066666666667	1.8223258259194737

drug_36.txt	-1.69700449326011	-0.2260681269897888	-0.5275793845950092	-0.8565500618803951	-0.016810400100601895	-0.03568321629934497	465.39666666666665	-0.37101448423662436

drug_360.txt	1.04749542353137	-2.4887547171175965	0.6563428730887334	1.076821758585148	0.656852730873027	0.14012189815108636	-28.33	-1.7628848169472333

drug_361.txt	1.47294058911633	2.629357544149953	0.6963786104457035	1.0082805495420863	0.636270712039546	0.2602263822805889	328.12333333333333	-1.7064677119431984

drug_362.txt	0.0577300715593275	-2.793073599049512	0.1150453483222516	0.334330081405271	0.7374326542244791	0.23933864591024062	-4.946666666666666	-2.9497334120364007

drug_363.txt	1.62486270594109	2.623688025816454	0.7535736732843634	1.134508164875255	0.6266756910057244	0.3463882948082756	713.4966666666667	1.4067343188138028

drug_364.txt	0.119470793809286	2.4750435453297848	0.00908501915822213	0.1503462556721889	0.6101666063072528	0.4586598777988975	666.96	1.5578208671191716

drug_365.txt	1.63909136295557	2.7718927773863826	0.7624494150485321	1.1531099033280603	0.6678361146750726	0.47606632477418775	661.1533333333333	1.4246181459021652

drug_366.txt	1.35866200698952	2.852682661336779	0.6752157699809163	1.014181320380886	0.6537036096989735	0.14186254284861535	173.46333333333334	-1.1329968283615321

drug_367.txt	1.52001997004493	2.5893884798825133	0.7665442040093466	1.1034026512599662	0.6123731127425854	0.2863360527435243	755.6	1.5407534763065034

drug_368.txt	1.52431352970544	2.780044402101197	0.7299483179572959	1.0329172243142501	0.6356689243226504	0.47606632477418775	802.6366666666667	1.0524877339223104

drug_369.txt	1.29372607755034	-2.870501164815798	0.7449337719466753	1.0562050769068345	0.6355018730627258	0.09573545836409626	416.49666666666667	-0.07748269181001548

drug_37.txt	-0.411882176734898	2.697049101420923	0.5478296118521288	0.8288624093155792	0.27309973831383116	0.14621415459243792	443.9266666666667	-0.4107511964340801

drug_370.txt	1.62985521717424	2.5717055364086256	0.7851648337239122	1.128684236788684	0.6559341126381075	0.42819859559213963	590.2166666666667	0.41779949658119475

drug_371.txt	1.35396904643035	-2.5355240394905874	0.6172499506204879	0.9848027290566048	0.6909946673022215	0.306353466765108	157.68666666666667	-1.849381666775634

drug_372.txt	1.63734398402396	2.7657913398681386	0.7943254756507827	1.1709459930053763	0.6750480605428337	0.45256762135754597	711.4233333333333	1.3746734792862108

drug_373.txt	-0.239174571476119	-0.030845872776186306	-0.08341362805636687	0.10874656287807172	0.560981861306541	0.17145350270660875	-71.16333333333333	-1.069433259564865

drug_374.txt	1.15648194375104	2.5850310992349046	0.5859017883736108	1.0069190624474142	0.5906716244627828	0.2976502432774629	618.1766666666666	0.6949423224397483

drug_375.txt	0.151772341487768	2.533615561208517	0.006743533231014287	0.17887217081254458	0.5949196321947425	0.34899926185456914	628.53	0.8425582728924673

drug_376.txt	1.26080878681977	-2.767075337381541	0.6537854643457985	0.9910336397263355	0.6533956569113419	0.3916450569440302	589.1333333333333	1.3573984035654594

drug_377.txt	0.126327175902812	2.558336519735385	-0.0709156273222161	0.10814083157643084	0.5359360417883758	0.38468247815391404	472.75	-0.4767466424565906

drug_378.txt	0.16844732900649	-2.5338865486206568	-0.046439730496789844	0.18109495462975406	0.6539053916797031	0.2210618765861859	-150.33333333333334	-3.6165575241406804

drug_379.txt	-1.06854717923115	-2.5856991484458827	-0.09397507612472644	-0.015209515687484798	0.3551490687980725	-0.03957382133125411	91.83666666666667	-3.001063810263609

drug_38.txt	-0.304093859211183	2.732832640108295	0.5614796571682101	0.8625850701104485	0.1785881048314732	0.13141867466344123	549.12	0.3663086229251665

drug_380.txt	-1.69306040938592	-2.675164470404716	-0.6037619352756344	-1.0141853013682154	-0.025998030492645513	-0.06740595941037789	374.6333333333333	-0.5091609322970847

drug_381.txt	-0.0435679813612915	2.704240258695846	-0.5187142976083707	-0.7822728784554435	0.3447232992117453	0.09523809748950167	263.53	-1.39522440625645

drug_382.txt	-0.373989016475287	-2.540317930951709	0.023758869633475677	-0.22072388367594425	-0.08447739915746733	-0.17485865073044213	248.81	-1.1660210890316804

drug_383.txt	-0.0250124812780829	2.7106054864991886	-0.12190925704340544	-0.11270692938122967	0.4493802900580333	0.1943900893963801	321.88	-0.3932571665850633

drug_384.txt	0.0212181727408887	-0.0076251820933076475	-0.20942258335654623	-0.16934670480629416	0.37637012100764866	0.0821917827649124	172.46	-1.961975154099378

drug_385.txt	0.0381927109335995	-0.35139107703352984	-0.1868542928111671	-0.14377902160299488	0.3634280253720585	0.397042844785	587.55	1.0646064261384838

drug_386.txt	-1.71642536195706	-0.176788075793451	-0.671405913434815	-1.2276042724108085	-0.061808564155695744	-0.25706831487982906	75.30666666666667	-2.27989463786139

drug_387.txt	0.0105841238142785	-0.026540920079825003	-0.19064298362194493	-0.13724648329449107	0.45868211277859805	0.20047836960118842	169.29333333333332	-2.5045646666143195

drug_388.txt	0.0186220668996505	-0.08510051077936506	-0.5403460766080298	-0.8360278199473924	0.2896694829907035	0.08393129139485761	120.13666666666667	-2.57429934335718

drug_389.txt	0.0618572141787319	-2.351673430303043	-0.20358877593435704	-0.18686629121458642	0.47222570471194664	0.24135682240490147	239.84	-1.79657983684326

drug_39.txt	-0.214977533699451	2.7124132995026495	0.5970291721478758	0.8857912862713611	0.18727044746677168	0.14708447694120244	567.5533333333333	0.9788551427186497

drug_390.txt	-1.64298552171742	-0.09293641138848302	-0.58932985864919	-1.1052225444325678	0.03876965833905423	-0.1339713045397417	1.65	-4.755619791400608

drug_391.txt	1.28472291562656	2.6713212865791838	0.06383671377622432	-0.057552938589031044	0.28571785046596204	0.18569254624665393	322.47333333333336	-1.07246681899995

drug_392.txt	-1.60858711932102	-2.5247522103558397	-0.608540865113886	-0.9653465190234777	-0.05385231361397634	-0.20095695680961256	13.976666666666667	-6.740386515850056

drug_393.txt	0.0652021967049425	2.647521382575026	-0.1098303985841208	-0.15571168051276202	0.5676425351173368	0.1943900893963801	403.0966666666667	-1.0543896050076087

drug_394.txt	1.02288234315194	3.176774821862167	0.4497368707728969	0.644600512602334	0.38636230614499234	0.2396173137749562	309.84	-1.158248138108823

drug_395.txt	0.0863205192211682	2.639998597101651	-0.05330860799875187	-0.004186328912533344	0.5388422228545456	0.35964340924117755	229.22333333333333	-1.571692826200343

drug_396.txt	-1.59276085871193	-2.5278581319474904	-0.49268365294958294	-0.8673850553827135	0.07471967257019295	0.007392911677267252	69.74	-1.8557752690433977

drug_397.txt	0.185921118322516	2.7462083139082782	0.0141024208621926	0.08187232123765908	0.44883989690750253	0.3700804610208489	265.06	-0.9970938051211121

drug_398.txt	0.0222666000998503	-0.1392321561369697	-0.5264813246730511	-0.8734315018005714	0.4358628035471239	0.11872146399376235	18.416666666666668	-2.816394491746968

drug_399.txt	0.0174904310201365	-2.530707599976147	-0.47405407597306687	-0.7632553337505663	0.38930842361237344	-0.0587084162606517	282.44	-0.8755503978867674

drug_4.txt	1.19161258112831	2.6159951737635216	0.4660630545632191	0.7539951976455584	0.41315563174237985	0.2714223832233728	515.8133333333334	-0.5214742011501392

drug_40.txt	-0.144782825761358	-2.7221628796417314	0.6433185693988863	0.9716342337779624	0.2037007432389939	0.14012189815108636	577.1466666666666	0.4387893331061982

drug_400.txt	-1.71223165252122	-2.460990359337268	-0.6383633584621675	-1.044866816956647	-0.05203306737893539	-0.18616791669808266	-74.62666666666667	-1.719067406993866

drug_401.txt	-1.74083874188717	-0.03945449662103223	-0.6253315078289184	-1.1454987328006596	-0.02800993102176737	-0.2859631725614001	18.33	-1.2040586994915892

drug_402.txt	-0.00862040272923958	-2.5557437526112174	-0.133313452856388	-0.12018896684985725	0.4516456458452404	0.11350293810392663	208.11333333333334	-1.211264878493239

drug_403.txt	-0.0209519054751207	-2.5366853446093143	-0.47595160465279246	-0.7377389416309703	0.3579359952789721	0.0004348771574863089	219.18	-1.7775647826439742

drug_404.txt	-1.68277583624563	-2.106453167472241	-0.6424360840062983	-1.12015063625443	-0.11763839786471299	-0.45976515876138635	36.28666666666667	-2.3501482140407832

drug_405.txt	1.18567149276086	-2.648572313822361	0.08772569306690142	-0.01991358628940132	0.42782417129548855	0.3831267757454382	146.05	-1.5022867819264483

drug_406.txt	-1.72845731402896	-0.047333691814559875	-0.6529727545789099	-1.0611866499431724	-0.05670561095212903	-0.23053503703267245	-95.79	-2.0260953160128286

drug_407.txt	1.28696954568148	-2.6680636552991497	0.41328040082043827	0.6422581542703888	0.2001922684609039	-0.01652173913043478	205.85	-1.282412198218308

drug_408.txt	1.67079380928607	0.13904514813999153	0.1349925224100158	-0.04517022905764234	-0.2372360540070567	0.10182771480544783	269.95	-1.0829887589164744

drug_409.txt	-1.5218671992012	-2.6482290269789264	-0.6136108468628216	-1.0177622031055729	-0.5403395742809748	-0.44357470063603516	91.12	-3.1398542919482595

drug_41.txt	-0.288267598602097	2.7963565649962763	0.5240696739364661	0.78974238858156	0.021878324278063847	0.24630122470035676	634.98	0.5798835664274238

drug_410.txt	-1.63704443334997	-2.628300706377055	-0.75574464197197	-1.240522594521354	-0.6863530745596697	-0.3564278611461975	102.77666666666667	-3.2218246851349743

drug_411.txt	1.34802795806291	-2.6328410478970454	-0.07640190038332828	-0.4033624432326178	-0.2638860257690654	0.21845090953989238	370.0566666666667	-0.6647256126871329

drug_412.txt	-1.33245132301548	-2.4397873648438315	-0.7107809726625413	-1.2661548893401589	-0.406802106153756	-0.2593560599318244	35.22	-3.6760846729519145

drug_413.txt	-0.0764353469795307	0.2073702401318035	0.06631923370233839	-0.11198630174909896	-0.6012532028836525	-0.11939026155752827	139.76333333333332	-3.7553491080729766

drug_414.txt	0.180129805292062	-2.6887821063297346	-0.5007425938983856	-0.7130593841315764	-0.22181607450119428	-0.07349423961518621	256.11	-1.9798191965808136

drug_415.txt	0.186819770344483	-2.8772853292018854	-0.508414499291337	-0.9674428003567155	0.134713276662019	-0.03696455838633626	378.3	-1.1997714305969658

drug_416.txt	1.32516225661508	-2.694188190711473	-0.04523525834132919	-0.31837376769819986	-0.1836466463014234	0.2767625069071146	464.12666666666667	-0.8944659266091928

drug_417.txt	1.32136794807788	-2.5161422713866965	-0.12378010470952189	-0.18516464430141744	-0.38126046364880123	-0.2428199353052987	445.4766666666667	-0.5922913160406522

drug_418.txt	1.25232151772342	-2.4161776289771044	0.023837355647931602	-0.1333388103953081	-0.09975002391960613	0.16797221331155068	278.08666666666664	-1.7502978901536177

drug_419.txt	-0.332601098352471	-2.707154259528514	0.06837968373344899	-0.1783844230313365	-0.5547236443497379	0.013043478260869565	473.0733333333333	-0.052079900088104404

drug_42.txt	-0.455966050923615	-2.704345424961847	0.45584271775299456	0.6800670364732235	0.008776602725591554	0.11140126064185746	593.8966666666666	0.6994516335781575

drug_420.txt	-1.03934098851722	-2.361567554062044	-0.6418041612715644	-1.2794282750174077	0.003005464300838709	-0.14394433912796825	-34.94	-2.5479428001318527

drug_421.txt	-1.14494924280246	-2.393664820977488	-0.6740965432874912	-1.0697769023345696	-0.18527236387333948	-0.3005001158230395	206.63333333333333	-1.063389041023461

drug_422.txt	-1.73275087368947	-2.5121288031120446	-0.753986190680626	-1.4475033818507894	-0.6472305801368723	-0.3442273964614867	151.16333333333333	-2.11084669655593

drug_423.txt	1.43200199700449	-2.786228077294996	0.13607457187117739	0.06860767525830708	0.23365298212678723	0.05088062742589814	468.3066666666667	-0.2645340842563654

drug_424.txt	0.117973040439341	-2.65616247020352	-0.13332716566794833	-0.1449871996393463	0.11994773599853535	-0.14260869565217388	199.69333333333333	-1.8533791429492816

drug_425.txt	-1.30201364619737	-0.04951338996463736	-0.6291516193804607	-1.187284435825922	-0.19996744879754816	-0.20626639665718924	-42.75666666666667	-4.453564798045132

drug_426.txt	-1.68442336495257	-2.3506511991119527	-0.72724589253015	-1.3818680724874097	-0.46294868127116046	-0.4064405368730269	27.966666666666665	-2.902832199663435

drug_427.txt	0.162406390414378	-2.77860637553381	-0.5807064416911799	-0.943048212356887	-0.39622293383070917	-0.2752772406888335	380.71666666666664	-0.4238877985620554

drug_428.txt	0.180878681977034	-2.648899010455925	-0.5237390757227456	-0.7975557859512663	-0.2057303569493531	0.0056534030473220165	177.36	-1.8300248115901376

drug_429.txt	1.40584123814279	-2.545826567963999	-0.012355667779376522	-0.21514817248686996	-0.4501623411072711	-0.26875408332653894	255.95333333333335	-2.2057641300487263

drug_43.txt	-1.66714927608587	-2.5212000842420794	-0.1474834276346813	-0.15421152891653367	0.16730704476699088	-0.20713671900595373	515.0633333333334	0.19628196547661195

drug_430.txt	0.17109335996006	-0.07835227825133856	-0.6107586245179628	-1.1406074320367459	-0.14028604405458917	-0.1731941474041378	-22.60333333333333	-3.8349223328212587

drug_431.txt	1.39930104842736	-2.636668376168319	0.5262237144240253	0.773643455180693	0.13375258400946832	-0.010434782608695651	115.12	-4.969615191897364

drug_432.txt	1.43205192211682	-2.5756467959175526	0.012875620955078992	-0.21949275264488455	-0.18617608408347763	-0.06614449850610288	257.71666666666664	-6.791440522809396

drug_433.txt	-1.57758362456316	-2.416957931848066	-0.6837087277257804	-1.1202610291669284	-0.6206281278094832	-0.44008819041278663	-73.32666666666667	-3.6608720123748677

drug_434.txt	-1.72381427858213	-0.08184385933787183	-0.7153129248614094	-1.3322583182826793	-0.6089712788482526	-0.6901500489307723	-361.2633333333333	-4.864993870943293

drug_435.txt	-1.6646530204693	-2.635620169281899	-0.7363534694888207	-1.3033329635975552	-0.8688442279368113	-0.5605566559998522	363.3433333333333	-1.3249343695494404

drug_436.txt	-0.0814278582126808	-0.10283189035825291	-0.541445185112072	-0.9466280995003389	0.09755954826453267	-0.03652173913043478	27.69333333333333	-2.4435273984402532

drug_437.txt	-0.0761857214178733	0.03803683766659971	0.6889598532749426	1.0810260804425238	0.02513197533669713	0.08442126783015762	440.51666666666665	-0.8822523258116405

drug_438.txt	-0.0249625561657514	-2.5054949205830463	0.5107485514387442	0.8364360887110365	0.3905410411760508	0.10879029359556394	-58.56	-3.5355447873334818

drug_439.txt	-0.195107338991513	-2.4252263565856453	0.5888576692313924	0.8291203021652175	0.05748831657416713	0.16710189096278621	495.95	0.1406804299833521

drug_44.txt	1.21369612248294	2.802194247547452	0.6194563022067238	0.9356331180245696	0.39919514768713427	0.2863360527435243	621.0333333333333	0.7763008908595093

drug_440.txt	1.39146280579131	-2.64031550843719	0.611720830315285	0.9619877842089141	0.5501401268505539	0.3350741042743369	136.88	-1.720323489509359

drug_441.txt	-0.268247628557164	-2.395021028704667	0.5247552836861872	0.7944727728675988	0.09860518493339854	-0.0382941833456385	57.24666666666667	-2.2172923829849083

drug_442.txt	1.36821434514894	0.09575322723952107	0.6908868564154271	1.0349928274589937	0.5298762535813603	0.4029592474779688	506.5966666666667	-0.12350882334707308

drug_443.txt	-0.433999001497753	-2.618036203372496	0.11174201047049878	-0.13808858162948534	0.020949921966444986	-0.01827676932405474	390.75333333333333	-0.12274300905325794

drug_444.txt	1.40770510900316	0.021626208653469148	0.6649783824198815	1.0292432528785889	0.5496937955872423	0.3324631372280434	473.07	-0.38643501589576773

drug_445.txt	1.42163421534365	-2.681583935482917	0.654998272674562	0.9986781421770622	0.5294650752729412	0.3150566902527531	512.19	-0.021606709065046616

drug_446.txt	-0.392710933599601	-2.490325217167751	0.4777762430415601	0.7634753647851438	0.06738304224587766	0.026109670462935344	143.14333333333335	-2.4374286546978623

drug_447.txt	1.27430520885339	2.669929654765495	0.5807411571772755	0.93524141165935	0.52714839962685	0.3664057088298593	461.48333333333335	-0.14730355083448268

drug_448.txt	-1.57343984023964	-2.5436976819802415	-0.5556325473583236	-1.0156540232256543	0.05673725019480377	0.029590959857993388	357.5566666666667	0.22385646173384585

drug_449.txt	-0.082226660009985	-0.014241087046203	-0.15918364457608258	-0.04606124655613464	0.46017625302504506	0.18015672619425388	81.58666666666667	-1.5431855829293921

drug_45.txt	-0.185871193210185	2.7231783821605724	0.6150499617053758	0.9062103742712851	0.17519924697364408	0.09834642541038979	533.03	0.12422637692407956

drug_450.txt	-0.462156764852721	-2.4881605082187543	0.42056702321147027	0.6582667054063004	0.029154691389088938	-0.01653612462652572	406.86333333333334	0.16032139473916382

drug_451.txt	-1.0526210683974	-2.6115676402174883	-0.04346287337009877	0.06349510004100367	0.34269465012587647	0.008703223487645115	339.39666666666665	-0.5467757394992961

drug_452.txt	1.12363121983691	-2.61157419316861	0.5000651508112344	0.8291525223039613	0.4446899175994205	0.06440385380857386	220.5	-2.7125088482068374

drug_453.txt	1.52860708936595	-2.3730724298040564	0.6434642072061152	1.0002093241040375	0.5548304190104629	0.34116636071568857	446.70666666666665	-0.46068017742280537

drug_454.txt	0.0604093859211183	2.671780081786054	0.6164000434041276	0.9179825697914011	0.37274223684616137	0.1740644697529023	428.6566666666667	-0.22240790166365257

drug_455.txt	-0.203494757863205	-2.5464102385737193	0.5813872481097431	0.8504271507489005	-0.004116758339427033	-0.08355094548139311	450.2266666666667	-0.6339605955546549

drug_456.txt	1.57009485771343	0.373149608861574	0.6974261311865514	0.9914596820360654	0.46615053451653365	0.304612822067579	583.4233333333333	0.7936198368386799

drug_457.txt	1.40595773007156	2.6062464921209454	0.7194366328902841	1.1018612841075337	0.4635503562305197	0.343777327761982	529.4066666666666	-0.12699169583537287

drug_458.txt	1.34020635713097	2.6942322862269497	0.6370289894235743	0.9133311574342988	0.4842060565805131	0.25413412583923733	517.5566666666666	0.37246950628657544

drug_459.txt	1.47768347478782	2.5579144636531144	0.6853214572548172	1.0267410798522587	0.4896544879318132	0.45778955545013306	565.7633333333333	0.23892253236754302

drug_46.txt	-0.32191712431353	2.7473754218551583	0.5396104534874239	0.8410720525076847	-0.0008880252890993527	0.07310707729621896	527.9533333333334	0.2767102925380646

drug_460.txt	1.5381927109336	2.5112112318890696	0.7076857172930979	1.0829298170346595	0.4710711941383244	0.379460544061327	593.17	0.9330755312006882

drug_461.txt	1.40041604260276	2.735168271713924	0.6125511623405219	0.9554291348951249	0.5187206742709288	0.23237606712012457	506.19	-0.08317185136822411

drug_462.txt	-0.314877683474788	-2.730665520837099	0.5181975366062048	0.7515008556484857	0.01571849746922184	0.026979992811699858	427.89666666666665	-0.4526374469919179

drug_463.txt	1.48442336495257	2.5848749737946655	0.7003370609607842	1.0850625748687297	0.6017084762553834	0.44647536491619444	584.3866666666667	0.17544888030453304

drug_464.txt	-0.156665002496256	2.7008387548941606	0.589919282240365	0.8536572033540245	-0.003920906622850842	0.012184512882703162	375.2133333333333	-0.3595768804222452

drug_465.txt	1.27590281244799	2.5352446425398143	0.6381806133632392	0.9596658518547656	0.4866914501412012	0.16449092391649267	582.6433333333333	0.1816192798395678

drug_466.txt	0.239590614078882	-2.766685392101447	-0.4289005990375916	-0.7420056839808511	0.29409648860544146	0.14220483049802302	315.6066666666667	-1.6354054704786785

drug_467.txt	-1.73519720419371	-0.050629496590817225	-0.5989784064915955	-1.0326452910085413	-0.023592106708040444	0.042627233262645094	169.79333333333332	-1.7716858956436663

drug_468.txt	0.15381927109336	2.70780896281582	-0.10742918106891675	-0.010014235637814395	0.4509082964059096	0.4866275392271797	420.37333333333333	0.40405918244456773

drug_469.txt	0.240089865202197	2.7389340002776232	0.02743647453018372	0.19730752484870573	0.4108312337594958	0.21265493001080507	430.8066666666667	-0.26708057415829456

drug_47.txt	-0.303295057413879	2.676599142323886	0.5439733812980381	0.8404637506353694	0.1793770093500691	0.1601393121726701	549.3733333333333	0.44709043246719604

drug_470.txt	0.0715426859710433	-0.161045452897206	-0.5009354540669289	-0.8096238337871269	0.39834125057629294	0.2500543655546276	308.51666666666665	-0.0811080031749534

drug_471.txt	-1.53599600599101	-2.768320868962627	-0.4338855660935611	-0.6844091125122951	0.043932857996976854	0.21700370158566815	387.51666666666665	-0.13994914993536492

drug_472.txt	-1.67453819271093	-2.6977562346034416	-0.5588956427970444	-0.9922864891572025	-0.04461896010193355	0.0782949182375114	428.5566666666667	0.6667309579918801

drug_473.txt	1.56045931103345	-2.52298992137291	0.20747384766431337	0.1761530197154378	0.3318356552233542	0.13785605892315994	262.07	-1.2575822727281278

drug_474.txt	-1.57254118821767	-2.3581384906570055	-0.5023906644840925	-0.8880684059420099	0.09741678649716616	0.012611437567102961	12.02	-3.428891846408011

drug_475.txt	0.221767348976535	-2.528806413620142	-0.08096691747158916	0.010251920512814539	0.4752838446243383	0.2987606071930943	-1.63	-3.770550962951364

drug_476.txt	-1.618072890664	-2.434106036014938	-0.5546733184627738	-0.9639946664865053	0.09773703754436092	0.0482713644809803	22.02	-2.1761198260171395

drug_477.txt	0.128657014478283	-2.5521849340049947	-0.5213600514455866	-0.982544969073706	0.41159326952756614	0.15873016248250277	-36.39333333333333	-2.6931797864398392

drug_478.txt	-1.64268597104343	-0.014100570817599856	-0.6063445082988324	-1.0911641886889316	0.04061564532420678	-0.07791081870394309	-107.92666666666666	-2.8794585523325327

drug_479.txt	0.161407888167748	-2.4523134456429876	-0.5066475170155124	-0.8551421851832479	0.3440079805371701	0.08045227413496715	17.636666666666667	-4.028683370326038

drug_48.txt	-0.203195207189216	2.621787224198066	0.5907925417181221	0.8539710923803145	0.020204192306212683	0.3107050785089306	704.9733333333334	1.2975943195820392

drug_480.txt	-0.432501248127808	-2.6234616030982165	0.046299518844472004	-0.13881446974323147	-0.008769655250557368	0.16006961061891217	647.3133333333334	1.7308293270681585

drug_481.txt	0.155067398901648	-2.519813974816461	-0.5084425709315543	-0.8621661109391299	0.3641510594965187	0.20221787823113366	336.48333333333335	-1.61430539210466

drug_482.txt	0.242036944583125	2.6994129524069317	-0.02762917811491858	0.09027139069945878	0.47533556442130753	0.3370297970518894	597.7533333333333	3.1511578799869837

drug_483.txt	0.190564153769346	2.6194441162719633	-0.060522409768888896	0.012366446133473874	0.5421263010396464	0.285714292468505	630.6733333333333	1.4041436842512982

drug_484.txt	0.11827259111333	2.5544970949401486	-0.033344660414519445	0.09648414466192146	0.536000979579263	0.5414220610704547	611.4933333333333	0.6033488133618206

drug_485.txt	-1.66215676485272	-2.61919386237634	-0.5887581102456869	-0.9123888992244893	-0.015703158804816573	0.11396260321237768	587.4866666666667	0.877465516759074

drug_486.txt	-0.27408886669995	-2.8253899554767123	0.07921786757105048	-0.10291870529903091	0.0033040603892025102	0.21139627924128077	512.9066666666666	-0.5329110332142906

drug_487.txt	-0.262739224496589	-0.019109730752589538	-0.5336537981479343	-0.8513124200744135	0.3859667949266949	0.15699065385255753	511.94666666666666	0.7339466076802019

drug_488.txt	0.164103844233649	2.5407182690623875	-0.10877938272303389	-0.07699472602957402	0.44291614205951496	0.3735594782807394	562.86	1.0084399826137853

drug_489.txt	0.169595606590115	2.589797691198541	-0.11917480790256635	-0.09340822890208983	0.48740135545569246	0.33181127116205367	517.0866666666667	0.42875565602150534

drug_49.txt	-0.265651522715926	2.6873145523351303	0.5810900440638751	0.837113990353795	0.2562058547689835	0.3089644338114016	756.2466666666667	1.4564206713400818

drug_490.txt	0.15282076884673	-2.6143954408233094	-0.14619129995406513	-0.11657436196169746	0.3915271903281382	0.37703849554062985	474.70666666666665	-0.025877652234446474

drug_491.txt	0.189915127309036	2.681031254277754	-0.0009914547745165647	0.14914127929036303	0.4355054745016342	0.39008481026521913	546.2933333333333	0.28086568815719337

drug_492.txt	-1.73894158761857	-0.15999841641842236	-0.21548937106729654	-0.2978256919350571	0.001010060897982272	-0.004783648732349399	628.3633333333333	1.3055710785655001

drug_493.txt	0.0940089865202197	2.697750386766498	-0.07294060716723927	0.0484579852706562	0.3732685288337415	0.2335290335701479	468.1566666666667	0.2060980309264146

drug_494.txt	-1.49311033449825	-2.675066135064672	-0.5585498016408839	-1.0683294340932132	0.0838080381085296	0.20791650509739135	405.55	0.5443065526130766

drug_495.txt	0.0830753869196206	-2.671896568109613	-0.08292907579644576	-0.010235511566511313	0.40306437704853515	0.2717982234289431	557.7433333333333	0.8693241903253303

drug_496.txt	0.169046430354468	2.5469717255461775	0.007242462619378276	0.1775782356622555	0.6664062862460484	0.5805610052442224	686.5233333333333	0.9159738887376355

drug_5.txt	1.31802296555167	2.65508760649941	0.49752996289931306	0.7461918566725403	0.4948505069693152	0.2557633995758706	556.0166666666667	0.5175830120795811

drug_50.txt	1.3801963721085	2.611176818398604	0.7031494176762465	1.1078096799429882	0.40110321303191737	0.3907747345952656	749.91	2.6205346557213725

drug_51.txt	-0.203844233649526	2.6740052143261863	0.6293805156793398	0.9202106738467246	0.27539220758371574	0.3698869982249174	704.8633333333333	1.1989710125439523

drug_52.txt	-1.17134298552172	2.6986797263899214	-0.032215920751532345	0.10905663775455621	0.37658766876370675	0.21148833074977627	521.26	0.4344314828950975

drug_53.txt	-1.66230654018972	-0.1989870725975148	-0.17223805898072347	-0.15314408202181262	-0.005245030026252675	0.11923416178073808	407.21666666666664	-0.4417958013977693

drug_54.txt	1.16077550341155	2.5190798393150855	0.6294558709813614	0.9341164752926154	0.4773624493326497	0.5578766255580518	691.5933333333334	1.0928728654758793

drug_55.txt	-0.164902646030954	2.580339132308894	0.5991650638937452	0.851634864487874	0.044758572716716405	0.3429070054132175	485.0	-0.29578943794921025

drug_56.txt	1.19272757530371	2.507242004933972	0.6495387820001499	1.0300307226984147	0.4761960257443164	0.43516117438225577	706.16	1.3543181182382136

drug_57.txt	-0.315926110833749	2.5421517642412077	0.5285496205240129	0.7861404258667768	0.018341115469018742	0.37684957701503347	733.16	0.7586296931944767

drug_58.txt	-0.266650024962556	2.5878927247007564	0.5517127112440476	0.8375765927390604	0.0024643232280686794	0.34464765011074655	684.0066666666667	0.3204087521380806

drug_59.txt	-0.172141787319021	2.6232558838048083	0.6005505711089822	0.8896304282412562	0.35141432818108	0.31157540085769514	696.7333333333333	0.8994104887481018

drug_6.txt	1.31534365118988	2.6874166800875567	0.4841049649044591	0.7663012546925569	0.4489382431689874	0.12179209503612883	457.4766666666667	-0.6074000757537776

drug_60.txt	-0.402546180728907	2.613395020493903	0.5170409254198804	0.8304790144503753	0.23781730383050492	0.34725861715704004	523.1333333333333	-0.04261629480343364

drug_61.txt	-0.447778332501248	2.6601545066496644	0.4437318218102983	0.6577314583110931	0.008990822698477046	0.22280252128371492	514.11	0.024755351385480108

drug_62.txt	-0.144483275087369	2.682045921044295	0.5130303851074351	0.7681826752573775	0.31265695499685303	0.32201926904286926	718.5066666666667	1.1108742827552824

drug_63.txt	1.15982692627725	2.633061844156589	0.585950370816021	0.8654805168000901	0.3706657594557475	0.381201188758856	607.7166666666667	-0.21112872010291292

drug_64.txt	-0.465501747378932	2.741993300194191	0.08737582836140495	-0.012105084209141248	-0.010946381844751824	0.28459540804599526	616.3233333333334	0.5489006677204363

drug_65.txt	-0.126393742719255	2.6732170590425133	-0.09729968735528127	-0.07549299918468727	0.4352955922246513	0.2567450928855309	365.03	-1.0632576636782238

drug_66.txt	-1.71802296555167	-0.11877274102747737	-0.19442109897697443	-0.20535745190511795	0.007940523837671468	0.005221934092587069	188.65	-1.3190418513380873

drug_67.txt	-1.33909136295557	2.7374139672533926	-0.0031366642989714144	0.08955741504259535	0.3546627956573983	0.16187995687019913	629.4633333333334	1.3561072307431672

drug_68.txt	-0.000848726909635555	2.6506243794173274	0.5686961212605751	0.8855652677803982	0.35975187386359897	0.26196702697811797	319.58	-0.9911368425586983

drug_69.txt	-0.322865701447828	2.6417667851818996	0.5550524021056822	0.8161061132422947	0.25939852101422317	0.19669285082077959	438.3233333333333	-0.45015579812962014

drug_7.txt	1.1502413047096	2.612320835026734	0.5152013231015892	0.8426374381507545	0.4763167740314456	0.0926288345445838	454.1	-0.7172165164339267

drug_70.txt	-0.310983524712931	2.5281783218176925	0.5056688690873374	0.7758363473919614	0.23146585477524556	0.37859022171256246	779.61	2.3373416418308

drug_71.txt	-0.361607588617074	2.5387408907075577	0.4670829081633935	0.71871576680379	0.004246235366123981	0.36031345238850776	811.44	2.142017060317411

drug_72.txt	1.08633716092528	2.496438771062345	0.5049802079142146	0.8506859923829362	0.3751804233448718	0.5326372774438811	669.0366666666666	0.847787675205182

drug_73.txt	1.12527874854385	2.5132378067718837	0.5409058215727391	0.8720170082520906	0.4314566442857829	0.5578766255580518	745.32	1.2485796203793098

drug_74.txt	1.06871359627226	2.5153013565688696	0.48043680339309397	0.7028959796157106	0.2615602549510032	0.4403831084748428	710.9033333333333	0.9611275835496094

drug_75.txt	-0.0394408387418872	2.563359859721896	0.5170629678046996	0.8304772592384435	0.34139391879540654	0.4316798849871977	648.7533333333333	1.2959465174411988

drug_76.txt	-0.418472291562656	2.4044132876329836	0.47007185220016434	0.7465412636288502	-0.008581616398846366	0.34725861715704004	651.3233333333334	1.0772739349381621

drug_77.txt	1.38144449991679	2.4901907328251505	0.6465536467557459	1.020948932446061	0.4121032802877846	0.39773731338538176	849.0266666666666	1.804471853865102

drug_78.txt	1.31719088034615	2.617346445844586	0.6339199867848466	0.9685373705446871	0.38781106534313603	0.3533508735983916	722.66	1.099871482762976

drug_79.txt	-1.52381427858213	2.6969737987816433	-0.08006345722013664	0.010411255261541408	0.0017485673231035434	0.2593560599318244	660.3533333333334	1.007212527743477

drug_8.txt	1.30853719420869	2.66048491960729	0.4759093426263086	0.7284967765915009	0.4101485221574532	0.22183560167294897	554.9033333333333	-0.19654354723802778

drug_80.txt	-0.25017473789316	2.6051576018921505	0.5614004102137207	0.8185547833123215	-0.002141468022622805	0.20626639665718924	766.93	1.5006409972593195

drug_81.txt	0.112680978532202	2.630367149234478	0.6862143189486267	1.0242955056074876	0.34950253896054456	0.2959095985799339	699.37	1.2469891414154686

drug_82.txt	1.46245631552671	2.6052358066031434	0.6716632103664184	0.9639500598215285	0.5137972062298003	0.5108792187247683	687.69	1.2318445786632712

drug_83.txt	1.41228157763355	2.5267414982490326	0.6416280171724658	1.005580831810828	0.587278888926751	0.2959095985799339	640.5766666666667	1.0814336695186721

drug_84.txt	1.58916625062406	2.6161121992811216	0.7312300209421532	1.0362512193557423	0.541684617143861	0.29939088797499197	600.7633333333333	0.4386654159722616

drug_85.txt	-0.229705441837244	2.597676211000766	0.5783791982164975	0.8107131824252671	0.041662147701873216	0.33768507132063047	662.7966666666666	0.2902031982108594

drug_86.txt	-0.143584623065402	-2.6035906819459527	0.6037135323661116	0.867982083465642	0.04010071281422047	0.2210618765861859	558.04	0.24625632101233116

drug_87.txt	1.44757863205192	2.5137428217309843	0.6741335911784603	1.0003820939123178	0.49120945625723367	0.46562245658901363	680.45	0.5534760838735068

drug_88.txt	-0.343934098851722	-2.5837336337125456	0.5226071970274961	0.7525177325205894	0.04684901551058193	0.2454309023515922	485.3	-0.01060801693190422

drug_89.txt	-0.24153769345981	-2.687095409605203	0.5952830337007922	0.8659856785163309	0.060767795287909515	0.25848573758305987	382.9533333333333	-0.1987809477995172

drug_9.txt	1.16809785322017	-2.5952765200754735	0.4928018226466405	0.7400844340195205	0.5590242235577431	0.2870813668708751	393.38	-1.4077210898374342

drug_90.txt	1.28836744882676	2.5759116453428583	0.6003210710834379	0.8911958074110304	0.5212533882395428	0.44908633196248793	426.8566666666667	-0.47741252180793015

drug_91.txt	1.28052920619071	2.5781338659471946	0.5655085553744165	0.8699543381229731	0.39231667716555535	0.28546573039475975	690.0766666666667	0.7515378328477869

drug_92.txt	1.15518389083042	2.654583292521318	0.6471078378110859	0.9590598525506339	0.458280331593038	0.2271541330275375	549.3166666666667	-0.16216251816040456

drug_93.txt	-1.48771842236645	2.57472104098809	-0.036534014835253426	0.029990616000739323	0.028928381434724464	0.13402964170973475	564.7533333333333	-0.10867725062906533

drug_94.txt	-0.265002496255617	2.609315234888093	0.5712546406068162	0.8612051348826351	0.03194227806311201	0.2436902576540632	649.8533333333334	0.7291352282802473

drug_95.txt	1.5317024463305	-2.7184281404515906	0.6822650712213109	1.0006577398391188	0.5794844743215608	0.49782438349330055	381.43333333333334	-0.5738312810480577

drug_96.txt	1.3599101347978	2.672086441311884	0.613506157160008	0.9004197127190943	0.5378761672917645	0.4499566543112524	663.3366666666667	1.896390119885807

drug_97.txt	1.40469296055916	2.5518537143786544	0.6207237532816365	0.9189972142938522	0.4670584729853718	0.3385553936693949	610.0266666666666	0.9183004164403143

drug_98.txt	1.20639041437843	2.675751547668487	0.5027234801304004	0.7828497625148332	0.5120824516336488	0.3324631372280434	444.09	-0.025738100529633427

drug_99.txt	-0.26080878681977	2.5825069130223692	0.6023518057574078	0.8956763091218466	0.04632924742379021	0.2767625069071146	614.36	0.6130441282737851

