	SScmap	SSfisher	SSlincs	SSlincs_Norm	SSpearson_corr	SSspearman_corr	SSzhang	SSzhang_Norm
drug_1.txt	1.64633050424363	2.4734070122135727	0.4850203589014833	0.9334125567292062	0.5838716015731322	0.48185687347139494	586.5230769230769	1.0165893899969443

drug_10.txt	1.5136295556665	0.11388003425336868	0.6239568137245944	0.979546396069304	0.6200968603771124	0.5564202009616678	553.3723076923077	1.5086315335258687

drug_100.txt	1.36055916125811	-0.5618882975576572	-0.04460199573385065	0.06820393572906586	0.5458757626930743	0.45940516570201356	416.8	0.6388080241176366

drug_101.txt	0.251722416375437	-0.534643229647992	-0.044852142077810964	0.06135824034513737	0.5546512178766891	0.24749231479946776	335.2646153846154	-1.0755606933960185

drug_102.txt	1.46295556665002	-0.8679260508556574	-0.050671513460642525	0.12308969756098831	0.5644393786510238	0.31474141139584755	321.8615384615385	-0.6091253134217326

drug_103.txt	1.80244633050424	-0.4599958309390337	-0.06787756481703267	-0.03665349204932922	0.572774192049043	0.357749554567951	425.88	0.01745470384242122

drug_104.txt	1.48437343984024	-0.8147406632363937	-0.06853763201075419	0.012584869674098331	0.5587012423542855	0.34602006097555915	365.44	-0.3287074129116104

drug_105.txt	1.83300049925112	-0.773816939532963	-0.11206724233276999	-0.06293544129697493	0.5791715447401294	0.39997573150056165	478.17846153846153	0.7522534711324508

drug_106.txt	0.424663005491762	-0.8660039600565683	-0.013027531466506148	0.18729381404906165	0.568884031937267	0.31630534387483317	346.4276923076923	-0.5958107974464955

drug_107.txt	1.86739890164753	0.0756201371657522	0.02756855155233906	0.19748444552116268	0.5935206803825928	0.5117969037480304	485.8676923076923	0.5666932992045283

drug_108.txt	1.88142785821268	0.1534701756043495	-0.038421218314476646	0.09778588601650318	0.6050463041162762	0.5548050469201339	548.9476923076924	1.1170809437097209

drug_109.txt	1.76225661507738	0.19945219124945235	0.013504617273656427	0.17840158318848331	0.5975396423631014	0.4930297140002035	455.40923076923076	-0.061667477711184325

drug_11.txt	1.56555167249126	0.012519582741922691	0.6682679399186134	1.2302258889462254	0.6764752466966975	0.561889152919701	618.9569230769231	1.3374964801122307

drug_110.txt	1.46070893659511	-0.6336860261632324	-0.03138570004915725	0.0890667270641235	0.29392038228542783	0.137466854195472	236.11076923076922	-0.7515648300444173

drug_111.txt	1.52695956065901	0.0817800390293359	0.7888535386594457	1.3227229981928694	0.5619699309602064	0.39536241727768145	458.37538461538463	0.43952155185880726

drug_112.txt	0.42591113330005	0.14767392490961334	0.75098779231493	1.3390605200289984	0.5400122576586439	0.2791932447181276	142.3876923076923	-2.292107428869256

drug_113.txt	1.74363454817773	0.010076005124555337	0.7270172219870231	1.1928549190414146	0.3865094552429943	0.3195275166763522	396.81538461538463	-0.18530971701256413

drug_114.txt	1.56510234648028	0.09756263992602032	0.7319659392353732	1.2660929796702227	0.3928578934574844	0.3179782923530729	419.56	0.340973179079217

drug_115.txt	1.5719420868697	0.0035985642478252866	0.7639745934889005	1.2458643395983438	0.5423469107150547	0.2668018663117752	400.0246153846154	0.5469487201024921

drug_116.txt	1.44977533699451	0.10113898462023055	0.7374895977120071	1.2838756480333928	0.5449851178178373	0.2559594102062169	327.8676923076923	-1.0464878870693206

drug_117.txt	1.64228657014478	-0.4357954223333744	-0.029814106725583045	0.07724568503162854	0.2728103639097551	0.1126840973827672	355.35076923076923	-0.48181393757803215

drug_118.txt	1.46749875187219	-2.556199899343491	0.050931529617428084	0.17753166279104643	0.44563646669350254	0.15450499950420657	376.6215384615385	0.2898081279498294

drug_119.txt	1.71912131802297	0.4522508197652379	0.6631091695449589	1.1229049993646618	0.39701614200881064	0.30403527344355935	383.4030769230769	0.07099190247406849

drug_12.txt	1.41897154268597	-0.09859780117367081	-0.1543452113432798	-0.1258572352540585	0.48484415999287	0.25217430711791394	168.08923076923077	-0.5368792068803585

drug_120.txt	0.190514228657015	-0.8114295128779503	-0.02297843571426922	0.12288003796899483	0.2700456575374011	0.20097266852802811	403.64307692307693	-0.2034226722585502

drug_121.txt	0.151273090364453	-0.15651134722374116	-0.059280920992011654	0.033641167789328186	0.2825371457784448	0.042982593847034914	164.5476923076923	-0.9832077931016885

drug_122.txt	0.0798302546180729	0.13285992047063822	0.6119535134992045	1.1186344277811024	0.3304414245160066	0.15453512624710852	391.2276923076923	-0.32931237122363693

drug_123.txt	1.65971043434848	0.09022959843988451	0.7881694873403744	1.4163861200327044	0.5632306777298678	0.41317502373681303	666.9323076923077	2.452690125726632

drug_124.txt	0.247229156265602	-0.8021197317636094	-0.015173094511823249	0.13351187371584206	0.504525275882244	0.19942374622723402	378.6830769230769	-0.2563459399718924

drug_125.txt	0.254118821767349	0.13478877320162735	0.6458830002781741	1.0721469067525975	0.3588529542097662	0.15685896273202748	335.3538461538462	-0.5665374966430358

drug_126.txt	0.202046929605592	0.0926334750790653	0.5922499227460467	1.0255538909832853	0.3217410016266979	0.149112841115631	449.95384615384614	0.38758240881173167

drug_127.txt	0.170494258612082	-0.05761652931861255	-0.10230812512723303	-0.005693752107639671	0.17289923196167062	0.0003872305751985127	426.9323076923077	-0.33066150541377354

drug_128.txt	1.64173739390914	-0.5193828706450355	-0.0651265639371944	0.006646326870225483	0.2834676731152018	0.08635241826926833	388.6984615384615	-0.18530750524285886

drug_129.txt	0.142436345481777	-0.5617873383670094	-0.033670029268001	0.01725379142654082	0.25307025428145763	0.1095862527811791	386.2276923076923	-0.7108012708309905

drug_13.txt	1.68771842236645	-0.4750562577262782	-0.05434722272731582	0.05518417522833313	0.6093107594687208	0.46718494943941336	478.10153846153844	0.6222125866472423

drug_130.txt	0.198751872191712	-0.37506807173161416	0.008764707190552723	0.12355613165435053	0.43613942481295687	0.07241211756212187	363.20307692307694	-0.3386589050530545

drug_131.txt	1.37758362456316	-0.46135555363180925	-0.06819390084492466	0.03719705487538977	0.23134642746545003	0.15682838295539767	454.28	0.7972935294024985

drug_132.txt	1.45416874687968	-0.5562676858572206	-0.060032619089961825	0.019558433786635965	0.27361876426300247	0.10571394702919397	470.6461538461538	0.5551353353014323

drug_133.txt	0.157913130304543	-0.5706283356498791	-0.07550008372096473	-0.028545929341809273	0.19511075329879607	0.07163765641172484	409.7723076923077	0.15807271747075588

drug_134.txt	0.332151772341488	-0.4474809010831945	-0.05589029854672184	0.0917870712057755	0.23644590698412957	0.06699088950934269	363.88307692307694	-0.18365735953169526

drug_135.txt	0.182675986020969	-0.6586756842724983	0.012784175388649732	0.1504744671932164	0.4761627756929165	0.13824131534586906	434.38153846153847	0.5532122565655746

drug_136.txt	1.75217174238642	0.01706526811734685	0.807797018972272	1.269254362879917	0.6117442859085505	0.4619660762118256	452.84615384615387	0.5335680673393584

drug_137.txt	0.0688467299051423	-0.43245390734074624	-0.018656481273478742	0.11081185595745985	0.26522698405107076	0.047629360749417066	284.64923076923077	-0.7423415244224102

drug_138.txt	0.112680978532202	-0.31317650939557934	-0.050010169006065364	0.043820199331144616	0.2894487348107674	0.056148433403784344	240.7076923076923	-0.8112644568481813

drug_139.txt	0.292261607588617	0.10872677763249392	0.6962383674483811	1.1516829986549284	0.38040930935143247	0.18087193974285634	321.97846153846154	-0.31409977344179707

drug_14.txt	1.50574138791812	0.0747356169695807	0.6658070092505697	1.1631054654543633	0.6616033484529145	0.49691415169215597	627.8646153846154	1.4930669947531823

drug_140.txt	0.149625561657514	-0.07169805433480586	-0.10931073834023752	-0.015109998222795129	0.2467649759486511	0.030591215440682502	249.96615384615384	-1.0471612632710083

drug_141.txt	0.337044433349975	-0.276464295526623	0.029176768288480093	0.14296972909023814	0.43097769150685855	0.06931427296053377	308.39384615384614	-0.528291850561987

drug_142.txt	-0.348676984523215	0.35920033307578203	0.15684257292961934	-0.014266258685218913	-0.22596840258212714	-0.1096076208720093	309.8707692307692	-0.23035272400730736

drug_143.txt	-1.68497254118822	-2.1463289815475415	-0.10339526785806896	-0.3896979411383076	-0.3143661978149916	-0.23170686718338188	19.2	-2.811415330017609

drug_144.txt	-0.451323015476785	0.38711084024865017	0.1591197494456773	0.02621482151084853	-0.21135054647887094	-0.023170686718338187	135.3753846153846	-1.6008610253646163

drug_145.txt	-0.346080878681977	-2.2868632737546015	0.0276811685711586	-0.09490166041944753	-0.41429701698177607	-0.24128017212489178	296.5876923076923	0.17247734953773444

drug_146.txt	-0.44353469795307	-2.1599889873338003	0.06949392954265471	-0.09028284522616681	-0.34726476139942597	-0.2857718028595043	189.57846153846154	-1.7767838853079796

drug_147.txt	-0.198402396405392	0.07214031329533249	0.13111871088498317	0.0725949209901342	-0.22754829580617253	-0.056159381718874024	398.63384615384615	0.28480727416673346

drug_148.txt	-1.63409885172242	-0.24591064153808467	-0.5210174058578905	-1.003907721259584	-0.26296840329229365	-0.20712232884880274	216.26153846153846	-0.7855026186860149

drug_149.txt	-0.244283574638043	0.26599513644217243	0.16453962865513766	0.10992981794946677	-0.03044991652485752	0.0747737274636246	431.39384615384614	0.47468047947738257

drug_15.txt	1.42621068397404	-0.8617212281322665	-0.02417532287999638	0.0937626805802273	0.6874788939575929	0.5112007215353581	633.3138461538462	2.056201815508259

drug_150.txt	-1.54498252621068	-0.28353408788016976	-0.5066797428186995	-1.0066935274476627	-0.3849880869981012	-0.18577802390446937	222.41538461538462	-0.4904786676118814

drug_151.txt	-0.392161757363954	0.6522210307454712	0.13295874810445052	-0.1502542080861986	-0.2312667895013523	-0.1041853357405318	264.6523076923077	-0.8590620310420457

drug_152.txt	-1.35833749375936	-0.3977503433402821	-0.6182581435706883	-1.3875308586168846	-0.14993839115870497	-0.07323200112416843	56.10153846153846	-1.5660229185550343

drug_153.txt	-0.486270594108837	-0.18152943099671698	-0.6500910682650142	-1.2489135903874755	-0.40725100585321694	-0.3086829464133972	293.79076923076923	0.061567530783824896

drug_154.txt	-1.74248627059411	-0.2134098219643618	-0.6345806779582147	-1.1347695052986106	-0.33123017834120616	-0.3012189273383964	23.0	-3.3431818772011295

drug_155.txt	-0.230204692960559	-2.2316730404063363	0.04067366559653568	-0.31371393540142983	-0.35452725966780896	-0.2278450860636588	230.6246153846154	-0.5876178950656035

drug_156.txt	-1.70064902646031	0.03064406120931698	0.16633932273015128	0.008560580841669219	-0.028524465803005765	0.0378454549732857	422.7476923076923	1.0596737760019193

drug_157.txt	-0.20499251123315	-0.2534251258038771	-0.563578875752462	-1.130427766114167	-0.3888773831253582	-0.24439013699730697	115.01538461538462	-1.8172332351018328

drug_158.txt	-0.0697453819271093	0.02275389035257036	-0.5001574486465283	-1.1110363553229456	-0.3846699693927825	-0.225528017391825	236.8830769230769	-1.067395902498613

drug_159.txt	-1.64638042935597	-2.3401906641613377	-0.08341734897320013	-0.3974038260388135	-0.42102297359223284	-0.3241579942206169	270.96923076923076	-1.1165866251090564

drug_16.txt	1.70224663005492	-0.19413477578487157	-0.07587515095380018	-0.010259830490423116	0.6351332188650735	0.4077250467834881	604.6553846153846	2.519882947738662

drug_160.txt	-0.140688966550175	-0.1802610335744558	-0.631041052776862	-1.2639283162073982	-0.4023363926549372	-0.1629671632523119	319.6707692307692	-0.2262797280803266

drug_161.txt	-0.291512730903644	-2.2442000957156925	-0.07769910604908703	-0.2732513149037469	-0.3489041959955246	-0.10483739108302007	343.16615384615386	0.3196167163127941

drug_162.txt	-1.52096854717923	-2.410314549206511	-0.5117664098924668	-0.9895914341235821	-0.22833528878425366	-0.08363865391549762	188.28923076923076	-0.8607264927387023

drug_163.txt	-1.43022965551672	-0.002265157274917426	-0.6119329347194733	-1.1209325940912318	-0.2232201660042595	-0.23434240359733896	161.14153846153846	-1.223802707242845

drug_164.txt	-1.60259610584124	-2.397090556685598	-0.0809930129631016	-0.2822299984303903	-0.35704788404769816	-0.2744272884231996	262.99384615384616	-1.457605437354762

drug_165.txt	-1.38175237144284	-2.461070302051445	0.004859551874275808	-0.19966430288848036	-0.1300455581119499	0.04848018827499064	263.12	-0.5752908621182226

drug_166.txt	-1.55002496255617	-0.09453720264237964	-0.5714693550198182	-1.2287859616692958	-0.43997082320336084	-0.3677017319602983	207.26461538461538	-1.2244401762689237

drug_167.txt	-1.42523714428357	-0.21434456656562556	-0.5694358200215244	-1.0068053750096386	-0.08224596464873526	-0.2704886695025271	172.96307692307693	-1.6094569085698693

drug_168.txt	-1.59241138292561	-2.235302983165965	-0.5198359135405449	-0.9060754629302443	-0.3303188012474112	-0.1850071607347413	-1.2123076923076923	-2.070818555062801

drug_169.txt	-0.132451323015477	-2.2814179110807653	0.16707303448987704	0.15277930591191047	-0.3152610873285235	-0.008479494867008976	390.7076923076923	0.6566181836689261

drug_17.txt	1.56330504243635	-0.3677941190843768	-0.0708777336376556	-0.012483370777079006	0.5409308447791217	0.3892675368680815	545.7938461538462	0.48997250889953625

drug_170.txt	-0.385122316525212	-0.01139750522892749	-0.6308168387486568	-1.0926005062127149	-0.4396107211279436	-0.2656401615347099	282.96	-1.0470376597639053

drug_171.txt	1.73469795307039	-1.1990702636600892	-0.10426202930491757	-0.015704475845233712	0.5764483373456932	0.40153966397954716	532.7169230769231	0.5998192403453204

drug_172.txt	1.6581627558662	2.3919859463706477	-0.1137712584568562	-0.03805708775599037	0.5946576309400049	0.4633149968994775	653.1107692307693	1.662499152006198

drug_173.txt	1.59830254618073	2.3940349848237843	-0.130823857225981	0.0014726071968829135	0.5964781112398427	0.44063797595418663	718.1630769230769	2.2653587318461135

drug_174.txt	1.52591113330005	2.442331348926044	-0.06951026731431764	0.08582407313095297	0.5926516594744073	0.43047241484078036	715.0553846153846	3.237717632743696

drug_175.txt	1.55841238142786	-0.4189886375155245	-0.03786590384227734	0.10498987717269337	0.5478632106274985	0.30379388404294855	414.98153846153843	0.7667826003208607

drug_176.txt	1.58751872191712	-0.9475397697552039	-0.012635082309319201	0.12500648522605284	0.5844955070221814	0.47269859177339096	432.4307692307692	0.3652087894077076

drug_177.txt	0.242985521717424	-0.9939802381472413	-0.02845042315686258	0.1261837230300965	0.5542592138281925	0.3014479853244702	262.6984615384615	-0.15334876670836176

drug_178.txt	1.46615077383924	2.4233322821584697	-0.08686386094534532	0.022783085698555583	0.5957089648095282	0.4586231994625208	586.6092307692307	1.1032305676842107

drug_179.txt	1.55571642536196	2.478563806718317	-0.0669081739150994	0.13049836100992196	0.5888678719846361	0.41796095500889574	593.2984615384615	2.571161250460527

drug_18.txt	1.32666000998502	-0.2229104617078173	-0.1714837981544336	-0.1670227848279543	0.5888803582067311	0.4163000047061427	447.2492307692308	0.13818222440842567

drug_180.txt	1.70154767848228	-1.004138666853827	-0.09960506943061309	0.015815924510822033	0.577278306162904	0.4320363473197659	562.843076923077	0.3518868495902622

drug_181.txt	0.398851722416375	2.358136933985617	-0.08670969015074892	0.023264301175887958	0.5892211440717481	0.439074043475201	557.1446153846153	1.6175372265294472

drug_182.txt	1.336295556665	2.438426814506343	-0.1307376317718137	-0.0016370637638392083	0.5898851878680297	0.45393140202556403	581.0184615384616	1.560322024669062

drug_183.txt	1.50659011482776	2.3482210436232607	-0.06718150920196753	0.05916616028485844	0.5915536377415084	0.4562773007440424	683.5784615384615	3.1558507123983257

drug_184.txt	0.259860209685472	-0.9613988867548675	-0.07751241914658841	0.022772887749605286	0.4676067410528919	0.18728091435852298	570.8892307692307	0.8318100904817142

drug_185.txt	1.41652521218173	2.4372996576204713	-0.15588061265796688	-0.025383782230615104	0.5894114874528154	0.4797362879288261	623.1661538461539	1.2345026189118862

drug_186.txt	0.181328007988018	2.4521028365066377	-0.01692266141561466	0.07079767480317956	0.5777279916633058	0.36165938576541495	427.6923076923077	0.30209364672461625

drug_187.txt	0.410484273589616	2.403500133363549	-0.03210081421186656	0.06876897779402802	0.5780299423582784	0.37260691311831395	590.4215384615385	1.4773652476856605

drug_188.txt	1.53434847728407	-0.770570636309575	-0.04955877134929915	0.15406911473472457	0.5921275477221359	0.4758264567313621	289.33230769230767	-0.0534576510691535

drug_189.txt	0.426310534198702	2.3577119704095697	-0.05688235200308467	0.07842736459034749	0.5865222753087252	0.3898101703871553	607.6923076923077	1.3355310584434184

drug_19.txt	1.51597603594608	0.3262456224443865	0.5821724074010266	0.9290179190115899	0.5768740861027137	0.41113270404389884	520.1815384615385	-0.0641898261790931

drug_190.txt	0.374238642036945	-0.668876454518743	-0.16539869369123156	-0.02066645978735293	0.5596128779127136	0.3733888793578068	151.58153846153846	-1.3768860052864877

drug_191.txt	1.6744882675986	0.5183125878936645	-0.10653442482609754	0.004491205520207098	0.515500131106229	0.4672248280969415	539.5292307692308	1.3421532315590385

drug_192.txt	1.60209685471792	-0.8398583193514344	-0.1040426287033771	0.011527450169729447	0.5870742758257858	0.4656608956179559	406.81538461538463	0.42124897170152903

drug_193.txt	0.112531203195207	-0.9006075037107788	-0.06192378979076868	0.04965591905714972	0.569799316076866	0.2772070319001937	376.4215384615385	0.06283231755721008

drug_194.txt	0.233250124812781	-0.77482595551364	-0.1258274296879216	0.0270721396536433	0.5773053223945082	0.4062314614165039	230.75384615384615	-1.4355287622824666

drug_195.txt	0.228856714927609	2.4053985981246853	-0.0011262813985358222	0.1431928175779189	0.5650542838591359	0.28815455925309275	550.5815384615385	0.7060068355117303

drug_196.txt	0.130204692960559	-2.4736600438485152	-0.05123354978749556	0.09382524743337994	0.5586708192761198	0.2787709643791793	255.55384615384617	-0.30487513843903674

drug_197.txt	0.32690963554668	2.3681197820998783	-0.07453843079628314	0.015137349277625667	0.5856859688394582	0.4093593263744751	682.3230769230769	1.5073001995269741

drug_198.txt	1.36325511732401	2.3386788398900125	-0.09231468721052505	-0.003164288354734923	0.5798192532420962	0.4101412926139678	620.123076923077	0.786693639321097

drug_199.txt	0.139340988517224	-0.382009079131316	-0.08401809478269512	0.01662292240745511	0.5169565506806025	0.35305775713099424	645.756923076923	1.3972865936449146

drug_2.txt	1.46305541687469	0.5280818747044576	-0.1166062827029857	-0.08894488695493447	0.4168648373076164	0.3794476648224706	552.6738461538462	1.0913942706879498

drug_20.txt	1.50883674488268	-1.0719049575701032	-0.07598227455641407	0.07573333960879375	0.611042533181948	0.4455631666554405	592.6307692307693	0.7890796208671538

drug_200.txt	0.435746380429356	2.3068766071942646	-0.06609440539841921	-0.009054654319003319	0.5907404524111572	0.4586231994625208	606.9630769230769	1.8771877784237052

drug_201.txt	-0.099301048427359	0.2779019975029038	0.38632317673647654	0.6733794468765797	0.12424834611860354	0.20390204312137603	168.71692307692308	-1.372059608235227

drug_202.txt	-0.279630554168747	-0.5516392706638744	-0.0818896301217448	-0.0031422312972231303	0.08738408519950248	0.1513818198931428	170.09230769230768	-1.1519568398558753

drug_203.txt	-0.261857214178732	-0.47492782881534323	-0.06975022086985627	-0.0008285947436473262	0.08339858890542073	-0.0030894248957784244	183.91076923076923	-0.9626351590422559

drug_204.txt	1.61692461308038	0.03163107195227488	0.6911992612682205	1.2551813287025977	0.4790322765091094	0.31859694237715	358.4738461538462	-0.20075674424437623

drug_205.txt	-0.257513729405891	2.5404901616379	0.4503649763364573	0.7676944152360565	0.12004753658759726	0.1258940645029708	227.0430769230769	-0.6611880305000425

drug_206.txt	1.80594108836745	0.16050648461623507	0.6456427164731584	1.1092860066576322	0.40226866702705527	0.4244097450575611	320.84615384615387	0.043745763693425206

drug_207.txt	-0.253919121318023	0.36212508965631185	0.07126903543526095	0.24648915780453604	0.203244809063053	0.31506026342360444	291.2123076923077	-1.0222554507153367

drug_208.txt	-0.438442336495257	-0.22302905803297907	-0.16627617343088502	-0.15305290269786154	0.10009126570836721	0.013902412031002911	430.83384615384614	-0.009130532056026626

drug_209.txt	-0.217723414877684	0.4699777222042927	0.5781660487439064	1.2412555488274621	0.25830726425991984	0.21947685704599112	157.67384615384614	-1.7538562523969727

drug_21.txt	1.46729905142287	-0.5915134867128354	-0.05880609176191132	0.07861883707331657	0.6030108058992389	0.4355244817914531	609.6923076923077	1.2096298940649355

drug_210.txt	-0.42990514228657	0.19383920433040436	0.6902757723033233	1.1664930695312443	0.20663977412522477	0.13755943857107894	184.2123076923077	-0.8837484938642193

drug_211.txt	1.46225661507738	2.4838280818963154	0.47435285511157055	0.8251926946716804	0.4639002355483929	0.4355244817914531	402.71384615384613	-0.0020579801614516143

drug_212.txt	-0.354368447329007	-0.4298052599409119	-0.13153383788033268	-0.08903085064192817	0.0914477290529901	-0.03939016742117492	259.5692307692308	-1.8347817237426318

drug_213.txt	-0.409935097353969	-2.534906753900398	-0.007851138364910748	0.0397988496431122	0.09881121935127014	-0.028577180285950427	212.52	-1.4249102061431846

drug_214.txt	1.60973539690464	-0.6208398700040283	-0.0860116675260365	0.011838722637218524	0.34436888801408483	0.22934533881571204	370.89846153846156	-0.2254533115183402

drug_215.txt	-1.70154767848228	-0.2553480574031225	-0.4610920218228737	-0.8851687436500479	0.06806723083800945	-0.055609648124011646	235.24615384615385	-1.0532224379588693

drug_216.txt	-0.272940589116325	0.12121175878244886	0.6465896943844265	1.1247359139830562	0.20458155757214844	0.16306203111515538	218.68923076923076	-1.630330724926476

drug_217.txt	-0.156515227159261	-2.5635678895336778	0.3400995661311612	0.5622905430119861	0.09550816745295673	0.09268274687335275	292.1876923076923	-1.3480665323964725

drug_218.txt	-0.457114328507239	-0.20308700195870816	-0.14938264251168373	-0.13012074268580204	0.06427222399715345	-0.10504044645646644	311.4738461538462	-0.8088067068941539

drug_219.txt	-0.0495257114328507	0.11642361558162184	0.5337414547399748	1.0019771891612232	0.130774415085049	0.11353636491985712	453.3169230769231	0.7457520112353716

drug_22.txt	0.103744383424863	-0.7669611746221249	-0.11731034172001023	0.01928473967140154	0.3164147341855598	0.25019491507168584	567.2184615384615	0.5522421327948336

drug_220.txt	-0.153869196205691	0.05031733819305878	0.6633809967128315	1.0226428760688238	0.21992146848045882	0.1854734003205559	369.08923076923077	0.032647698069398136

drug_221.txt	0.379630554168747	-2.3809512975353493	-0.07961233677382068	-0.07743961017503165	0.11123796657126547	-0.14520297010158598	210.36923076923077	-1.0779818119799665

drug_222.txt	-0.347129306040939	0.07237131515589423	0.7039893819457029	1.136655172428183	0.20995382481495534	0.12364893354703725	311.3046153846154	-0.6451751581103914

drug_223.txt	-0.296055916125811	-2.388274584887763	0.3900397614181718	0.6570756718190837	0.10512789742416724	-0.13284527051847225	335.7569230769231	-0.7869373365841614

drug_224.txt	-0.121218172740889	-0.5129286087553087	-0.09497871080392178	-0.056925963801190915	0.0787173362367088	0.1119699465598594	541.3230769230769	0.7566625728327375

drug_225.txt	-1.70129805292062	-0.24506971272831368	-0.12833267057763628	-0.09014895474920742	0.06134878096388071	-0.0872762533057405	324.24	0.06025819046184191

drug_226.txt	-0.102596105841238	0.07306904133170888	0.2454831221875008	0.23220664885986686	0.23211707788475658	0.19861109950992858	465.64307692307693	0.7398050674466119

drug_227.txt	-0.372690963554668	0.05060400491263045	0.6701477416987002	1.0348551570976525	0.20849893952053888	0.05486921426149778	268.3292307692308	-1.427334601459502

drug_228.txt	-1.70589116325512	-0.0126904743437532	-0.13431373535745894	-0.09313706839689179	0.04439343232287313	-0.14674768254947518	298.87692307692305	-0.642839989221833

drug_229.txt	-1.68956565152272	0.2761260627827198	0.6285204426651887	0.9895793605556026	0.21029201164438732	0.11360245769634049	423.76	0.2416134861465503

drug_23.txt	1.81967049425861	0.4234645582438552	0.46036050044108523	0.9693043740486534	0.6654694106528982	0.4911233518073833	550.483076923077	1.2717666552704745

drug_230.txt	-1.71333000499251	-0.3283340133490016	-0.1392040298571701	-0.140727862792483	0.02085806826038874	-0.1382517640860845	307.64923076923077	-0.6223297448655363

drug_231.txt	0.0921617573639542	0.4243536329035025	0.5772866210468708	1.041075804932186	0.586584692262823	0.24961628459808147	486.8030769230769	0.6515740427050258

drug_232.txt	1.5237643534698	2.5075366061167417	0.012074910344753137	0.12703831373586588	0.5820961160823076	0.39312931798780454	432.3353846153846	0.3746834084560071

drug_233.txt	1.68622066899651	2.5323241691579583	0.5435712012889915	0.9315932930484154	0.6011354939664758	0.4749990777259328	472.50461538461536	0.6267456904723413

drug_234.txt	1.6427858212681	0.06065419357401952	0.6460666393825278	1.1355975449250257	0.6258738678270958	0.5483729190006703	533.3230769230769	2.3507647525159867

drug_235.txt	1.89785322016975	0.5990078606565417	0.6892554562160349	1.1349932440383825	0.6382579448732616	0.6935758891022564	626.3476923076923	1.2740545157030667

drug_236.txt	0.20464303544683	0.02910341809709427	0.028978545966371144	0.13576472204311085	0.5678578916349916	0.30971484580178704	437.4153846153846	-0.524115127390575

drug_237.txt	1.63954068896655	0.06179796592662079	0.49614941390282885	0.7499068271057485	0.5950565318352837	0.4232512107216442	568.6892307692308	0.9537652136874611

drug_238.txt	1.59256115826261	0.1590962558258828	0.5958979274569147	0.9969182548029976	0.7045276037494274	0.5675717980792873	607.9692307692308	1.5063189408644477

drug_239.txt	1.68796804792811	0.4664952529168649	0.7220064951944176	1.2402983074569838	0.6810563162321094	0.6849471903351398	524.1292307692307	0.7559634837201177

drug_24.txt	1.29915127309036	-0.882997559658023	-0.013698420764693797	0.18608038943043775	0.6776957400208534	0.5907379939192582	481.43692307692305	0.9848509318718841

drug_240.txt	1.89435846230654	0.13305316196405015	0.550169595125785	0.9363884360226757	0.7043205735097892	0.6278039072632117	550.9015384615385	0.8930612492221384

drug_241.txt	1.56834747878183	2.429860395057949	0.12513554216930614	0.2971829313144382	0.7552876304910014	0.3096548177276111	562.8461538461538	1.7052061934199483

drug_242.txt	1.73225162256615	0.6430842151061246	0.7346555829801217	1.1949991636828192	0.6667433478160012	0.6579199618551739	674.5876923076924	1.9754580388495029

drug_243.txt	0.123864203694458	-0.2936547918653625	-0.12233112022945028	-0.0035727479055181477	0.56786008752328	0.15135247948780994	135.71692307692308	-1.1879563733196636

drug_244.txt	0.215876185721418	-0.22078640974427083	-0.10593072420264382	-0.0016264233658142002	0.48751596006689946	0.31512133936939934	396.4246153846154	0.14646796603842702

drug_245.txt	0.422815776335497	-0.6592957036731135	-0.19998318310467308	-0.173168651535411	0.5456627856283016	0.3606204485755472	82.45846153846153	-1.0638208647564937

drug_246.txt	0.177234148776835	-0.09011676811002443	-0.09741696387690277	-0.005307883845282135	0.5231957829768544	0.11660318572785358	225.44	-0.9136688543066652

drug_247.txt	0.0405391912131803	-0.15373836342074995	-0.1407191337700814	-0.09100834149025555	0.42430307989349036	0.11006076191210638	162.74769230769232	-1.2862022739334555

drug_248.txt	0.0963554667998002	-0.2893162079983692	0.45314812042107944	0.955964771092854	0.5793127857369638	0.26993850026863986	54.86769230769231	-3.6786383034790626

drug_249.txt	0.167648527209186	-0.15145580754304167	-0.09117467321027212	0.008698765358103655	0.4863449938968954	0.20015671117926656	248.24923076923076	-0.8953576229394344

drug_25.txt	1.62561158262606	0.14840609356715825	0.7843663386308315	1.3789841673652272	0.7560321073227911	0.6641140050531903	838.2523076923077	2.2629007959437955

drug_250.txt	0.163305042436346	-0.6737119465518625	-0.14419062183479064	-0.0703859276715102	0.5147723262373306	0.15753013171180222	143.5876923076923	-1.197814292443173

drug_251.txt	1.40599101347978	-0.6620193162652721	-0.07630207831651362	0.071278621298964	0.5488145724519086	0.23475078451170522	263.21846153846155	-0.6208413636961485

drug_252.txt	0.221018472291563	0.623634814652405	0.07403879356729515	-0.1887198251735821	0.5134940447472609	0.2163856337073152	293.59076923076924	0.13852343191132005

drug_253.txt	0.11892161757364	-0.16784848151917323	-0.18822789625246877	-0.12426882455781241	0.4599980258495875	0.19617848088192996	167.36923076923077	-0.6175717733513009

drug_254.txt	1.61193210184723	-0.2858220057929241	-0.44183233266425825	-1.055049556773323	0.4920350262475579	0.17060248539089468	40.747692307692304	-2.5487999530514736

drug_255.txt	1.45272091862207	-0.05976473568911862	-0.14100091925041608	-0.07954668535578818	0.5177220469169797	0.29426772132289497	424.1907692307692	0.8047172088681651

drug_256.txt	0.0943584623065402	-0.0014691342351052517	0.18313001103397714	0.11660996181980476	0.5646671539437434	0.23636761581368854	263.1907692307692	-0.7969277180571321

drug_257.txt	1.49575636545182	0.5292982177143181	0.38982816266126075	0.7447129605792329	0.6124367844912526	0.2934384806396315	442.80615384615385	0.3478785236912261

drug_258.txt	0.154917623564653	0.23494472596042992	0.08080845885838697	0.23960102479025913	0.6980152982492888	0.30733819814361407	376.4246153846154	0.12519302128449727

drug_259.txt	0.314028956565152	-0.4978078139012696	-0.05848674266609083	0.0465483453383026	0.6047987642760717	0.20231811033574595	207.5076923076923	-1.5486945822765095

drug_26.txt	1.35886170743884	0.13995758035086284	0.7613108821027055	1.2710781805759486	0.7600392843891057	0.6578927965749404	699.1846153846154	2.0031268108930647

drug_260.txt	0.211432850723914	-0.2582393433831075	-0.10806366946760057	-0.03984517145171146	0.1363027174182066	0.06700395198182901	372.03076923076924	0.11128992290217651

drug_261.txt	1.76899650524214	0.21045587344829944	0.051559183109216644	0.17610426672920898	0.20773130348922417	0.1746750424497392	241.36923076923077	-0.027010866916116743

drug_262.txt	1.47413879181228	-0.6944130880038681	-0.051037286723804365	0.111731351821803	0.2682284153681638	0.1506620654389103	272.56615384615384	-0.5236562227800448

drug_263.txt	1.53494757863205	0.0930249765916552	0.7097394414548991	1.2151836073959226	0.28360968471961323	0.23251971778148234	415.0676923076923	-0.10751464354716711

drug_264.txt	0.215726410384423	0.4128988878298463	0.5510300816671392	1.0887892077960946	0.5149224634778055	0.38877949749930674	475.4123076923077	1.1687863381207646

drug_265.txt	0.161607588617074	0.015997431684923097	0.06447704441538682	0.17054868907568765	0.18793679447584796	0.07010240062838757	497.7046153846154	0.5672365406347797

drug_266.txt	0.165801298052921	-0.32269627070339263	0.35957334651718953	0.7304617158903067	0.2161414409296015	0.1429159438225139	346.0092307692308	-0.007140049614335378

drug_267.txt	1.57403894158762	2.45786117569321	0.44373020344655306	0.8319830110004034	0.2000228018004759	0.1591827992169464	456.0	0.48236882791931557

drug_268.txt	1.76864702945582	0.007613454329409464	0.6132322181293426	1.1063001151895644	0.2625735074537813	0.33114669910094685	484.4553846153846	1.2016701825696787

drug_269.txt	0.142935596605092	0.09594862250892575	0.6763014017252027	1.1385868222851991	0.30845812721381666	0.18280847014695545	455.7723076923077	0.6600903073282947

drug_27.txt	1.56959560659011	0.2600128283698834	0.8054277309923221	1.3956488106416836	0.760699081594895	0.6944423963846592	911.2707692307692	3.9431685939150998

drug_270.txt	0.061657513729406	0.05006193548017533	0.5958160235108354	0.9352951135739058	0.2422694554962976	0.1336205978828382	406.4246153846154	-0.4010965522017303

drug_271.txt	1.74802795806291	0.1214549847722156	0.6340935045916252	1.1187085442346045	0.2593117958096347	0.25446009509862233	679.9415384615385	3.5080780548244195

drug_272.txt	0.104692960559161	0.11615766073555854	0.5862290016601187	1.0339949288948054	0.2073731384970534	0.2622062167150187	357.32307692307694	0.5392312373970062

drug_273.txt	0.23155267099351	0.29932447181926214	0.5177676048859464	0.987299479534597	0.22638569910949058	0.21960254782483846	514.4092307692308	1.1074632174222334

drug_274.txt	0.37673489765352	0.23065359817971237	0.5486072218692729	0.9720679982922239	0.2299829105390966	0.18087193974285634	538.6953846153846	0.9099324284265927

drug_275.txt	0.203095356964553	0.2391058879130642	0.4755208480502807	0.8881226494828989	0.180903881873608	0.1855196127126942	576.08	1.5873846148468522

drug_276.txt	0.229006490264603	0.24025490927785415	0.6557726080418811	1.2579674771416067	0.36949797025090747	0.4159667308004877	639.8030769230769	1.8508784032734282

drug_277.txt	0.267998002995507	0.511283873329141	0.37655756644843874	0.7918109064461247	0.20223773608206258	0.16460508434842386	552.1138461538461	0.7838379718179537

drug_278.txt	0.270244633050424	-0.7002930984946696	-0.03670964297801882	0.12372861917711803	0.2652883551703186	0.29506969830126667	588.3938461538462	1.658900256750483

drug_279.txt	0.247978032950574	0.2346570659762162	0.6039495598489488	1.0818310008636514	0.25653840539996986	0.21701840326271685	545.8492307692308	0.7461163537701695

drug_28.txt	1.46035946080879	0.19923978478588802	0.7856941449662905	1.2933192466879313	0.753228305639161	0.6368962179608466	736.7815384615385	1.871058507395037

drug_280.txt	1.47498751872192	-1.0947894231081274	0.011386947567568528	0.18116920861294156	0.2651092985338364	0.20910451060719684	487.66769230769233	0.9267998538891432

drug_281.txt	0.0507738392411383	0.12357655925368556	0.17032970058990213	0.41963625651396647	0.538496850315012	0.4623533067870242	673.4861538461538	1.7938235207932278

drug_282.txt	0.360659011482776	0.1509589548571006	0.6213513642051516	1.1350704236826232	0.31577783797119674	0.337665061573103	603.8061538461538	1.2912631424185221

drug_283.txt	0.399600599101348	0.21192434853196912	0.48862608982147837	0.9692858477403448	0.20922341380354278	0.21727871133991952	540.9538461538461	0.5041208024244133

drug_284.txt	0.276035946080879	0.41380442669517914	0.49402653983930545	0.9083232730787729	0.3091515828797232	0.3423118284754852	632.1538461538462	2.737887798240856

drug_285.txt	0.189765351972042	-0.1738256019808178	-0.1970262966741835	-0.1631173203385376	0.21942085011397172	0.16073202354022564	152.33846153846153	-1.4086659255179488

drug_286.txt	0.422216674987519	-0.572375280691784	-0.12865514478338952	0.009865072933712082	0.3122453876040011	0.15101992432741998	198.9353846153846	-1.0646563132509268

drug_287.txt	1.46570144782826	-0.298142583406398	-0.16145751896585578	-0.13850263251931916	0.10474343387368128	0.0685531763051083	488.0861538461538	0.6278842271588864

drug_288.txt	0.202046929605592	-0.6118230439017218	-0.05059137020383503	0.10850373816568837	0.3769982379763716	0.17580268114012473	479.17846153846153	0.9193451813291028

drug_289.txt	1.58442336495257	0.5125791181281152	-0.09006997186141957	0.0792308148060345	0.33671051736756635	0.28035493644372317	455.4246153846154	0.9609707173531307

drug_29.txt	1.49385921118323	0.17371041204279447	0.728069988343766	1.2453695196637136	0.768974463708112	0.681222328368378	785.4892307692307	2.9822084749526785

drug_290.txt	1.5255117324014	0.02652950590226333	0.7616472694813814	1.2804743558762017	0.41813019961745174	0.3598482420475481	369.32307692307694	0.4006327486872873

drug_291.txt	1.49975037443834	0.13456378148207665	0.6801450797327331	1.2169750189337094	0.40099566883158066	0.2992880367785349	143.7630769230769	-1.5387501287358458

drug_292.txt	1.48417373939091	0.11734924229383062	0.7079480713770161	1.3418805020455211	0.4113130209378667	0.29521182884355146	431.1446153846154	-0.052011123020317296

drug_293.txt	0.261357963055417	0.4126388299527562	0.6580764059818043	1.1308344669425183	0.3991282189121079	0.21896298948829584	193.03076923076924	-1.37583753235745

drug_294.txt	1.64128806789815	0.5412864893759186	0.46868473952819806	0.8417228632434828	0.39285512143482976	0.4197756077138935	453.33846153846156	0.8915706682948901

drug_295.txt	1.51143285072391	0.23278066060927777	0.7153673037316797	1.2578428109659294	0.4332776916765095	0.4003134223585331	237.28307692307692	-1.1101860649965536

drug_296.txt	1.82421367948078	2.452709119149629	0.5999881909739981	0.9809286427148807	0.626105365781232	0.39228091622350736	531.396923076923	0.776023343653901

drug_297.txt	1.54787818272591	2.6309355514672665	0.5933844626383358	1.027561899742663	0.3610963313952566	0.26916614404469524	380.8676923076923	0.1471444719043676

drug_298.txt	1.79900149775337	0.0006224690917053521	0.6739157079723203	1.0593548973373788	0.4322909516549081	0.4567282482893689	491.8184615384615	1.0716406290370328

drug_299.txt	0.460259610584124	0.74337939214474	0.5375525929407354	0.9718598668292806	0.3866186296543672	0.2606702255813046	216.5476923076923	-0.7731830447753529

drug_3.txt	1.61148277583625	-0.9372701864787638	0.3448101801950352	0.7456822605939306	0.44412578455553137	0.34158017892369036	477.2492307692308	0.20643609395937118

drug_30.txt	1.78831752371443	0.23288592687781703	0.7695822709305463	1.1865605054340596	0.7714412114092218	0.7893158256779722	742.8092307692308	2.00580428432305

drug_300.txt	0.380878681977034	-2.517405938395321	-0.39543196509489387	-0.8689163421773166	0.3654175404821063	0.21819063326435123	167.43076923076924	-1.3769071384296687

drug_301.txt	1.61118322516226	0.08829606824671193	0.6655383316354274	1.1753746551107005	0.6228436230675293	0.5891935808632601	307.26153846153846	-0.10678713808035707

drug_302.txt	1.51412880678982	-2.5588490879936505	0.5535249100788217	0.9658938821896391	0.3756544341314532	0.3757513029490509	455.87692307692305	0.8120838249233

drug_303.txt	0.400299550673989	0.003662438237120924	0.6686895292857415	1.1363266087699557	0.39555310571749536	0.23209304529535413	365.1630769230769	0.4104157189424454

drug_304.txt	1.54033949076385	0.4306982944730506	0.7166671142432193	1.220223548144949	0.44542787026972824	0.2911782964271165	320.72923076923075	-0.31551426444001407

drug_305.txt	1.51153270094858	0.8333355187719682	0.4745641392074742	0.8937471175725198	0.39960085366188486	0.3031498178982579	144.24307692307693	-0.8247211436147964

drug_306.txt	1.44727908137793	0.35025785133142906	0.6482028060875296	1.0735654589912225	0.4328045212716407	0.40726867487055396	184.8830769230769	-1.989107232892053

drug_307.txt	1.64038941587619	0.4353165688259704	0.5758808293655829	1.032095421306523	0.47633172235459414	0.47295717081741756	279.62461538461537	-0.8618402194703503

drug_308.txt	1.65981028457314	0.05827038954089647	0.5470226536469683	0.9170705090518725	0.3690266787730928	0.33327171063209754	384.95076923076925	-0.15819638697349403

drug_309.txt	1.78042935596605	0.14330787274630968	0.64560748746046	1.1570109194766072	0.44824751482608755	0.47141155914807953	314.96	-0.03298837269722809

drug_31.txt	1.54208686969546	0.1851548382552714	0.7559766815067361	1.3683362688909244	0.756690915009987	0.6407844732597527	737.5107692307693	6.273035005568804

drug_310.txt	1.50798801797304	0.15369760288494114	0.7035767987933694	1.1266085009698872	0.41490508889837596	0.2139426740326559	312.5015384615385	-0.3359131101282129

drug_311.txt	1.79211183225162	2.5561131689879972	0.47844010709432755	0.798479096518587	0.6183211703049297	0.5335947108473299	453.04	0.9375235108727923

drug_312.txt	0.161907139291063	0.01295416003695389	0.5092785314113306	0.876741185974135	0.5771473441229649	0.3868754705275142	391.56615384615384	0.3756201798312685

drug_313.txt	1.35596605092361	0.034782602416274455	0.7400741546910161	1.2205790618018006	0.6269185076488102	0.44912514422378846	474.40923076923076	0.720499064875939

drug_314.txt	0.138642036944583	0.5220054171811644	0.6073847854756279	1.022120496748694	0.4170986549897403	0.25502592544076436	274.2276923076923	-0.6550768852317388

drug_315.txt	1.69975037443834	0.1400263820340007	0.6387578269734324	0.9679083549394805	0.3826193018963574	0.3649383158138264	407.51384615384615	0.22737953513560594

drug_316.txt	1.46595107338992	-0.6235999919670971	0.64336394753118	1.11551080431808	0.446927486575848	0.3081701333538979	161.52307692307693	-2.325561451520833

drug_317.txt	0.42990514228657	-2.530156953751927	-0.048589061210086326	0.09048821124065665	0.3559747155644626	0.18497931563473316	102.62769230769231	-2.6575891257950492

drug_318.txt	1.40369445831253	0.43920842218736644	0.5654915502672783	1.043614036693526	0.3935202475661489	0.35180826000676807	186.03384615384616	-1.4945052579675762

drug_319.txt	1.69885172241638	0.06191700258470703	0.6767773681919548	1.0577483980064148	0.6255812824226743	0.586104754751264	418.00615384615384	-0.09788439571832198

drug_32.txt	1.65047428856715	0.13996350236429214	0.6862901371583174	1.2705274143003713	0.7672103590508033	0.7084401154607218	655.08	2.371990418843654

drug_320.txt	0.22890664003994	-0.41136671886363185	-0.1086070953548762	-0.027223131832668557	0.1472001398940714	-0.08920714386560201	283.26153846153846	-0.34473347183495756

drug_321.txt	1.50119820269596	2.5978201662218616	0.4661007380231255	0.8720485345489686	0.19169480903151148	0.13014202373466616	506.2430769230769	0.6638557647952537

drug_322.txt	1.38482276585122	-0.572768232058689	0.006116338679767325	0.10754353937802325	0.36847119857180566	0.14285820767982063	550.9138461538462	2.049664061935881

drug_323.txt	1.68252621068397	0.06436488387182526	0.5598079998994432	0.92910755861507	0.23067653919003386	0.18652402808262242	480.96923076923076	0.8220402725842454

drug_324.txt	1.81877184223665	-0.4156686534566716	0.4667066869038062	0.789616817306046	0.21255184232457705	0.2228247706080189	431.99692307692305	0.8690072822484651

drug_325.txt	1.85936095856216	0.005781801566670741	0.6778668291898577	1.139034390064862	0.4547082579877611	0.4864901126393892	579.1938461538462	1.852175380470411

drug_326.txt	1.77518721917124	0.25357563768003455	0.622564244508792	1.108784726363068	0.21842947956462544	0.19501994654601307	535.4338461538462	0.604490052342563

drug_327.txt	1.82311532700949	0.2106926977277369	0.6595831944136287	1.1550400861325092	0.3083451185417114	0.25888995461410924	443.85846153846154	0.8608250497578169

drug_328.txt	0.132501248127808	-0.4551187282333045	-0.11612176677713473	-0.07482308647259944	0.18743162110019443	0.10697133701632795	303.7692307692308	-0.2193303220420973

drug_329.txt	1.62121817274089	-0.8123999480249428	-0.018578463263583866	0.13007914455512898	0.2586112220818237	0.15058027295981094	504.76	0.7578139398106988

drug_33.txt	1.62910634048927	0.0005319998818915038	0.7111373154893244	1.2311521626744408	0.7701652944373756	0.7286590430150345	778.6307692307693	2.563845451051672

drug_330.txt	0.23554667998003	-0.37735650354097106	-0.0800137554845819	0.0023772876612468408	0.3493904163431163	0.09807022905587684	189.4523076923077	-0.9996536206237703

drug_331.txt	0.0552670993509736	-0.49063828133055726	-0.10529747556932592	0.024236820176188334	0.5309584001140839	0.42471359039946666	422.63384615384615	1.179901128781142

drug_332.txt	0.329405891163255	0.20750247593083326	0.4281583077691386	0.733640349071348	0.20041232862512884	0.06526410092331922	524.1015384615384	1.084691139087626

drug_333.txt	0.255916125811283	-0.25511441011053076	-0.13349505971274137	-0.07685203211483005	0.1079162663416661	-0.027418645950033516	370.1476923076923	-0.7924056037933082

drug_334.txt	0.226060908637044	0.0227399549264804	0.644615610086378	1.0289573931754443	0.2721567975554674	0.2210224687153291	364.34153846153845	-0.07261044567731531

drug_335.txt	1.69161258112831	-0.6559557348985376	-0.06054567938386751	0.023841011564386505	0.2596865900580493	0.12741407711984	640.8892307692307	1.2236364429182267

drug_336.txt	0.265052421367948	-0.3178973496547831	-0.1259589385666543	-0.06193573391788826	0.14592329114367653	-0.11006076191210638	108.98153846153846	-3.185181999675594

drug_337.txt	0.080329505741388	-0.49516768331872235	-0.12758338091534294	-0.09664943157328648	0.16154343112443698	0.011971521471141394	380.9753846153846	0.29801299595976366

drug_338.txt	1.38746879680479	0.130677701128305	0.5505801840120181	1.0727616954608798	0.23054884606835374	0.24908488222213548	506.4553846153846	0.96244891642149

drug_339.txt	1.63959061407888	-0.763332222107594	-0.07790452090742786	-0.016237185408133903	0.14678308777714932	0.04363812665287025	461.6707692307692	0.3666855390315125

drug_34.txt	1.67039440838742	0.024939445566823655	0.7185599281242702	1.3234160556167782	0.7758722276812402	0.7037742091020344	733.9230769230769	3.2764010741893412

drug_340.txt	0.243684473290065	-0.06422597475602043	-0.12254834346769794	-0.08356061061586545	0.13561816577929436	0.08380065029798976	325.2153846153846	-0.47107082307806014

drug_341.txt	1.59425861208188	-0.010737679933526395	-0.14329521986348687	-0.07604359912654418	0.1765597045516273	0.10465426834449414	195.02769230769232	-0.5943790850869459

drug_342.txt	1.64248627059411	0.31768434167733817	0.47626896396252866	0.8955888063551872	0.29916273278531175	0.2135564959206836	507.8615384615385	2.354290735303893

drug_343.txt	1.60594108836745	-0.26314013736033504	-0.06326027532474349	0.03013460303402743	0.2668296913101027	0.28494420883164223	371.20307692307694	0.1953441551386906

drug_344.txt	0.1618072890664	0.1868548861886356	0.5571982386728476	1.0185514630413652	0.5387690443276977	0.2725889043836577	476.05538461538464	0.396340047145696

drug_345.txt	1.46809785322017	0.6719834819941037	0.5244436672953575	0.9381203552357736	0.26518049411120204	0.22205241438407428	343.4769230769231	0.13283952502709853

drug_346.txt	1.66360459311033	-0.26319644452133073	-0.0718406111425755	0.01046324983371616	0.37372427282998094	0.28571641535964126	524.8492307692308	1.2211080993961012

drug_347.txt	0.276884672990514	2.4031496478253866	0.49533257575434353	0.821068156340418	0.2679722943181316	0.2131290017277324	521.2215384615384	1.1789639967311374

drug_348.txt	0.257863205192212	2.4574452025550437	0.03975831903406363	0.22134626293663928	0.4605948863730092	0.47181818860740754	648.4338461538462	1.5942943088652057

drug_349.txt	1.68312531203195	0.12901637525072482	0.6962973737249143	1.2437030164576002	0.7543466269297482	0.7876269899537749	505.17846153846153	1.7592401636531898

drug_35.txt	1.57838242636046	0.20546938142380583	0.8079796137575601	1.3865880878035584	0.7653282150466555	0.6400068221999716	750.5569230769231	2.0617703470440745

drug_350.txt	1.76390414378432	0.5972776022348437	0.5086904890058501	0.960050402735916	0.7159122772581628	0.6784279677477942	243.24923076923076	-0.006920680209564286

drug_351.txt	1.7537194208687	0.16480314560646642	0.701315232618365	1.1742044977235615	0.786825423908313	0.829996931196876	427.65846153846155	0.7646318375271344

drug_352.txt	1.73939091362956	0.12819970139909792	0.10820999306979212	0.32862697010531533	0.7465249513352474	0.638930449077546	628.6092307692307	0.8610012292466004

drug_353.txt	1.54568147778332	0.48423657293152944	0.742436740723556	1.231579014387144	0.756105629504325	0.7285227380220831	733.4861538461538	1.9022353986532783

drug_354.txt	0.390314528207689	0.5657520106246264	-0.043998504300738456	0.10459378144123405	0.6791170449338876	0.6528707497846924	231.43384615384616	-0.6981777247547682

drug_355.txt	0.109835247129306	-0.9548716472426018	-0.0761086084043362	0.06233705097168518	0.6248951189262867	0.4499619283806718	388.4676923076923	-0.15686397287001633

drug_356.txt	0.122865701447828	-0.9711350174401248	-0.11532767771938196	-0.10501582980611618	0.6086782180691553	0.5259616577533167	824.5292307692308	2.4915382575550162

drug_357.txt	0.106440339490764	-0.3594431814607424	-0.07131936071910955	0.045895730029652304	0.7171635525647102	0.4639022290878182	253.82461538461538	-0.762351143624985

drug_358.txt	0.133449825262107	-0.5097924189172123	-0.03794525990489328	0.0930974886256124	0.6776487197731729	0.5444461887291089	329.72923076923075	-0.019802871641583893

drug_359.txt	0.303344982526211	2.348569877441557	0.01139824510348647	0.17281326350673243	0.7551370986816871	0.549867416781888	735.1630769230769	1.9377461798110989

drug_36.txt	1.79226160758862	0.5219673772453833	0.7600976180313848	1.3535251753054618	0.7918333258938817	0.7628756896454096	863.2923076923076	3.158744488653842

drug_360.txt	0.0764852720918623	-0.3917670523063963	-0.1620440202229817	-0.09676726939481228	0.5996081397250409	0.3489627788186586	-53.276923076923076	-2.2058359792729796

drug_361.txt	0.193609585621568	-0.1497298137395106	-0.11420523830227614	-0.017957474155769093	0.5959128312534214	0.40349425935685024	232.84307692307692	-0.7994052598621426

drug_362.txt	0.297503744383425	-0.739523676726434	-0.053965150884491775	0.10411022912190132	0.6724751925540434	0.5165655873148159	77.1876923076923	-2.0202873372626917

drug_363.txt	0.216724912631054	-0.6899977925061418	-0.04560922109210658	0.04555355201501843	0.639635157441024	0.5057231312092576	477.1907692307692	0.37220639748012363

drug_364.txt	1.45032451323015	-0.7620338589235308	-0.010862125905729714	0.16816398861817888	0.760929577622674	0.5940117023545185	627.0707692307692	2.013242892618446

drug_365.txt	0.227059410883675	-0.4336069526573683	0.052690704756554185	0.20000448985089814	0.7407640139737453	0.6180199980168263	529.3507692307692	1.1683859523242004

drug_366.txt	0.155317024463305	-0.6171235814709433	-0.004786342791574305	0.1462318522932337	0.6985836766505898	0.5064975923596546	322.51076923076926	-0.08176052437976891

drug_367.txt	0.211382925611583	-0.36833844730312376	-0.00025313269834065233	0.19011425876329285	0.6759942525031518	0.36167335723541083	396.99384615384616	-0.6522222659584911

drug_368.txt	0.200049925112331	-0.6355533133273358	-0.021690248303984527	0.13223090156772394	0.7139272324690269	0.4135622543120116	399.85846153846154	-0.07705654982106143

drug_369.txt	0.112930604093859	-0.6348872780787184	-0.07799002506834435	0.05330524099663003	0.6719328141952987	0.6048541584600768	361.9661538461539	-0.2214863833987757

drug_37.txt	1.78711932101847	0.5605621573751072	0.7880835219846871	1.3811486400980337	0.7806468438098343	0.7216601834770032	688.5076923076923	3.1560065851822476

drug_370.txt	1.56125811283075	2.2841779659442927	0.524271687497964	0.8988667242419204	0.7937602491830571	0.6830747346501764	668.7507692307693	2.0888111454205776

drug_371.txt	0.152371442835746	2.504008064261266	-0.0974258213387256	-0.010245020505222191	0.6688153248599399	0.4663165213070643	134.57846153846154	-0.9650444494318794

drug_372.txt	0.0708936595107339	2.3574798490185165	0.012811275464933436	0.10149513616031641	0.7122752145544488	0.5622587951882404	577.0523076923076	0.8276872755359665

drug_373.txt	1.60803794308537	0.37988069372078176	0.560586363068849	1.057079661995546	0.7667781112916159	0.7440630969007435	110.16	-0.5771850737200751

drug_374.txt	1.53704443334998	0.299091773002984	0.7861674102656678	1.5895826908334643	0.7807706111880234	0.6923682684549408	691.8892307692307	2.0551622953523694

drug_375.txt	1.5290064902646	0.3267172000229741	0.13984791117290093	0.510062230182515	0.774856363197691	0.6296369152727816	748.0184615384616	3.138462911923479

drug_376.txt	0.306390414378432	2.343827922645695	0.008619096207554244	0.19384624097268832	0.703917907672438	0.334567216971515	379.5169230769231	-0.2841393622128394

drug_377.txt	1.70409385921118	0.06192296159264295	0.5482664194613365	1.1276309634209893	0.6378387620717542	0.5727735714683848	642.8153846153846	1.846548495030124

drug_378.txt	1.49895157264104	-0.6092127289148914	-0.13818666788943482	-0.042813098029083396	0.627787982766826	0.46312776793742116	133.89538461538461	-0.8886239885712152

drug_379.txt	0.164653020469296	-0.14186120961274434	-0.10315116232826149	0.011273471698718951	0.5414875362996782	0.2923967984777513	410.67692307692306	0.27822255463616835

drug_38.txt	1.45172241637544	0.07443671223964902	0.7231401506954477	1.3650245788319288	0.7384817701282111	0.5980136649717839	599.0861538461538	2.3420841616435313

drug_380.txt	0.118572141787319	2.488691395271371	0.5118535972048224	0.896070083595133	0.6944939765505102	0.4214868744014394	612.7692307692307	1.1982623782925135

drug_381.txt	1.47798302546181	2.474547775891816	0.7273252505713481	1.2871470531072986	0.7258756191658029	0.4829213081241584	295.89230769230767	-0.6819936959938343

drug_382.txt	0.213929106340489	-0.6528722551445783	0.003911562935071	0.15869036872357356	0.6121543743444662	0.28384263682015753	373.54769230769233	-0.013665957667167656

drug_383.txt	1.55461807289066	-0.9666662142737705	0.021920252752559877	0.17580126420332864	0.6310821744678947	0.43392929135793945	472.9846153846154	0.6146482246453181

drug_384.txt	1.62835746380429	-0.9196528433428418	0.027375516539186517	0.17923173556133132	0.6152170825342613	0.340611164184189	286.93538461538463	-0.4103535052602615

drug_385.txt	0.208686969545681	0.2900645465328701	-0.00998285079157163	0.16374584619612642	0.5258982313202172	0.3592747896189391	539.2061538461538	0.973719022016507

drug_386.txt	0.25681477783325	0.48967200110984543	0.7114331330008598	1.3245950968920566	0.7125681164533478	0.48603191236328336	410.45846153846156	0.3886850947590456

drug_387.txt	1.62341487768347	0.34635715047699606	0.6785271739825565	1.1815506092907164	0.7360658986811897	0.5148050015751898	345.91076923076923	0.019219792308396343

drug_388.txt	1.7036445332002	0.4697129621386058	0.6341295987226279	1.1492652684137918	0.6968503416275689	0.4922531208415335	378.15384615384613	-0.685034283086283

drug_389.txt	1.63240139790315	0.3792392649335887	0.7092275041279511	1.3557447488010341	0.7343434672505097	0.632230311602159	469.64307692307693	0.32400703464332714

drug_39.txt	1.4164752870694	0.07224328403817584	0.6287665953070579	1.1815630519385718	0.7264527972872177	0.48836486554262715	560.8092307692308	0.7982106622654243

drug_390.txt	1.47044433349975	-0.7402568455954082	-0.1112466528370594	0.06370407510834797	0.5805083053776375	0.41059975956450184	207.1323076923077	-2.0167760228901392

drug_391.txt	1.36420369445831	-0.9439824351017635	0.10150480781389387	0.255573588806186	0.6860280599361428	0.3810490192928142	473.3292307692308	0.011705861967784713

drug_392.txt	1.7155267099351	2.3733714059439155	0.11291194314690373	0.29678587430751163	0.694921379633426	0.6205655457054403	434.8246153846154	-0.09459524600117897

drug_393.txt	0.230404393409885	2.418014588394427	0.5948991700417661	1.0148058589844193	0.7302399149728422	0.5474663460860025	742.3107692307692	2.329542862871365

drug_394.txt	1.76525212181727	0.4241305777269946	0.834256200455135	1.400851720024535	0.7686986582860812	0.6788893751890344	459.2307692307692	0.802346970368149

drug_395.txt	1.45856215676485	2.501742388062065	0.7301392184456091	1.2694099968637942	0.7027769297722776	0.5015849335589085	545.4492307692308	0.9802579164865077

drug_396.txt	1.47598602096855	-0.5854778038290912	-0.09280570634812393	0.07658220725454679	0.6136536292821273	0.4222645254612206	388.5692307692308	0.28162611277275734

drug_397.txt	0.28437343984024	-0.8367119705616501	0.11549619977001824	0.28940366625424413	0.6855651185258467	0.4090444574449393	492.3692307692308	1.1025729560826538

drug_398.txt	1.74538192710934	0.5272168410284048	0.6294347192081311	1.1897519081524253	0.7014374978310952	0.5350239291295024	430.90153846153845	0.4349826044116013

drug_399.txt	0.37708437343984	-0.6230148183748297	0.002297861613105523	0.11206100915341594	0.6900039205514281	0.27839907940168873	196.87692307692308	-1.5159273008439296

drug_4.txt	1.4163255117324	-0.9018751399797299	-0.07471004551641075	0.03565611549783598	0.4902087545954424	0.49662505199638174	588.0892307692308	0.9649994935317386

drug_40.txt	1.65157264103844	0.29894033475471005	0.734097036206186	1.2782039548032165	0.766575472974208	0.6757787709499092	717.9353846153846	2.2450091851101845

drug_400.txt	0.390813779331003	0.05218068667702838	0.8009352023650906	1.322768141047197	0.7401119135025475	0.5902371543739714	365.61538461538464	-0.1268557781553735

drug_401.txt	1.51952071892162	-0.5621215851185257	-0.07118537577063272	0.11360345945244471	0.5052039046060349	0.36238539385806406	384.6923076923077	0.7855356832815562

drug_402.txt	0.341637543684473	-0.5358950168996143	0.0161458112824458	0.1329592779095437	0.6627416990378542	0.4238198275807831	611.8123076923077	1.4732401395944823

drug_403.txt	1.32910634048927	-0.4279175805337472	-0.06780829071541566	0.052645697975996775	0.6012682992939964	0.3483876747820015	332.61846153846153	-0.5869934885757163

drug_404.txt	1.77833250124813	-0.6533786039113003	0.10561354626823313	0.3333841581111306	0.6381880958302006	0.3942690873090955	430.16923076923075	0.5546105041136259

drug_405.txt	1.80529206190714	0.1409109088989819	0.6116195958606852	1.2077935292322692	0.6604811137409266	0.5311356738305961	590.0676923076923	1.1379821234900975

drug_406.txt	1.70579131303045	0.27227347947464864	0.6038765836952605	1.1128214269661623	0.7256278935525777	0.5280250695914711	340.38153846153847	0.71985578044298

drug_407.txt	0.278482276585122	-0.03419986317493495	-0.49020916380226376	-1.0167896686730145	0.5122526237712519	0.2036258866046266	144.5476923076923	-1.5740255435037047

drug_408.txt	1.44043934098852	-0.1802629998428588	-0.45323014493735103	-0.8476589818929037	0.5545354572995205	0.281528214434427	309.84	-0.9765391955344789

drug_409.txt	1.65157264103844	0.30324476690125163	0.2396897492038661	0.26108376095473934	0.6405057753230385	0.5013516147462398	281.4123076923077	-0.9650953999174958

drug_41.txt	1.78172740888667	0.13276109587965726	0.7378917990082483	1.4126299520032428	0.7781916279985738	0.745767366330222	740.6553846153846	2.0782252075469922

drug_410.txt	1.57423864203694	0.18405160426710127	0.25887655724251324	0.3011511350095345	0.6583206185440731	0.5084979986873615	410.1753846153846	0.21421291025755337

drug_411.txt	1.80409385921118	2.6176176719059137	0.5802957965441571	0.9496360819150681	0.61779821020222	0.5457711241674869	516.6676923076923	0.5211052453803691

drug_412.txt	1.41697453819271	0.1643738401894616	0.26053388643211917	0.28327333443347086	0.5955196933911806	0.5376031930432755	362.01846153846157	-0.2425229089522627

drug_413.txt	0.398202695956066	-2.296066505417808	0.03478544239567985	-0.1358982528853791	0.5702131894168138	0.2707298719629695	381.2338461538462	-0.1284593412000084

drug_414.txt	1.81907139291063	-0.16810528699467128	-0.39087738983423914	-0.7294834420411203	0.5467076031599352	0.2844485096296648	273.5261538461538	-1.5479475600882973

drug_415.txt	0.153669495756365	0.060372785443432664	0.22091283653239752	0.241002633515355	0.605403647210499	0.32162401891159614	511.70153846153846	0.39535006930802596

drug_416.txt	1.66600099850225	0.15856915923031487	0.611034047317687	0.9443852048710879	0.5659488495547662	0.5222597974907801	491.5446153846154	0.8537323153417741

drug_417.txt	0.342386420369446	0.03781561189744956	0.6402306185325765	1.0525577642573596	0.6091380844101807	0.34496126845331965	541.7261538461538	0.5432259952579727

drug_418.txt	1.69980029955067	0.08590883519340256	0.6363033463520194	1.0578631564688552	0.6702050104508016	0.5854244239883015	567.0615384615385	0.8513985156094528

drug_419.txt	1.52131802296555	-0.2958296742298768	-0.5768528653944633	-1.0515594613432748	0.4540387002868051	0.2590752901436747	305.12615384615384	-2.5696492431659848

drug_42.txt	1.70983524712931	0.29961622775138325	0.7569359611919548	1.4182418197660094	0.7653167980197274	0.6750011198901279	708.2923076923076	1.6692034609745272

drug_420.txt	0.364603095356965	-2.2228252906134314	-0.08028625473359008	-0.04950490219696807	0.636368828562162	0.2058204663173997	141.72	-1.6277989101175951

drug_421.txt	1.86794807788318	-2.4443203819573447	0.17995139710492045	0.16763059858874285	0.6035110380933904	0.3594305422642272	240.1723076923077	-1.706969111067757

drug_422.txt	1.60234648027958	0.03233682519318576	0.6030544800898651	0.9828041910550269	0.6845205357523014	0.5144638877472952	381.2	-0.024196929042601616

drug_423.txt	0.227708437343984	0.08068072836129608	0.24369761761571218	0.23093007035413626	0.6264179870168719	0.38726157379151377	368.3784615384615	-0.47212385120042555

drug_424.txt	0.275686470294558	-2.247449287703378	-0.5116616390863121	-0.9467083238458881	0.4739273206534482	0.2744272884231996	273.79692307692306	-0.3279725129165989

drug_425.txt	1.46070893659511	-2.5237433227844113	0.05936202228459875	-0.1574845987502494	0.5553360653029766	0.305202878670561	336.3169230769231	-0.3640587907427558

drug_426.txt	1.62835746380429	0.40684640513958426	0.24262889430690138	0.3026860505395848	0.570388198273164	0.45353038380121385	309.17846153846153	-0.474271741621055

drug_427.txt	0.212980529206191	0.2791282670669106	0.2633459445846233	0.27960948334220526	0.6277256473549873	0.3556011061435535	450.52	1.402564958132206

drug_428.txt	0.327658512231653	0.5300998433491876	0.6294905344501405	1.1276529005271205	0.6635673056473278	0.37717067632447887	274.0338461538461	-0.7696142464552523

drug_429.txt	0.234098851722416	-0.525275314661091	-0.15442621483698157	-0.14892989986632021	0.5683149447879783	0.18269457122555702	445.85846153846154	0.046504723331233226

drug_43.txt	1.67224163754368	0.16997067357563153	0.7665930445720396	1.2420275247963937	0.7497321342923753	0.5964583628522214	651.1538461538462	2.8595608651847133

drug_430.txt	1.39660509236146	-0.6139445638222244	-0.09174323010181445	-0.04375047808234911	0.5687750892451425	0.2597808881983659	194.81230769230768	-1.0338786169702712

drug_431.txt	0.233050424363455	-2.5750171159130772	-0.08994287748530386	0.0002571407073448384	0.5940803985256712	0.20736219265685588	366.2430769230769	0.5509233250046923

drug_432.txt	1.74922616075886	-0.352852320693915	-0.3764380270445897	-0.533921897580025	0.5628375891374908	0.364829713499956	457.5015384615385	1.4065127721381285

drug_433.txt	1.8690963554668	0.35925890327438886	0.7034687109360058	1.1150447022095367	0.7658954213453493	0.4505695227060678	634.0953846153847	1.5108223678136725

drug_434.txt	1.43874188716925	-1.0327551404444486	-0.10544688820745685	0.002662691678184781	0.6529013214401657	0.17109858349713267	162.72923076923078	-0.7317100634869868

drug_435.txt	1.74677983025462	0.1393878660868618	-0.025881433864014064	0.04242871956343264	0.6305404772633018	0.27673987793238386	250.28	-1.4721500913111705

drug_436.txt	1.52641038442336	-0.24410713082892424	-0.45523844631011634	-0.9478035888820154	0.5229422360779494	0.27767166355176354	210.40615384615384	-1.544210201044146

drug_437.txt	0.0736395406889666	-0.7967748080403372	-0.04625297341963258	0.09414688147820166	0.38033820699413073	0.13686658652150063	386.24	-0.0357132462492516

drug_438.txt	0.20464303544683	-0.1721945882391595	-0.06516726044659438	0.06117622869238759	0.4137060689527904	0.2185199477985322	257.01846153846157	-0.9304826876237757

drug_439.txt	0.313729405891163	-0.8507082206282457	-0.061727571761147404	0.04981231612205028	0.40977628531833027	0.27295552198322	433.6123076923077	0.3649792454996588

drug_44.txt	1.79925112331503	2.3538806761898994	0.6868396847229035	1.2515590463290724	0.7573256852407795	0.6757787709499092	721.7076923076924	2.492738340386216

drug_440.txt	0.212930604093859	-0.2207723608626484	-0.08519143497144963	0.04677079796441336	0.41003248121087454	0.20763283296159468	296.46153846153845	-0.25182457482526605

drug_441.txt	0.097603594608088	-0.0010543518101937543	-0.13327875517947327	-0.03282807233510532	0.40119805984848683	0.2255188073365635	243.1323076923077	-0.462681947847427

drug_442.txt	0.163954068896655	-2.089539028706471	0.005800361049452474	0.16434022690625888	0.517181761503163	0.24496008383109485	501.4738461538462	0.9150894616422738

drug_443.txt	0.178632051922117	-1.3345487774491418	-0.05567116188819565	0.0729710183454384	0.32609128348561695	0.230184713695251	649.3323076923077	1.9186385216254493

drug_444.txt	0.21128307538692	-0.9569848812841895	-0.0975218376319249	-0.022147556812340263	0.3539971423233702	0.22163055203765722	533.8461538461538	1.1227968218066495

drug_445.txt	0.0385921118322516	-2.0961745151659588	-0.0331493886891962	0.1311329170609301	0.46133150322195277	0.25662484972781363	506.7661538461538	0.6923404655739989

drug_446.txt	0.174837743384923	-0.5763981237293998	-0.13946248674298806	-0.030265900311697513	0.3183587629443505	0.20218927554312588	304.3876923076923	-1.079963751768162

drug_447.txt	1.53389915127309	-1.463004533986048	-0.13309378969910074	-0.06473846019872376	0.43380814026586334	0.3981573426080018	542.2276923076923	1.0914911908811153

drug_448.txt	1.41462805791313	-1.0184072249434823	-0.1013165641054346	0.053747772462278465	0.40735998036408383	0.38727022777106423	716.7876923076923	2.342189851838487

drug_449.txt	1.75052421367948	-0.4740625940787079	-0.03758413367274008	0.13480170385018436	0.4564398220899232	0.27762142834190745	250.89538461538461	-0.835297588167826

drug_45.txt	1.64827758362456	0.0008209702316987616	0.778843340831022	1.5530168808704956	0.7512351289444923	0.629119707363034	629.3784615384616	2.576841751279436

drug_450.txt	1.80179730404393	-0.6311159162377741	-0.11071150967094667	-0.053999937406448706	0.42193774568711667	0.3328346535863765	634.4923076923077	1.7546700517478975

drug_451.txt	1.62571143285072	-0.5752436886123402	-0.03698259948171351	0.07493123408657887	0.41252856574716357	0.32039223662987637	607.6892307692308	1.5433603146134085

drug_452.txt	1.79990014977534	0.5072438775735075	-0.02440447546521035	0.12235096986305316	0.42973309105456864	0.3491653258417828	571.516923076923	1.1516039426979354

drug_453.txt	1.49226160758862	-1.0267907763553485	-0.150649400107855	-0.10330782313237385	0.4078720185609745	0.27295552198322	481.4307692307692	1.5386661174335419

drug_454.txt	0.15381927109336	-1.1113001544732155	-0.15024805404660613	-0.08010010611128371	0.405131844267896	0.32194753874943893	654.5107692307693	1.3028526073326074

drug_455.txt	1.53200199700449	-1.1257742383194635	-0.15033138904123589	-0.06388222926942266	0.43369150640792287	0.444816406194877	699.3046153846154	1.6679380274719509

drug_456.txt	1.84343484772841	-1.154976736177721	-0.1419345657143128	-0.06669962334436441	0.4306794106473559	0.3110604239125013	488.7323076923077	0.08725593497649874

drug_457.txt	0.374488267598602	-0.7675314170575718	-0.113035031949413	-0.021353545545954034	0.4165463052975241	0.340611164184189	554.6615384615385	0.9333559390672518

drug_458.txt	0.410883674488268	-1.1240580632518458	-0.14646639023281582	-0.061501091550306586	0.4109530805870059	0.31261572603206395	632.2276923076923	2.410014979957157

drug_459.txt	0.385222166749875	-0.7863739985635205	-0.08567943991313837	0.0211510068010069	0.4168679259286785	0.3546088832602516	500.24615384615385	0.60835369195208

drug_46.txt	1.82111832251623	0.4308662119219863	0.7272795606805429	1.3763933957974004	0.7873188762351745	0.7123283707596282	693.2584615384616	1.5425890524895238

drug_460.txt	0.34318522216675	-1.149696979301294	-0.044654963963305316	0.07346941311219607	0.40174377071473455	0.2418494795919698	503.3169230769231	0.6409862090397623

drug_461.txt	0.176984523215177	-1.0089214831113282	-0.05240524158701043	0.06856476706343212	0.40652743021480114	0.331279351466814	541.276923076923	0.939986461894253

drug_462.txt	0.426610084872691	-0.9865265971430481	-0.061641564633670265	0.06501806370354463	0.4040648355556952	0.2068551819018134	580.1538461538462	1.6890576513496753

drug_463.txt	0.16045931103345	-2.2571512417516635	-0.01864683666000949	0.1157035527009263	0.5685120092528002	0.4658129848089708	679.1261538461539	0.889104773839268

drug_464.txt	0.219570644033949	-1.207223400270328	-0.07480681185879345	0.023560669543231327	0.4109531816649731	0.31805928345053264	488.9753846153846	0.6759229954686914

drug_465.txt	1.77898152770844	0.33160345174957	-0.00846572373794835	0.12606704586884565	0.4599485701824654	0.42770808287968937	586.9538461538461	1.0790842764063024

drug_466.txt	1.92036944583125	0.059002467036396555	0.2983627799226183	0.20306009707480227	-0.009842679948739923	0.042085255775947156	131.90769230769232	-1.7541625770436062

drug_467.txt	-0.0701447828257613	0.07768569939276143	0.6012276308303008	1.1023020312200098	0.06672188424705394	0.12292893724230927	361.38461538461536	0.46155579499594873

drug_468.txt	-0.326410384423365	0.47657978346331886	0.560063033572034	1.0841069552688727	-0.0020025119330708274	0.1703607605099076	257.39076923076925	0.5470261765246375

drug_469.txt	-1.68257613579631	-0.07888540763001678	-0.15018451231780397	-0.10908076683310097	-0.19197116594232427	-0.0747737274636246	201.6769230769231	-1.8373663960545117

drug_47.txt	1.77643534697953	0.36962836511227726	0.7632244206712514	1.4263977011823967	0.7766947370046356	0.7061071622813782	639.0646153846154	2.930623401299752

drug_470.txt	-1.69375936095856	0.6491691802557471	0.6135471337156588	1.1010034913169047	0.07996476197406954	0.05781473772960666	345.82153846153847	0.43237751686954795

drug_471.txt	-1.72566150773839	0.11610489761574883	0.46493447433679336	0.8419916163180454	0.0516513462412183	0.08208107721821904	427.3446153846154	1.1963959651909108

drug_472.txt	-0.026110833749376	0.29046639170017474	0.14907282827497925	-0.0049674306513653455	-0.1383599101355267	-0.06980357097620722	292.6123076923077	-0.22183188482988453

drug_473.txt	-0.0661507738392412	0.34807317671507737	0.27494351148977636	0.17215570646065237	-0.13614802603845816	0.19784106028063153	284.48	-0.1762542415255582

drug_474.txt	1.83165252121817	0.5802986167634554	0.25856812044991034	0.3166569506821439	-0.016074846270157265	0.12007811510384922	240.53230769230768	-0.8508517445664898

drug_475.txt	-1.47858212680979	0.799539327797839	0.30143567137449623	0.4582532308470603	-0.056678447555862196	0.011196994655985941	230.85846153846154	-1.274414381868239

drug_476.txt	-0.0447828257613579	0.4236078659684936	0.2366506483375621	0.2114034108257976	0.02562765278479843	0.21197069193573384	109.8276923076923	-0.8787734305994311

drug_477.txt	-0.080928607089366	0.3781809463924836	0.5882714576056253	1.1289341216892206	0.1335689798222805	0.2829067832902086	147.03076923076924	-0.8064433735336359

drug_478.txt	1.87269096355467	0.4302906683854321	0.28758560950715667	0.3282469555986809	0.0054059978095920246	0.15482740886380555	-18.38153846153846	-2.684130922171009

drug_479.txt	-0.0374438342486271	0.38523295109760386	0.21836842598865114	0.06987732463711405	-0.03558795176383479	0.05591998779861904	208.97230769230768	-1.3046073901971726

drug_48.txt	1.59740389415876	2.2802476913272063	0.025812200315393496	0.20375331184465212	0.6592654846243358	0.5560205077435962	670.5076923076923	2.512924389942684

drug_480.txt	-0.0326010983524713	0.029313430211434954	0.6444698047231865	0.9705661334845852	0.033567744742232924	0.055148677622086376	269.1323076923077	-0.40150423685938874

drug_481.txt	-0.0218671992011982	0.08487141439181928	0.6383367672171715	1.1380092487350195	0.07525528300810078	0.07288881168233795	376.8276923076923	0.08513911210250477

drug_482.txt	1.93230154767848	0.05743834578964774	0.6534355920393365	1.096241610621125	0.03958893528880037	0.10451252892017768	282.0861538461538	-0.31121759795410336

drug_483.txt	-0.0517224163754368	0.08721824039559478	0.6674193855275123	1.1558523799313882	0.04990526313990553	0.16775996339585716	250.26153846153846	-1.6431871377568146

drug_484.txt	-0.0841737393909135	0.18976268290388443	0.2598274963756962	0.22153506733162248	-0.027643293703490283	0.09845633231987638	375.66769230769233	0.4347528327159473

drug_485.txt	-0.15681477783325	0.23611040312015547	0.2421331471081588	0.19632457288355992	-0.07713065303216496	0.059005228504749756	230.88923076923078	-1.1810028628008664

drug_486.txt	-0.304493260109835	0.16418990426604793	0.5977379697679951	1.1377625805092908	0.029774741450783355	0.055887579805286434	318.48615384615385	-0.040663092635718795

drug_487.txt	-0.226560159760359	0.06957398632539824	0.2559758287801636	0.22040381294798916	-0.05928712224821235	0.03127436438396073	379.59384615384613	0.1939767661498406

drug_488.txt	-0.310034947578632	0.11123547906484602	0.6442496951807721	1.1199617752640616	-0.009065743847190139	0.2911695916410854	504.2769230769231	0.6831582184120557

drug_489.txt	-0.394058911632551	0.17170558802821287	0.25656369983348615	0.20501308606124957	-0.0728738452513714	0.05212394063993455	421.48	0.35318467342282706

drug_49.txt	1.86435346979531	0.778938167685462	0.7971184182027555	1.3155088085199371	0.759045043372479	0.7317696472541595	719.4215384615385	2.7206791847111305

drug_490.txt	-0.405491762356465	0.10831219791722119	0.6164943642095821	0.9548909245058483	-0.08741642997704321	0.026209347770755016	412.50461538461536	0.5382863986110451

drug_491.txt	-0.128756864702946	0.010889118078428073	0.25852337496690747	0.26907981432203243	-0.05198440255786558	0.05135173411193551	444.6953846153846	0.038800115715561204

drug_492.txt	-0.250224663005492	0.017980257867738658	0.24179399221460485	0.2858313677896756	-0.12656327351513427	-0.028152821443442694	531.3938461538462	0.8765603027916257

drug_493.txt	-0.0650024962556166	0.08486983007616983	0.6127326887045084	1.009971466835554	0.1213898793216622	0.03352607379335708	306.9384615384615	-1.0222096261710003

drug_494.txt	1.73814278582127	0.07250506908945217	0.5457633400318733	1.038500713825898	0.4717713543692393	0.4551947017244364	424.59076923076924	1.0061299507278318

drug_495.txt	-0.080828756864703	0.0459214360078799	0.6496920564625008	1.1910231099872957	0.10674210870171136	0.12610921386309262	402.7692307692308	-0.3081049367025506

drug_496.txt	1.8136295556665	0.132147439059205	0.6306847810845366	1.127885659226338	0.16581387263312716	0.23794918946033072	365.64923076923077	-0.15023173709547025

drug_5.txt	1.86285571642536	0.18233281152518183	-0.06353450991805781	0.026491771361785765	0.4768633533388167	0.4737299766520865	556.5538461538462	0.8582451274418207

drug_50.txt	1.46779830254618	0.05276295402069392	0.04675708509379567	0.21872416077138923	0.685016059563399	0.5567981588033775	698.3138461538462	2.3176460140768964

drug_51.txt	1.92581128307539	0.5308217909744057	0.5691466285390437	1.011639314465421	0.7192667474404273	0.6104560819282839	663.0738461538461	2.757850555790934

drug_52.txt	1.70064902646031	0.14959620301464083	-0.0761958200034395	0.04928057750683512	0.592241512270204	0.4440387551350957	756.96	3.023740785894505

drug_53.txt	1.75132301547678	0.3095233918013214	0.1406661720009565	0.34773726594936955	0.6948379666631558	0.5350239291295024	677.9076923076923	2.4409296935326066

drug_54.txt	1.54383424862706	0.06927596890491078	0.4781289980071076	0.8970954273937117	0.7043177004594111	0.6205655457054403	662.7107692307692	2.083590830160133

drug_55.txt	1.46470294558163	0.3926637028478772	0.7809049564824411	1.4361475959129146	0.7622301522802818	0.7162166260585344	681.2584615384616	2.6251782431996786

drug_56.txt	0.153919121318023	0.35864705188002444	0.7597619828552042	1.3343829161108607	0.7176151509205961	0.5902371543739714	715.6123076923077	2.481948076402018

drug_57.txt	1.38791812281578	0.006193124817078663	0.4439195844265662	0.8388195611200628	0.7106094179574532	0.5599087630425025	656.2738461538462	2.1365990943694264

drug_58.txt	0.430404393409885	0.1218128826060178	0.6504066131222729	1.115560100978327	0.7403038952934563	0.635340915841284	754.36	1.7378615722103705

drug_59.txt	0.346530204692961	0.5474335155865688	0.7607331929816821	1.2030057668884382	0.7587472257113284	0.6571151455151591	729.0707692307692	1.5888823566506034

drug_6.txt	1.4973040439341	2.4821979463796278	0.44421138528092485	0.8190058898074208	0.5301386641443737	0.5046422100388459	559.8153846153846	0.9559891640353322

drug_60.txt	1.74273589615577	0.024301660674015152	0.5518916226979357	1.0857225438316265	0.7364331136215942	0.665669307172753	667.1507692307692	2.037434198280103

drug_61.txt	1.91023464802796	0.14444018939010572	0.6973500244399617	1.2206068867547606	0.749796442593128	0.6462280306782217	770.7969230769231	2.7892434438615346

drug_62.txt	1.87184223664503	0.0777478570482765	0.6976094962929658	1.3014049000309393	0.7478370396992394	0.6361185669010653	720.3015384615385	4.166984125513331

drug_63.txt	0.400049925112332	2.4277839774076853	0.530559638514766	0.8935568832306275	0.6841538731034087	0.5241368142925649	640.2338461538461	2.395352271683602

drug_64.txt	1.43230154767848	2.3338774058289653	0.07377747043750299	0.26200740958979657	0.7237695520638476	0.580127690596815	787.3138461538462	2.3796645492747075

drug_65.txt	1.8763854218672	0.46832930023768454	0.7628986532507843	1.315059802967581	0.769923081599898	0.7286590430150345	618.48	1.798644326390368

drug_66.txt	1.88971542685971	0.22551369244980224	0.1486601263704918	0.34917868123509205	0.7143217512079683	0.5995689670913464	479.6707692307692	0.7647441215307382

drug_67.txt	1.87279081377933	0.14641803827953687	0.721587388271786	1.2277561174532727	0.7339828234267626	0.506250839917596	516.7692307692307	0.5467805024392758

drug_68.txt	0.306440339490764	0.035586245598121846	0.14693479269054843	0.344584910869816	0.6512232135969744	0.39193613412975176	409.8523076923077	-0.18190713861949212

drug_69.txt	0.307938092860709	0.43138181302833445	0.7722457074963072	1.3598000363320444	0.7505420347748235	0.6011242692109089	404.1969230769231	-0.2229471747988631

drug_7.txt	1.62231652521218	-0.8936387722579482	0.40896234077351407	0.8073192732663481	0.5332179538018229	0.5459500152953145	603.4061538461539	1.637750687411808

drug_70.txt	1.87963055416875	0.2906994925847579	0.7714773278168972	1.5030805237365588	0.7317805906358349	0.6182325925260965	623.3784615384616	2.293528726019957

drug_71.txt	1.75596605092361	0.08989399722174943	0.7486704771603017	1.3542018487611114	0.7415699370747889	0.665669307172753	676.8092307692308	1.2379149807278251

drug_72.txt	1.82840738891663	0.33438268224010465	0.7516242819108429	1.5104314959630791	0.7628633572049449	0.6827776304879405	753.756923076923	3.5910274772985114

drug_73.txt	1.72276585122317	0.1462824233379458	0.7256861202469569	1.1930189912210927	0.6436704757025556	0.55835346092294	722.6738461538462	2.3336388441094646

drug_74.txt	1.73949076385422	0.14115061435265597	0.7661471242735652	1.4544881464535662	0.7076835712816447	0.5739064821185651	597.8892307692307	1.2057149101579316

drug_75.txt	1.76315526709935	0.18227181218666738	0.7822450144803645	1.589325809961689	0.7493037380745088	0.6750011198901279	622.243076923077	1.4738804754107933

drug_76.txt	1.87074388417374	0.12794450245958167	0.7635904299339966	1.4895398862280786	0.7414799157299817	0.6703352135314405	706.2215384615384	2.058678208903281

drug_77.txt	0.274987518721917	2.3375407791964182	0.49169389088301513	0.917183616849109	0.723082921726316	0.5256921164121273	670.7015384615385	2.9957116730851356

drug_78.txt	0.34418372441338	0.10221552059081045	0.7291506501221159	1.3099055373166526	0.7479526972799286	0.6415621243195341	653.6738461538462	2.833787165946704

drug_79.txt	0.0487269096355466	-1.2526614402807685	-0.013643870115499057	0.16699966547473355	0.5015000339314654	0.35771948749937654	778.5353846153846	2.659811923419699

drug_8.txt	1.6526210683974	2.507923999662982	0.4857182510460033	0.9630069237458139	0.5551159573044194	0.5336981507457229	599.9938461538461	1.0041021168720534

drug_80.txt	0.319470793809286	2.3998171099516212	0.5207251096722171	0.9800970593433921	0.6669756323446917	0.4798107038850334	743.5969230769231	1.663783637901646

drug_81.txt	1.64308537194209	0.40822050993001524	0.7587442536269677	1.3114280861556553	0.7610723531505004	0.6680022603520968	753.996923076923	3.199933316833445

drug_82.txt	1.50534198701947	-0.5498287956972623	-0.0607890409916606	0.04487924314200553	0.5407438197049048	0.23810871992555427	547.7538461538461	0.9164511867732684

drug_83.txt	0.221817274088867	-1.0213421449997273	-0.07172195283240396	0.0438165176798363	0.5531431977851792	0.376516744315778	711.7907692307692	2.2908505683798976

drug_84.txt	1.47648527209186	-0.86937549183532	-0.04378928078474892	0.12308146923970853	0.5622072304268667	0.26860540326577304	528.0769230769231	0.7166952062440792

drug_85.txt	1.68437343984024	-2.413774313161945	-0.07104958038309994	0.058707822389907904	0.5863919538358815	0.4265625836433164	640.4769230769231	1.6997432146899683

drug_86.txt	0.367798302546181	-2.4344975739386645	-0.05097640859790109	0.09790402323972602	0.5713444111291772	0.37729871055527064	563.8092307692308	1.2676089791470635

drug_87.txt	1.44528207688467	-0.5620098453270462	-0.14497073359664958	-0.11050572553518079	0.5369879455171964	0.213085800261785	647.7353846153846	2.327478540419389

drug_88.txt	1.8318522216675	-0.9100197845370372	-0.012552878160469405	0.18279732454381592	0.5659369862029646	0.41561505629041734	522.28	0.7230106165552437

drug_89.txt	1.69755366949576	-0.8419290653730874	-0.07424569858580954	0.01998418240324329	0.549510077686105	0.31004961395889086	659.7169230769231	2.919074829072306

drug_9.txt	1.54048926610085	0.031127894880658282	0.6153227134720859	1.0159390804380648	0.6175022684036338	0.5456009192763018	551.0215384615385	0.765350968578396

drug_90.txt	0.212830753869196	-0.5211000807153142	-0.10816675010521254	-0.05178478512817253	0.5474533995330155	0.20135630666939316	461.04615384615386	0.24997738308774917

drug_91.txt	1.50114827758362	-0.6294855362896851	-0.12450408869598589	-0.02970744785622803	0.5479538959133462	0.24201855112301818	650.04	1.3074571646205106

drug_92.txt	1.35421867199201	-0.9396436002456214	-0.09186612039320224	-0.014839708531717566	0.5514619062947702	0.16616782589221765	564.2492307692307	1.3621279161261648

drug_93.txt	1.40838741887169	-1.0185437094185592	-0.09814295370189191	0.012339921378542007	0.5574159252946409	0.17789731948460952	483.01846153846157	-0.3964809282036977

drug_94.txt	1.69515726410384	-0.6108299457998844	-0.07950504689607202	0.05185578629756871	0.5514468916107025	0.35853152080744377	671.723076923077	1.7151017731976548

drug_95.txt	1.45227159261108	-0.7000226643050519	-0.031539087843142466	0.12302490814033828	0.5541103311273968	0.2998840528454846	322.5230769230769	-0.813826611704743

drug_96.txt	1.66425361957064	-0.5655991418139844	-0.06590932660946319	0.047907254637804764	0.5551089226455771	0.2521841122364245	592.2461538461539	1.675916959367721

drug_97.txt	1.66969545681478	-1.0280290946787045	-0.08059714597069806	0.01417488252766197	0.5715121225449215	0.42499865116433083	671.9784615384615	1.8962474432262735

drug_98.txt	1.68771842236645	0.07500742950507339	-0.09101847520200684	0.01970783886831895	0.5684621185089191	0.4062314614165039	495.20923076923077	0.6533677184971702

drug_99.txt	1.53829256115826	2.318417199220665	-0.04178703289983943	0.07603163611184993	0.5919537518909898	0.4492396045886073	669.9323076923077	3.0691467369992065

