	SScmap	SSfisher	SSlincs	SSlincs_Norm	SSpearson_corr	SSspearman_corr	SSzhang	SSzhang_Norm
drug_1.txt	1.49992867841096	0.8086451104227838	0.3168885665669473	0.8645646927958593	0.2557792646047997	0.18795022545441165	33.06346153846154	-0.1988847329987592

drug_10.txt	1.40315241423579	0.6944163579867023	-0.2621183559366175	-0.5342470061209497	0.22605940739709401	0.19206414368329056	30.255288461538463	0.028294097888408566

drug_100.txt	-1.03899864488981	0.8278932709721396	-0.34652874038675985	-0.6560839679515886	0.1769605192637284	0.00847273293019895	6.270673076923077	-0.21331356762155296

drug_101.txt	0.831131873618144	1.147681487508361	-0.10449878263041809	-0.17228609572425546	0.1605964461919131	0.08756683979751562	19.42451923076923	-0.7420872640959199

drug_102.txt	-1.2337493759361	1.1337056813766098	-0.42062482783313093	-0.7180772344854286	0.16939541806024971	0.005404167762480103	-9.652403846153845	-1.1883437546763678

drug_103.txt	-0.0492974823479067	0.5230017389545181	0.0565244242115468	0.1445438187031831	0.20612153827664098	0.2021983107741496	13.530288461538461	-0.10401917777814633

drug_104.txt	-1.3591113330005	-1.1924243489738848	-0.5263344098686624	-0.9649498842122871	0.12514340993410245	-0.033112356262345086	20.765384615384615	-0.5008181437276665

drug_105.txt	0.0526709935097353	1.1515976935011718	-0.34567993436095534	-0.5721016015076157	0.18700378548773453	0.03134911184173611	-1.4759615384615385	-0.5865335494783291

drug_106.txt	-0.455616575137294	0.7853532488277537	-0.35473745113563854	-0.6206656477812833	0.13305510054205522	0.0200139691378213	37.28990384615385	-0.23583574546265512

drug_107.txt	0.251865059553527	1.094374271194893	-0.28962088535587927	-0.6215728960210795	0.1541388093979301	0.1517764158415098	48.72596153846154	0.6716429331380952

drug_108.txt	-0.0113401326581556	0.9102687882245625	-0.3112812946807504	-0.6523778631546062	0.1442347558102402	0.10707702481516293	34.57788461538462	0.8937608511277664

drug_109.txt	0.175436844732901	0.8894692511916185	-0.29783147435051704	-0.6517296243895982	0.1686012039404035	0.09370706591794095	41.26923076923077	0.30913333198850773

drug_11.txt	1.33345695742101	0.7368025197101383	0.2940068648913359	0.6457986507740762	0.2285095215424739	0.09110898122036339	20.714903846153845	-0.6130430175846138

drug_110.txt	-1.45180087012339	-0.8084469223947479	-0.4011984841159856	-0.8461556510944701	-0.1658325275184543	-0.18222658424120192	4.806730769230769	0.42101529947515864

drug_111.txt	-1.43053277227017	1.1333638763928153	0.0022367311312254112	-0.0008790638054639865	-0.09834346759547859	-0.18576414247188744	0.6485576923076923	-1.3709937708657425

drug_112.txt	-1.38190571285928	-0.8056380571563447	-0.4311079235706643	-0.9009149024161953	-0.08882081755274951	-0.1635731084398515	-22.116826923076925	-1.060805694364759

drug_113.txt	0.117445260680408	0.9941975503291824	-0.36910836810186454	-0.7113219600175825	-0.13522084895791073	-0.2160503315173606	-13.057211538461539	-0.869944311401471

drug_114.txt	-1.34286427501605	1.1173535595736572	-0.43144678339251397	-0.9066321809291807	-0.13660245687371783	-0.16375643498335374	-37.135576923076925	-1.614218361952705

drug_115.txt	-1.41645389059268	1.1517011125756351	-0.43963382347732893	-0.996983144567964	-0.13421627435429537	-0.22975399064415122	-45.05336538461538	-1.7832100887236755

drug_116.txt	-1.41550531345838	-0.7589119476125461	-0.4785351022639958	-1.1534479366736503	-0.17764244379177838	-0.25170734422854146	-17.24375	-0.5739997022882654

drug_117.txt	-0.332001997004493	-0.9574076584498545	-0.3604653638417005	-0.7048218080223287	-0.14648971899773613	-0.09477982299064526	33.03798076923077	0.6284852135582002

drug_118.txt	0.00599101347978037	1.1327605902710782	-0.3850563557759983	-0.8137928940986856	-0.10064746732338399	0.0195932490519269	29.58173076923077	0.10409338028709142

drug_119.txt	0.124285001069824	1.3204180873184714	-0.3779386099054622	-0.861254004439244	-0.16843811046435164	-0.17141031817457122	-47.410096153846155	-2.1184127373440202

drug_12.txt	-0.318022965551673	-1.0791047271561078	-0.08309464961426188	-0.1149457376318111	0.11976269090987945	-0.09257372630191514	-63.53605769230769	-2.434117665473127

drug_120.txt	-1.41737393909136	-0.9865070654251038	-0.33845157059601166	-0.7181338965346791	-0.15666114798203845	-0.1250745343043863	-4.100961538461538	-1.0513757736503753

drug_121.txt	0.0565366236359744	-0.8224091102366031	-0.47926744680682076	-0.8589563354840246	-0.14098985924443513	-0.20933839776532429	-5.1447115384615385	-1.208321359737999

drug_122.txt	-1.27256971685329	1.3479209208484355	-0.480288973572249	-0.9845340136576601	-0.17212904094840487	-0.20550905526598326	-38.65480769230769	-1.2445557758991024

drug_123.txt	0.0311247414592397	1.2203151818513251	-0.3279663507178737	-0.699059796839577	-0.14053668369957847	-0.05880198882833553	-2.225	-0.9920835572790614

drug_124.txt	-0.396084444761429	1.3235580397221216	-0.5550280321264459	-1.3299990035821065	-0.1572753848221083	-0.22090848492016935	-28.734134615384615	-2.1126419020869993

drug_125.txt	-1.18040795948934	-1.1397327644719182	-0.445181822251684	-0.8897486747289949	-0.05135507229632563	-0.13598246364276814	-28.589903846153845	-2.87739697219201

drug_126.txt	-1.23223022608944	-0.9614539390529901	-0.5549657182265965	-1.2182647123648633	-0.18282087585131565	-0.22411669943145812	-37.34567307692308	-1.6854687185330623

drug_127.txt	-0.407517295485344	-1.5638868381320394	-0.4588216703276561	-0.9162906252551772	-0.14411378460165303	-0.10568775232902707	-28.56923076923077	-2.030608163741887

drug_128.txt	-0.155445403323586	-1.388267447908092	-0.4896906616578466	-0.892439026335835	-0.1611340308964192	-0.13795322398541693	-13.165865384615385	-1.2902997863592804

drug_129.txt	-0.193388488695528	-1.2863509024178614	-0.5442228551151629	-0.9916849146412254	-0.13970021275740946	-0.034832043265420894	43.30625	0.019943760180189726

drug_13.txt	0.312880678981528	-1.140935615836613	-0.4169217909716155	-0.8385506030525334	0.13897282783022735	0.005084513280774428	-14.336057692307692	-0.6618273218446222

drug_130.txt	-1.20542044076742	-1.3028225593278693	-0.3291533765569376	-0.6661062607483375	-0.09376225381452287	0.01991407418260173	21.369230769230768	-0.2301359942281304

drug_131.txt	-0.207018044362028	-0.9832873564237588	-0.4241257071587481	-0.7405903150233628	-0.1356831140263472	-0.09642976188216518	17.934615384615384	-0.15468673445338071

drug_132.txt	-0.224541758790386	1.0782377354226305	-0.4398609014962772	-0.9065801906156141	-0.11578816550571655	-0.004170678864675396	25.141826923076923	-0.7851072968486329

drug_133.txt	-0.439269666928179	-1.2954344066429504	-0.3769135875731937	-0.7495522119816314	-0.1468463310183716	-0.13460751456650152	23.57355769230769	0.013108076691337527

drug_134.txt	-1.35913986163612	1.1720274656612593	-0.36014709343154794	-0.7354843689295134	-0.1423903748912399	-0.07080987742773062	-13.423076923076923	-0.548602259668239

drug_135.txt	-0.372220241066971	1.383243586600099	-0.33058268194876683	-0.6556149560435671	-0.1466002763847584	-0.09028832267484099	-5.4951923076923075	-0.992624297152224

drug_136.txt	-1.28774695100207	1.4350820059470726	-0.4412290478833655	-0.8125350656271373	-0.12503773545631824	-0.08501768454915229	-7.829326923076923	-0.5702144269546608

drug_137.txt	-1.31610441480636	-1.045606006154556	-0.5116449908741627	-1.029653746302038	-0.14598153097784186	-0.20353829492333445	-34.269711538461536	-2.9873415399786154

drug_138.txt	-1.2996790528493	1.5285979062092925	-0.46019751707627843	-0.946936375280389	-0.12544550784405034	-0.026719843715447864	-30.916346153846153	-1.4662788218967857

drug_139.txt	-0.33897011625419	1.17995332688648	-0.09785596567928598	-0.17371751005438751	-0.10047511507638826	-0.11382417314727593	-22.11826923076923	-2.1527289002679084

drug_14.txt	1.19313886313387	1.0929715798595834	0.007016859553253818	-0.008858795771141736	0.14788526895998144	0.04651642555519307	7.965865384615385	-0.44238165133338475

drug_140.txt	-1.2771842236645	1.2023596049521978	-0.33748692077565856	-0.6766483584478068	-0.030823338095028484	-0.02969890004735886	-8.709134615384615	-1.1323437918385755

drug_141.txt	-0.0430639754653734	-1.0015339916373367	-0.5644701269680976	-1.1753317242753616	-0.16885056293247194	-0.1530776638243497	-1.0221153846153845	-0.6944148131565914

drug_142.txt	-0.103523286498823	0.7692748074683732	0.4771495893090082	0.980396225458736	0.03998014996337856	0.06357058039789934	43.072596153846156	-0.16790239300755833

drug_143.txt	-0.111810855145853	0.781674498269822	0.19519427581594173	0.5317554228277745	0.049871980235647775	0.1267965449811873	32.43701923076923	1.455969239806371

drug_144.txt	-0.199828828186292	1.111803462982261	0.153802876763801	0.37728779438995297	0.0031985942136439002	-0.0395667808988726	17.303846153846155	-0.49133475040106267

drug_145.txt	0.0753084658726196	0.593791274795263	0.5231240108160342	1.1829401399740291	0.0697040161786412	0.19048274054384967	32.5625	0.4996680961883295

drug_146.txt	0.0787532986234932	0.6413406563401362	0.5334077610806807	1.0032655476749606	0.03200293748445728	-0.0031144088379374316	-0.1673076923076923	-0.7802024750932572

drug_147.txt	0.0878396690678269	0.8492288491749966	0.46054131759393224	0.9678020514168089	0.059328406392489055	0.13097337195691622	28.62596153846154	0.7710303857455117

drug_148.txt	-0.262434919049996	0.8939526648766203	0.4722695440148146	0.9637142544753439	0.03965602004649482	0.1089002372424989	55.49855769230769	0.7629627989953498

drug_149.txt	0.0732615362670279	0.9314730358509717	0.4490659714477834	0.9871374208464851	0.026022531317500448	0.0021984062385440695	42.995673076923076	0.26783527139409724

drug_15.txt	1.42848584266457	0.7812896549703435	-0.26044775361785777	-0.5428818279272394	0.16549330620861702	0.07736616710734026	17.61875	-0.44440998354732336

drug_150.txt	-0.35060266742743	0.8053931181933304	0.17133632279468103	0.3706427733134765	0.07158891123817113	-0.010992031192720348	-1.1788461538461539	-0.13244952336916874

drug_151.txt	-1.40626916767706	0.9711174432424021	0.14211474594395251	0.36498992484623477	0.057677157320729595	0.09086745785982153	37.020192307692305	0.265656996010778

drug_152.txt	-1.40382283717281	-0.8667186931985376	-0.02980815876652787	0.03768322532072954	-0.03512665288951072	-0.07249330342930015	19.88605769230769	0.06787848016990743

drug_153.txt	0.0944297838955851	0.6508527340960654	0.17216972293984711	0.47039295358588923	0.04122305317264061	0.02010257358004687	7.176923076923077	-0.37206281918959266

drug_154.txt	-1.35814135938949	1.0819471885878609	0.06194982594220799	0.2879759741101266	-0.026808669162741397	-0.07946322549737417	7.656730769230769	-0.14754755032878009

drug_155.txt	0.081798730475715	-0.7975195634224876	0.13126281935753198	0.26850376250389246	-0.003266495323060198	-0.0054044153364208375	-3.8721153846153844	-0.5874655741571578

drug_156.txt	0.0334712217388203	0.6190220117200682	0.4617041659125829	1.1150963914910037	-0.016148988075737693	0.06548218728807978	35.86153846153846	0.045523025035527555

drug_157.txt	-1.2851009200485	0.6982200604683124	0.3740028505597895	0.7742570029763027	0.08220268376074355	0.07794289477995506	22.727403846153845	0.11143517162595026

drug_158.txt	0.0499964339205478	0.5097571269890304	0.4758866903472412	1.1434866152158092	0.09690254973046214	0.145068230299746	17.003365384615385	-0.6144776845415209

drug_159.txt	0.190064902646031	0.8046439994129477	0.5008384849441461	1.1061881332992007	0.18171615617155212	0.07118814919826094	-8.092788461538461	-0.9134628151270059

drug_16.txt	1.37162113971899	0.6571802056002262	-0.25992860651278826	-0.5515949806459308	0.17203151073376727	0.12555397515761968	9.84423076923077	-0.29376249350686706

drug_160.txt	-0.00417231295913278	-0.9579011432237762	0.19113775038889652	0.4717819663801802	0.025728352969481796	0.04318952256139703	30.442307692307693	0.23271801135245165

drug_161.txt	0.0744597389629842	0.9592972026728208	0.1337284849555838	0.3279971746954287	-0.015008374753221754	-0.02156939097612152	7.645673076923077	-0.5528912673975401

drug_162.txt	0.0171457100064191	0.6327073532939386	0.19772309653320724	0.46105245858203153	0.07410425168947117	0.08517848665729517	8.15576923076923	-0.39581961910956787

drug_163.txt	-1.38160616218529	-0.6357287416552099	0.13800475707059084	0.42969373569516517	0.00557665671378095	-0.053173950894784675	-1.4908653846153845	-0.3123631078471087

drug_164.txt	-1.41550531345838	0.7127627984716725	0.32721941678109623	0.7186823417338724	0.02745479131067688	0.048401868505944294	27.38605769230769	-0.022534340684053633

drug_165.txt	-1.40472148919478	0.9020275801264297	0.29247973608699307	0.5624102065758199	-0.021050499075590756	0.046339118140067116	25.93076923076923	0.04775317333836302

drug_166.txt	-1.42279437985878	0.9881018468875542	0.14196270225894553	0.4033441136892621	-0.02164737054723951	-0.05866996649114485	6.781730769230769	-0.3386337868526279

drug_167.txt	0.0863419156978816	-0.8802641894190901	0.09253075297316238	0.23152597160270377	-0.08509778210095839	-0.08901914132029867	-17.33076923076923	-0.894584247672245

drug_168.txt	-0.146858284002568	-0.8398706137346896	0.132311186803876	0.2408086181155974	-0.05546037061415155	-0.07364660899122633	8.779807692307692	-1.8856540918270772

drug_169.txt	0.0878396690678268	0.7390182601303928	0.46745937142659666	1.1046609351679657	0.04327523759162637	-0.005037091329852292	-17.966826923076923	-0.707574761452619

drug_17.txt	1.02758719064261	1.3276352291233426	0.2880241640774289	0.7131225550168304	0.22900848375580687	0.15271687456238747	24.153365384615384	-0.18558355669853824

drug_170.txt	0.0978746166464589	0.880513334032355	0.5684671873855681	0.9488443450663775	0.03576485383218306	0.0776223305828577	30.660576923076924	0.835446584809671

drug_171.txt	0.128157763354968	0.9157590311896925	-0.34839132600142975	-0.6991281690442108	0.11942921725150937	0.12399799505456195	5.591346153846154	-1.2957544984725833

drug_172.txt	1.10117680621924	0.9246430374689152	-0.044705894865649104	-0.16701288836865397	0.10512919218279458	0.058814777126006454	-27.341346153846153	-1.53747681908321

drug_173.txt	1.13847086513088	0.7481210565973591	-0.37659258735404255	-0.891516942532306	0.11036984707440138	0.1215931576920335	28.2375	0.3521477144020079

drug_174.txt	1.03128164895514	0.42903685011210074	-0.27837283260784595	-0.5766372671856294	0.17050230932387717	0.21134842808364002	35.70480769230769	-0.07954736100666525

drug_175.txt	-0.0492261607588617	0.9403975065459955	-0.33835686672723	-0.7053783099325754	0.07273547386687236	0.025513886961982545	-30.99375	-1.062589969311195

drug_176.txt	-0.201797304043934	0.7758813458646381	-0.5061259948318289	-0.9907768564401059	0.11888864392902315	0.1987059993556199	79.47307692307692	1.4104700542217214

drug_177.txt	-1.40104842735896	1.0572669229301395	-0.44038616610654013	-0.9190667654548171	0.11243820761613967	0.09280381898062154	21.775480769230768	-0.21992527320791533

drug_178.txt	-1.07234148776835	-1.1123441553135178	-0.46810013409905027	-1.0154084699025558	0.0456692864752012	-0.004901231427167205	16.639423076923077	-0.3136998914375102

drug_179.txt	0.0789316025961059	1.1438443388497577	-0.4084374589996408	-0.9229935768530798	0.0537934755140269	-0.013146293641093343	-3.042307692307692	-1.006941585035567

drug_18.txt	-1.40868696954568	-1.0912060375248	-0.16294403139182603	-0.13968048742909833	0.06556968595149111	-0.10251360685981498	18.19855769230769	0.09403121102881984

drug_180.txt	1.35928963697311	0.6288303905675451	0.08126148898032959	0.2012795643743479	0.207623323548018	0.24534764989856905	2.7677884615384616	-0.8928686456254427

drug_181.txt	0.414820626203552	0.8293663394571275	-0.32425739109188695	-0.8113859688003355	0.10082980680149199	0.13188123302053403	2.31875	-0.56529879280148

drug_182.txt	1.44827758362456	0.9898424908316674	-0.015738010650243633	0.01774315642476737	0.12524303614387924	0.1908731902523901	11.828846153846154	-0.656487197119407

drug_183.txt	1.39977890307396	0.8460549691082757	-0.26202664928236097	-0.5966120409171622	0.1295016911184288	0.14220604937084877	32.41923076923077	-0.013632983163974337

drug_184.txt	1.57693459810285	1.1364458983230556	-0.35249012859860995	-0.7311375432934903	0.07610333880883097	0.04388205333856245	-2.1884615384615387	-0.5784581253558869

drug_185.txt	1.46328364595963	0.6241478638059558	-0.011738033107817542	-0.09264617254611146	0.19123363040992264	0.16499285608089972	6.809615384615385	-0.4062280915047249

drug_186.txt	0.110484273589616	0.8635226725655643	-0.36344520381371437	-0.7357145242144875	0.08819016045097629	0.05139422113347293	-15.209134615384615	-0.934468059624286

drug_187.txt	1.20422223807146	1.5174790798470061	-0.36327060006727624	-0.7685991309599388	0.08024665055422409	0.028377080877835654	14.722115384615385	-1.0769853201874886

drug_188.txt	-1.27259111333001	-1.0892396782647644	-0.46096313977425973	-0.9876109870800573	-0.0143641517954783	-0.15129689162554463	28.436057692307692	0.5826469474713131

drug_189.txt	-0.0945652949147707	1.3847022329807437	-0.362142369449975	-0.6638815562005884	0.07315236856576321	0.033346696065212386	-10.045673076923077	-1.1932814536395384

drug_19.txt	1.31770201840097	1.010330623619353	0.3157343782652003	0.8296656659862849	0.22754077732948985	0.11946726492447125	-3.6740384615384616	-0.8080161031270927

drug_190.txt	-1.38951572641038	0.969548351802693	-0.4409669402952074	-1.0337374123218612	0.009139691555064638	-0.007008302881837217	44.29903846153846	0.8200099211343271

drug_191.txt	-0.530454318522217	0.6342975343540654	0.0067903147867026115	0.029330348065574774	-0.010603721058539906	0.042920621117888635	40.348076923076924	0.909987658737642

drug_192.txt	-0.03654518222666	1.0150482282256805	-0.10392170668435322	-0.12650639979095402	0.1294422051424041	0.11112638936179063	48.14855769230769	0.8017016813927847

drug_193.txt	0.146030953569646	0.8724125271032541	-0.3300253226497516	-0.5763834247597148	0.09590445652524898	0.07970226806795268	2.816346153846154	-0.8792813365022112

drug_194.txt	1.45726410384423	-1.4992733264994738	-0.012940352041363234	-0.008957515935955895	0.09842729163114994	0.016948377602581426	48.19519230769231	1.3502348058747902

drug_195.txt	1.55601597603595	0.4632487337703744	0.26212744954902273	0.596379881144337	0.14384268874960093	0.13196680132400668	31.239903846153847	-0.07996552986779236

drug_196.txt	0.0805292061907139	0.946105794295934	-0.3382602730050439	-0.6510838591576135	0.0867401250114067	-0.0048096196247902475	-10.021153846153846	-0.3067962156664333

drug_197.txt	0.293260109835247	1.0796614270297065	-0.3349626264138887	-0.6496904550864426	0.12731218157492463	0.20745492648261935	15.986538461538462	0.14581525012092794

drug_198.txt	1.20319520718922	0.670101461516013	-0.30014376576188123	-0.6243752073068125	0.0883761311834157	0.04777555493958312	15.419711538461538	0.037772054778728914

drug_199.txt	-0.431852221667499	-0.7599225023462314	-0.047282596587252534	-0.10649833261157099	-0.0315918080864986	-0.08002290937627202	8.721634615384616	0.1346702872562574

drug_2.txt	1.08834605235005	-0.9723970629883558	0.07512940398995745	0.1510168749125333	0.2508808885146142	0.18881408777794767	44.51442307692308	0.26042141584425166

drug_20.txt	1.05624420512089	1.103010123567808	0.0929692403592054	0.1891267921454555	0.2260218584436655	0.13169196591687582	11.809134615384615	-1.240147911061856

drug_200.txt	0.304193709435846	-0.9765104435710505	-0.4485564053326869	-0.8879174121133275	0.05780055970579578	-0.13750931536781258	-53.62451923076923	-3.0024310588020096

drug_201.txt	-1.29660509236146	-0.858788958181963	-0.4598329083840139	-0.8366197218840845	0.05109537353771244	-0.061509246569053	-23.24278846153846	-0.8845112262562294

drug_202.txt	-1.28941587618572	-0.8179828547410611	-0.5278435074343099	-1.0490680369572967	-0.008230059559766877	-0.20440184398769098	-38.23653846153846	-3.479400937424286

drug_203.txt	-1.38412381427858	-0.9053409266511443	-0.5439837068651368	-1.115896561939393	-0.011233269518888575	-0.11632289775611754	-1.0793269230769231	-1.3707110424065359

drug_204.txt	-1.39860209685472	-1.1839698880815108	-0.5607026005989103	-1.1160457117869544	0.026346095900858915	-0.13658884998639106	-21.290865384615383	-1.6804856588769752

drug_205.txt	-1.30838741887169	1.0715892640309266	-0.5005343445947062	-0.962401110711488	0.024534549740748982	-0.16038529615723263	-39.82067307692308	-2.133131160834652

drug_206.txt	-1.39056415376935	-1.0883517265726228	-0.5738689750090176	-1.177666354395288	-0.010827963260000538	-0.27019741288009486	-57.87355769230769	-3.7864928357074716

drug_207.txt	-1.34248627059411	-0.695181715198683	-0.5274762734769993	-1.0330751353706324	-0.023384638229454163	-0.15144443487917075	-1.3846153846153846	-0.5241329057684414

drug_208.txt	-1.44443334997504	1.2948057255575949	-0.4800041142190213	-0.9133336620954801	0.05200184284882278	-0.03878958277559142	14.361057692307693	0.08238390437054907

drug_209.txt	-1.27823265102346	-0.7563472061030154	-0.46314715348122387	-1.1370557154935463	0.00534764424499827	-0.03333336486744085	41.386057692307695	-0.2387393723456938

drug_21.txt	1.38390271735254	0.8704254937166913	0.3109361669687067	0.7904358185890323	0.27479642896652506	0.1765817490815848	30.32019230769231	0.27778862862069575

drug_210.txt	-1.33884173739391	0.9186826830321313	-0.5370666252405791	-1.2161644948509367	0.04831942767820384	-0.012929860925197142	43.27932692307692	0.24057126030478565

drug_211.txt	-0.242436345481777	-1.256642059437672	-0.17741326900894505	-0.3698058969919257	0.034824068412814255	-0.12177911566426812	9.870192307692308	-0.693925586953663

drug_212.txt	-0.11228157763355	1.0288691484583192	-0.46252987994321815	-1.035549011246744	0.0710849207260596	0.12751043699635903	38.457211538461536	0.7313170619173218

drug_213.txt	-1.33140289565652	-1.7764136967985178	-0.47057593604836845	-0.9148571204294648	0.06459316824264266	-0.009215964702002217	17.39471153846154	-0.2909084438799653

drug_214.txt	0.0420868696954568	1.345335285342562	-0.6383129768513254	-1.05977980730798	0.040377574528106586	-0.12466770161564195	-13.260576923076924	-1.5220311092560235

drug_215.txt	-1.46749875187219	-0.777014649656748	-0.39925203353161043	-0.9169347191161878	-0.012555634590645737	-0.06497324184985272	6.454807692307693	-0.8086036286090555

drug_216.txt	0.172441337993011	0.8459253227047729	-0.5386598899159036	-0.988580114373167	0.06587864661319706	0.00793214872361385	40.261057692307695	0.36266443968384354

drug_217.txt	1.50104842735896	1.3349433628041893	-0.46286039729848605	-0.823722597639625	0.07140221629201253	-0.06574971832174716	-16.741826923076925	-1.0273043014962113

drug_218.txt	-1.39201198202696	-1.4184453601257367	-0.2060048415919865	-0.3948722906824951	0.06536103600786705	0.11613949547349063	59.997115384615384	1.553394205990417

drug_219.txt	-0.0801797304043934	1.0088698739784714	-0.15153778912368632	-0.2740332639528995	0.030688883967796343	-0.10591481821704041	-58.503365384615385	-1.9174933395379241

drug_22.txt	1.05212181727409	-0.6804486785109682	-0.38814085824363037	-1.144859068060398	-0.025691853678018413	-0.028353852835668217	29.994230769230768	-0.552800050289426

drug_220.txt	0.0667498751872192	0.7655540181168885	-0.12556251718745506	-0.20206778724832797	0.10815576735099094	0.15080252688997658	43.59615384615385	0.9692571944364647

drug_221.txt	-1.05088082162471	1.1642679774513707	-0.47533926980584834	-0.8063524046271369	0.0603422506727519	-0.026180675844991376	-43.45288461538462	-1.9643968424157594

drug_222.txt	-1.33964053919121	1.0525906719646139	-0.06994950695426039	-0.14436341045623896	0.09305428981695094	0.042595180140099796	37.199038461538464	0.3535592555594865

drug_223.txt	-1.39106340489266	1.1595828040073495	-0.4324654230902647	-0.7308456032659427	0.0424047308446425	0.02769374467666338	49.21730769230769	1.132567873646389

drug_224.txt	-1.24233649525711	1.0345213700941884	-0.11211247808827776	-0.2055866877611336	0.05825376543561055	-0.1591931813201577	-19.464423076923076	-1.6188914587455185

drug_225.txt	-1.53030454318522	1.1480986836099072	-0.15416080646287245	-0.27785669778364497	0.02678507893827225	-0.12297123050134302	-23.64375	-1.3998866781464403

drug_226.txt	-1.37473789316026	0.7101234475260287	-0.423188092437535	-1.0142580627163775	-0.07501062149224749	-0.01297571149585387	21.265865384615385	-0.012804781255610027

drug_227.txt	-0.0441337993010484	1.1121897228056774	-0.5062257308362035	-0.9118675761708352	0.03723568996285528	0.04062360560186052	32.333653846153844	-0.03147765459271491

drug_228.txt	-1.31602596105841	1.175108620805879	-0.4319145532142433	-0.760419960156822	0.029559108220858617	-0.11623119661480408	-23.008653846153845	-1.0889762292846505

drug_229.txt	-0.380329505741388	-1.1121711550729811	-0.18565783714029416	-0.3499333431942713	-0.004193530935929259	-0.07519493587703302	15.801442307692307	-0.885990662911135

drug_23.txt	1.56553027601455	0.8732271733744895	0.08392739304258709	0.14722509638168968	0.25226423975157847	0.1496936850839479	16.44855769230769	-0.6692114339994578

drug_230.txt	-1.44847728407389	-2.481657374613341	-0.1572733470546424	-0.2878726859524083	0.01948819664379067	-0.18243942064311852	-5.358653846153846	-1.577269092516938

drug_231.txt	0.180479281078382	0.858498079789167	-0.32263009706935664	-0.6721274684350109	0.06310329227298149	-0.06539958953238632	-29.714423076923076	-0.982331217570109

drug_232.txt	-1.21038442336495	1.451348996318417	-0.5930596254544556	-1.126875730845756	0.11264969125825477	-0.06965880649773082	-36.92836538461538	-1.2054251185381653

drug_233.txt	-1.38866699950075	-1.2163497587683185	-0.42590510185829944	-0.7926250448324914	0.050104217123125926	-0.1188971374012584	4.1461538461538465	-0.4804977050612201

drug_234.txt	-0.010234648027958	-2.830580276386017	-0.4412397863414851	-0.8467590620381866	0.10286788654315077	-0.018479717499109597	17.6125	-0.24177455208689955

drug_235.txt	0.23833535411169	0.8190733886644928	-0.41721921772521775	-0.7600543509336153	0.10495068931534918	0.06031669875174062	15.408653846153847	-0.40504920230766767

drug_236.txt	0.0513729405891162	1.19151314102856	-0.4193043270998739	-0.804569633270006	0.11490470997131999	0.018044424562857292	-19.91346153846154	-1.5131218920502065

drug_237.txt	0.117973040439341	1.4334725742699843	-0.38163828453077764	-0.6803733923454713	0.10675423146363265	0.01332737990642105	28.810576923076923	0.32205294920126454

drug_238.txt	1.47608587119321	-0.8490813804790271	-0.3531607186277381	-0.6796512984122648	0.0013436036891025654	-0.1046485028581952	-17.213942307692307	-1.5259403285456214

drug_239.txt	0.268440196847586	0.899226861900809	-0.04237049599341611	-0.0434597849349756	0.2112829347739205	0.13931761299546164	64.36826923076923	1.9755492243767936

drug_24.txt	1.27333999001498	-1.0053611675265741	-0.31697639734488914	-0.8145236730882381	0.051655251684951484	-0.0028857717748741484	3.61875	-0.2077813842976739

drug_240.txt	0.270137650666857	1.2325241736662829	-0.4904339781585155	-1.0869847367936152	0.1788811316907013	0.13391344523298154	28.239423076923078	0.11651109410214483

drug_241.txt	1.24667998002996	1.4364995999721264	-0.07393493516312982	-0.14764021046703457	0.1532300990345722	0.10153423668998633	7.9802884615384615	-1.2163850186389027

drug_242.txt	-1.24424078168462	0.8337864336436462	-0.4830756169301851	-0.9908108408036886	0.09325025009602605	-0.06963670497495947	-9.571634615384616	-0.5868237699429336

drug_243.txt	-1.41892161757364	0.6712263295048723	-0.29674816665656695	-0.7210642925489097	0.02999019251711882	0.02180011283662	38.614903846153844	0.24815790344794758

drug_244.txt	-1.44403394907639	0.8630388691825459	-0.36968580587113764	-0.8114453323227571	-0.00794787885815601	0.008930616217657797	26.82403846153846	-0.2521524944891247

drug_245.txt	-1.44463305042436	-0.8160881450941211	-0.3859288278794537	-1.0245458747681075	-0.07447559292926774	-0.0442872040189318	4.580288461538461	-1.068832711147696

drug_246.txt	-0.258662006989516	0.747883005502625	-0.02121883506192261	-0.05794887635315299	0.10727556077118525	0.09072694018769795	27.32451923076923	0.07144031858317669

drug_247.txt	-1.36764852720919	0.7869081641049172	0.006428352847041768	-0.00782570545262154	0.10759311378442638	0.11509177218156734	36.21682692307692	0.28370956845134265

drug_248.txt	-0.328956565152272	0.9115465774518609	-0.31115136478754546	-0.8639952494176968	-0.0016857929362233959	0.027502033105861995	87.9951923076923	2.4997906215703605

drug_249.txt	-0.310983524712931	0.9671863012661435	-0.026427394401614485	-0.020525322439127747	0.06887344873703315	0.0309140255561313	33.68076923076923	0.3289326465494027

drug_25.txt	1.30397261250981	1.3611487018554282	-0.3053903641496345	-0.5447323292538852	0.13124277079835336	0.049940448283493026	69.10673076923077	1.1300457759013578

drug_250.txt	-0.117124313529705	0.4428448035473987	-0.016922955664192496	0.010182662614225235	0.07450206647265009	0.1331348786909293	82.44519230769231	2.1212778852349676

drug_251.txt	-0.139291063404893	0.6776665730605886	-0.08422995798370722	-0.17366334530835575	0.039417403298906986	0.02928817680466069	46.2375	0.5784185253195413

drug_252.txt	-0.303744383424863	0.572686604237612	-0.11107042947811209	-0.2661104924994985	0.0882042034182661	0.17980307318217698	90.49038461538461	2.1236184526652666

drug_253.txt	-0.166050923614578	0.6660744154776252	-0.3165559501503983	-0.7885117031628319	0.032354928209622796	0.06265170761926085	61.565865384615385	2.0836055229718444

drug_254.txt	-1.41772341487768	0.8229042146087582	0.0010862782160941664	0.01981437178339307	0.013558922479602026	0.054914355833632064	70.60240384615385	1.4973191384816822

drug_255.txt	-1.4017473789316	-0.7844908864849831	-0.01690317977857278	-0.06749385107764855	0.03818077302307016	-0.049049692149289746	12.265865384615385	-0.6231217628096195

drug_256.txt	-0.441288067898153	1.0140633190017612	-0.2822828362747021	-0.6082652687418854	0.049865716365002144	0.02111289269918074	14.615865384615384	-0.2756812360178552

drug_257.txt	-0.427159261108338	0.9737755119220908	-0.3640438646402992	-0.8150290749122018	0.04383081970078875	-0.005770552017563499	35.377884615384616	0.5417754242629592

drug_258.txt	-0.234997503744383	0.959605771088528	-0.2797195243104798	-0.5716394191516401	0.09358109051690801	0.05765972214374957	18.04951923076923	-0.19717988799304284

drug_259.txt	-0.287818272591113	0.6869556862791564	0.009411578951195793	0.10335901111434065	0.16376272073493264	0.14037096772882637	47.19519230769231	0.9713214563651406

drug_26.txt	1.35904001141145	0.8545375875217125	-0.3039492364140416	-0.5906688401864288	0.20679746191576057	0.1949510160057457	73.99375	1.3132030017851444

drug_260.txt	-0.046879680479281	0.5909098362295154	-0.27215580289861385	-0.5695284681101735	0.08199451414209129	0.1426395763009222	35.47115384615385	0.16555021319005217

drug_261.txt	-0.0323514727908139	0.9004676164541696	-0.3121845127812237	-0.5936945153642124	0.05665894310547924	-0.01896364309203012	-2.8759615384615387	-0.5344143446348907

drug_262.txt	-0.387319021467798	0.7255621219392174	-0.1517854856688905	-0.37808085705736033	0.00202240872089543	0.025286016195670297	44.33461538461538	-0.04940887604746941

drug_263.txt	-1.41288067898153	0.6531020715906936	0.03597242446681048	0.11974366211383303	0.09562817098259692	0.16229216715120537	19.463942307692307	-0.33824480600618373

drug_264.txt	-1.44143784323515	0.726517732108648	-0.4091747741797052	-0.9838716309492108	-0.09435774527667859	-0.060738624975922556	-9.579807692307693	-0.8283964209902274

drug_265.txt	-0.571792311532701	0.9885328814330498	-0.10246183982672571	-0.19775516603068405	0.05364553451261976	0.06211280201157691	47.91442307692308	1.2957941509439346

drug_266.txt	-0.344433349975037	0.7775352468501079	-0.3462228307667135	-0.8618993300047494	-0.006642529576970452	0.014383052973182264	55.698557692307695	1.000401913025596

drug_267.txt	0.00404393409885173	0.8878435603229263	-0.32080055842127064	-0.6704390816166867	0.04180509288212181	-0.00847409171986853	-22.263461538461538	-1.2328339533537898

drug_268.txt	-1.48282576135796	0.8090958258006782	-0.41997863823775794	-0.9171606259291798	-0.020007334740303195	-0.08409963458204661	22.63701923076923	0.7275611297047775

drug_269.txt	-0.386869695456815	0.9228671750658369	-0.3552453448148322	-0.6844042267109399	0.11727786123625235	0.1054451845358776	50.04086538461539	0.8218163637701156

drug_27.txt	1.33168104985379	-2.656258464986257	-0.37381261215312445	-0.701662196018681	0.08807952169504613	0.003390452452273838	38.88125	-0.11159849106899741

drug_270.txt	-1.41612581128308	1.0215726198734112	0.057575927951930006	0.23706778944784151	0.14365540766083637	0.1417692641783411	55.666826923076925	1.2757491419779499

drug_271.txt	0.0321517723414877	-0.491211393194263	-0.0841140752500788	-0.16455057758120212	-0.010730461633160895	-0.034949902606809136	-26.733173076923077	-0.9954805783331631

drug_272.txt	0.0148277583624563	0.9027217764580042	0.09419318238973495	0.21603424949259403	0.17395434055425435	0.14229766222275458	52.29326923076923	0.6538025072112816

drug_273.txt	-1.43399900149775	-0.8690096173855517	-0.46432774276502187	-1.0120495894146178	-0.0638377587874296	-0.27575152515464085	-29.438942307692308	-1.0339133329650572

drug_274.txt	-1.37938092860709	-1.0467330757569104	-0.3550137465067697	-0.7730576552091131	0.020311279169452745	-0.12915121797426576	-22.88701923076923	-1.202963676956208

drug_275.txt	0.357064403394908	-0.9268320888469954	-0.38666541968810175	-0.9613599087469739	0.010961102901233213	-0.1310750878642885	-7.910576923076923	-1.0129381880976005

drug_276.txt	-1.45521717423864	-0.6849549433153179	-0.4070314961077891	-0.9466230560653408	0.008406060120764516	-0.13611379471911	-28.61730769230769	-1.139835299190192

drug_277.txt	-1.38572141787319	-0.7451430854759223	-0.4506399150162157	-1.1659042046372816	0.014171124587428807	-0.09559691578035473	-5.898076923076923	-0.5229095047807651

drug_278.txt	-1.26045931103345	-0.5285206148263581	-0.5056517461296878	-1.2390625794175185	-0.05295645079300486	-0.22506987391968608	-24.349519230769232	-1.1778615506347394

drug_279.txt	-1.40454318522217	-0.959505808456858	-0.4257266756128254	-1.0260912276376348	-0.028576500675080482	-0.19224736728804448	-32.93942307692308	-1.5200091922657433

drug_28.txt	1.12089722559019	1.2192034140782402	-0.27069473781743814	-0.5970348233702737	0.14876729924133875	0.13034915171241987	65.31442307692308	0.622877746909646

drug_280.txt	-1.3599101347978	-0.8115597080344212	-0.4674579876819304	-0.9715484416791657	0.048594591996978666	-0.08350415786659639	-20.866346153846155	-1.4656184279477784

drug_281.txt	-0.167598602096855	1.4377691119602376	-0.36939295791907834	-0.8085916264906481	0.06246156597736339	0.02510163385128624	20.246153846153845	0.10873236286806366

drug_282.txt	-0.188666999500749	-0.8570336909321838	-0.516325472629293	-1.23712631654555	-0.04065675525366991	-0.24971373108235845	-51.20048076923077	-2.4957944138434693

drug_283.txt	-1.44518222666001	-0.8250759244912806	-0.479629130264673	-1.067041722402844	-0.03548306944024737	-0.21405097625376027	-31.032692307692308	-2.359662735778122

drug_284.txt	-1.39166250624064	-0.7002692668678815	-0.42534784220630895	-0.9436375988889091	-0.011460696195438116	-0.12491269254098099	-9.102884615384616	-0.8601901554656198

drug_285.txt	-1.29695456814778	0.5590710845042371	-0.1652081166891507	-0.39021967166492466	-0.03713935768522025	0.006367020265198517	67.51826923076923	1.62622103561517

drug_286.txt	-1.44518222666001	0.8138414006567255	-0.33704905336423996	-1.0022081988044276	-0.08028973259530273	-0.046218154299174856	27.035576923076924	-0.007696025542120742

drug_287.txt	-1.5353469795307	-0.8866801238169886	-0.3001439176528509	-0.6416983970260861	0.0051102728585883245	-0.06417480276004481	15.310576923076923	-0.7788355833501434

drug_288.txt	-1.50379430853719	0.7337038449967622	-0.35134611039374986	-0.7479994594774346	0.015177031323711232	0.00036644720950782835	1.0697115384615385	-0.8232896660088749

drug_289.txt	1.49031452820769	0.8718311747678629	0.2803715958129052	0.7530796884912053	0.19394288066740306	0.14374056464027166	54.66153846153846	0.7800577419948761

drug_29.txt	1.38237643534698	1.1919041860514301	-0.4034882283230535	-0.8379071052881921	0.11207747078018601	0.07152021997296569	71.55432692307693	1.255862718506553

drug_290.txt	-1.32381427858213	1.0978311773650393	0.0036958533862376797	0.16293028115759528	0.09244392818576151	0.0066868189755715434	40.52644230769231	0.3460361299446876

drug_291.txt	-1.27528706939591	0.9706276173284115	0.011090136207551005	-0.07080793127677121	0.09177241038362949	-0.02047406510363182	26.659134615384616	0.23346889549743227

drug_292.txt	0.00833749375936099	1.3005567258046455	-0.3646428183889867	-0.6781406142611426	0.10606340407818284	0.19702538954441015	77.90240384615385	1.984016168840554

drug_293.txt	-1.45651522715926	1.1904345732801203	-0.22669928355027905	-0.4563940483451608	0.06143569700911547	0.0812952306961609	78.2951923076923	1.869814552508376

drug_294.txt	0.206090863704443	-1.010178589173103	-0.0374651816061804	-0.06628180230389619	0.08209016892097257	-0.02899048618819424	24.827884615384615	-0.09416025488504813

drug_295.txt	-1.17823265102346	-1.2126353584232388	-0.349947625601549	-0.6518691870114235	0.08629675320341298	0.027295939602154456	60.85721153846154	1.0896809449019622

drug_296.txt	-1.09385921118323	-1.261521307942264	-0.0008290604586818351	0.051667555333338167	0.13147554967229463	0.0908643358568363	91.06346153846154	2.0401407798367805

drug_297.txt	-1.43584623065402	1.311145271104458	-0.35185957734391193	-0.6706538357705203	0.12540036663330106	0.12218914907031282	78.99711538461538	1.7490236052702786

drug_298.txt	-0.0133300049925112	-1.6194446452398088	-0.35101221830137824	-0.728709212006958	0.0922567136967093	0.16844709036363098	116.58846153846154	3.215201529585405

drug_299.txt	-0.278582126809785	0.827402639238061	-0.297617846684372	-0.6892341251187959	0.0780076388794477	0.10519928400360531	53.16298076923077	0.5275957817698802

drug_3.txt	1.49229013622424	0.6885303795590826	0.0699603206446264	0.14786114894230923	0.273401379300296	0.21354955779252596	53.190865384615385	0.26548987016791664

drug_30.txt	0.0137793310034948	1.1324489121059216	-0.057113391334325136	-0.09927669595828253	0.15324684046568923	0.1233849791077493	28.666826923076922	0.4430092287206426

drug_300.txt	-0.258062905641538	0.8422793390602643	-0.3851814810508663	-1.005649793851682	-0.015461916942644954	-0.009068425733994287	71.40384615384616	1.1956400632997408

drug_301.txt	-1.26994508237644	-1.5063776187338749	0.004481767656309921	0.1696092378843227	0.10604534681778852	-0.033892096177554405	26.139903846153846	0.3353825482164022

drug_302.txt	-0.323864203694458	0.648342311418334	0.04732313653470012	0.12867227273785403	0.07301109448439526	0.1462347905195959	56.35721153846154	1.1765023677272275

drug_303.txt	-0.199550673989016	1.2709050697071418	0.020108708609117176	0.04732346209840621	0.09233272219451055	0.11321792128501958	86.2625	1.7455408964574275

drug_304.txt	-1.38771842236645	1.1557105710620612	0.028372055949701186	0.17643010739639092	0.063816565388711	-0.027069737083325288	73.64086538461538	1.4661964993398138

drug_305.txt	-1.37438841737394	0.8404022460254514	-0.1123339698967875	-0.3596058581228446	0.05725670266869605	0.050979048009714124	64.33798076923077	0.7336829447508072

drug_306.txt	-1.33959061407888	-1.0745140387505785	0.021313246421588772	0.21105423612621071	0.061155400338149715	-0.01855032744288789	67.6610576923077	1.7739869775047412

drug_307.txt	-0.285821268097853	-1.0096772613624967	-0.39651156413749356	-0.9473612733088432	-0.01722803578065893	-0.09269946305860827	10.127403846153847	-0.7585032839298035

drug_308.txt	-1.19072106126525	-1.1293215983562053	-0.3683033888178009	-0.784559467420735	0.0723479150686718	-0.05949232473691045	43.06490384615385	0.4106595678814002

drug_309.txt	-0.237294058911633	-0.9202453601643898	-0.2875300244451853	-0.5620093279758112	0.047182295465592744	-0.004167811827239799	33.82644230769231	1.1772515119511024

drug_31.txt	1.35409742529064	-2.793956059638827	-0.0022147062807987283	-0.009809909541314776	0.16399715909429066	0.16576563476117223	89.07692307692308	2.213149832195177

drug_310.txt	-1.36759860209685	1.336897278709499	-0.32487211166087887	-0.6355269081300359	0.08639644671165732	0.019052854067381934	53.145673076923075	0.5668282831110405

drug_311.txt	-1.2992011982027	1.043219217755706	0.013769813861278485	0.05615085349723892	0.08227321092348767	0.0930658640983656	73.03317307692308	1.402119749894191

drug_312.txt	-1.49820269595607	-0.7961722974902468	-0.37745979285815334	-0.7812903268403074	0.010612929317401723	-0.009846689621582562	28.56971153846154	-0.44500025822302813

drug_313.txt	-1.02531203195207	1.3089123630520243	-0.36249861018276247	-0.735573399675064	0.09459684125408294	-0.009984428333387647	23.997596153846153	-0.4941059776027246

drug_314.txt	-1.509036445332	-0.7315212065997874	-0.3633195305737975	-0.7702327279652593	-0.031849799181272634	-0.11875429667890598	-9.808653846153845	-1.2260444055506525

drug_315.txt	-1.1355038870266	1.12021453970187	0.08987649125295119	0.2965933149637488	0.1231043944078526	0.16644911093198664	87.85528846153846	1.7236313298683266

drug_316.txt	0.245731402895657	1.0015522847610359	-0.2947178463874963	-0.6760351200071759	0.06634674596419869	0.021023704435272943	67.80865384615385	3.267163294456191

drug_317.txt	-1.2928607089366	0.8038175818713938	-0.07143580857308221	-0.14905630374108408	0.11071523001048247	0.10176322684941344	63.66538461538462	1.210956854527133

drug_318.txt	-1.16031666785536	-0.7257494498823747	-0.36840367257570883	-0.77766835291356	0.027575220694752448	-0.09356537914192245	16.984134615384615	-0.464380842415834

drug_319.txt	-1.12292275871906	1.244658524551369	-0.376288733984966	-0.6668778635951942	0.10673391843419618	-0.005770618103811177	31.62403846153846	0.006421480458630901

drug_32.txt	1.46413237286927	0.9314250081267847	-0.32874061065212556	-0.6711012920809746	0.15195356918300637	0.0794923649283123	51.245673076923076	0.5805778850159862

drug_320.txt	-1.49091362955567	1.2795860832749746	-0.31572641840088644	-0.6040689256979532	-0.00958771100882079	-0.1632311988832403	-44.229326923076925	-3.56173687730438

drug_321.txt	0.926039512160331	-1.1709988795877848	-0.30105671377386445	-0.6398727231201209	0.09272236773230946	0.0035501200274718264	43.40817307692308	0.08803951848737847

drug_322.txt	1.68577134298552	0.6951915120940122	0.2678959448124746	0.6267910824487913	0.07679398533845161	0.07757584860030371	35.15625	0.6422683140574764

drug_323.txt	-0.378831752371443	1.482550610800102	-0.4431689505173935	-0.8543204145133847	0.07946943017930858	0.023383912556718296	35.74278846153846	0.22925749621290806

drug_324.txt	1.52131802296555	0.996261597388892	0.0760052240953707	0.2138936478549962	0.10191747278582165	0.14821178514690445	27.64855769230769	0.5738592384780964

drug_325.txt	1.39308893802154	0.5860057377161492	0.06844011563579783	0.23103526406775388	0.13407232291607796	0.12429573682325595	12.410096153846155	-0.5381813797327619

drug_326.txt	1.19570644033949	1.2336196779247794	0.04680048598847253	0.12755071110374844	0.15564393216419542	0.19387347678023545	43.80432692307692	0.5409085737930585

drug_327.txt	1.43240139790315	-1.1903923299692039	-0.39409229183644057	-0.7907528307685343	0.09636268191971309	0.15453328919582202	47.0	0.11342239800589422

drug_328.txt	1.60838741887169	0.8327412365224784	0.08493465426627893	0.19840697132387564	0.07976729892326735	0.02773579091449474	9.959134615384615	-0.2264327480081537

drug_329.txt	-0.954625205049569	1.131378444519873	-0.09416105659108318	-0.24342155490202555	0.07774759915053361	-0.010467128080997578	10.775961538461539	-0.6632441374660026

drug_33.txt	1.49124170886527	0.7238050330550324	-0.32945029300359985	-0.7066986404597011	0.12805828882063416	0.10033906581729332	24.474519230769232	0.3972581513227642

drug_330.txt	-1.24083874188717	-1.102124652104321	-0.38318995478837187	-0.7610917324532149	0.04642355022953072	-0.10546929575660467	-29.196153846153845	-1.0237625043272178

drug_331.txt	-0.618671992011982	-0.506474634547028	-0.387941883466962	-0.9552511473530189	-0.15653234512521366	-0.20679310996446984	-53.19471153846154	-2.2225732333057033

drug_332.txt	1.12489123457671	0.8974807132868767	-0.3373100081895003	-0.6783700825279186	0.0722660239961779	0.07404608755289967	33.815384615384616	-0.4303198726501546

drug_333.txt	1.08632051922117	-1.326254751131609	-0.361579216924952	-0.7082960187141276	0.0724570318774927	0.04619578057352262	41.60576923076923	0.14440117905104155

drug_334.txt	1.03547535839098	0.8909699142122189	0.022565179094394067	0.14278219732309666	0.08730754615800804	-0.0011680638617995308	8.39423076923077	-0.8983576779603163

drug_335.txt	0.00957848940874395	1.1777732383093396	-0.4303186362729661	-0.7879306980183202	0.05327206079896088	-0.015047410925535132	-1.9610576923076923	-1.9920980913596815

drug_336.txt	-1.23255117324014	1.1862287332116557	-0.05641231263813182	-0.19937568331716837	0.0627787901536169	0.03213431224866434	-9.457211538461538	-0.07745237910384907

drug_337.txt	0.970672562584694	1.363378403500672	-0.3092260730747079	-0.651587861753822	0.057252890199959265	0.022788435841268075	-9.173076923076923	-0.9383979890942596

drug_338.txt	-1.38222666000999	-0.8548572375236587	-0.4496188360977405	-1.0095070013653673	0.010167490793797918	-0.10414090940396993	10.317307692307692	0.029656248692840188

drug_339.txt	1.02454175879039	0.82653476759202	0.012843538107475905	0.011651198106859051	0.0965206196158388	0.06378544813944495	-3.0076923076923077	-0.740821760008293

drug_34.txt	1.51670351615434	1.2145893844968751	-0.2761141842103661	-0.6040640901763723	0.1645993529166506	0.0419224864031157	32.57211538461539	0.03535967914818428

drug_340.txt	-1.45057413879181	-1.2794141212676982	-0.408929932360414	-0.820421613854764	0.03345936541891967	-0.05069003708181821	40.252884615384616	1.0425149338495872

drug_341.txt	0.106140788816775	-1.2262440539173416	-0.3971205952306729	-0.7834542501082647	0.017141129526959384	-0.07990839462330082	-36.35	-1.2419194525116748

drug_342.txt	-1.44623065401897	-0.8392474148201805	-0.1673433727382077	-0.3417992994180134	-0.1410328427832312	-0.08976694772871467	20.298557692307693	0.17470068188644347

drug_343.txt	-1.11572641038442	1.1315393249975085	-0.5000087410869597	-0.9621182902735275	0.08008944214057938	0.030712856746874864	-3.4158653846153846	-0.9721463104034296

drug_344.txt	-0.055616575137294	1.2579142756489432	0.0973808245141645	0.25998770930112536	0.04911370488365406	-0.009734869299490618	0.11009615384615384	-0.25301339913555093

drug_345.txt	-1.48866699950075	1.0498916663759725	-0.052196781889441324	0.00010177236520303445	0.018520885409873372	0.03726480828836556	30.033653846153847	0.2067675363748121

drug_346.txt	-0.15881178232651	1.6814103747531624	-0.41972357907084173	-0.8087501186674779	0.09508596436003747	-0.03767578534627898	0.6086538461538461	-0.3273790600466457

drug_347.txt	1.24665858355324	-0.9864728119163284	-0.32823369599926855	-0.6658294527493024	0.04278689313054946	-0.028332248219242896	-8.47451923076923	-1.436809630205588

drug_348.txt	0.232251622566151	-0.6559230987527155	-0.41712296743719746	-0.7912561100664022	-0.009696295169644473	-0.13002154006737127	3.379326923076923	-0.6755433540733133

drug_349.txt	-1.46245631552671	0.7981485073577936	0.02415532264037394	0.11346679272701843	0.2019865185702619	0.024797930389744805	2.626923076923077	-0.14479862575424338

drug_35.txt	1.46293417017331	2.5958438577964227	-0.3445409119535085	-0.7062505928635017	0.14996277977961425	0.12143915168656713	60.59471153846154	0.31974225318495003

drug_350.txt	-0.44917623564653	0.7724672896760729	-0.07023155552437751	-0.1715426958422353	0.2099599721764049	0.11489752195181302	28.7125	0.04263010745012912

drug_351.txt	-0.19236145781328	0.8474859585429233	0.07064976307242479	0.12588351126709182	0.251351820516867	0.11167082780312595	18.776923076923076	0.4916988242837871

drug_352.txt	1.19830254618073	0.9531572663403776	0.32352852217893324	0.71709518926165	0.34090303602210004	0.2664254906699864	60.54903846153846	1.2385413594508066

drug_353.txt	-0.252221667498752	0.5097847951106338	0.44507522568013924	0.974959269109305	0.30099077283599035	0.22519181450113163	52.95625	0.6809534939016227

drug_354.txt	-0.330803794308537	0.9094443674014259	-0.07239102035949846	-0.10783119438091615	0.2143709156758269	0.10830118347104124	55.49326923076923	1.469961019328268

drug_355.txt	-1.52710933599601	1.3324938887925826	0.10814457695368176	0.29116101777839043	0.2671308392768534	0.05069319666065228	-12.716826923076923	-0.6414851214031708

drug_356.txt	-1.42865701447828	0.8911037797091194	0.0737204237458387	0.2335859162612134	0.15621289440032854	0.1813602062662814	78.16346153846153	1.1246333429165078

drug_357.txt	-0.200099850224663	0.8286805938446877	-0.03887000272699059	-0.05027932318076894	0.27378581127417306	0.18276110918939772	48.152403846153845	0.5016809808023448

drug_358.txt	-1.49296055916126	0.887393879528283	-0.3838034902578896	-0.7846096068981175	0.20217843561331178	0.06829994320658911	-0.4889423076923077	-0.7659700427381854

drug_359.txt	1.43727266243492	0.8003611878476784	-0.017614817295586838	-0.035039193153730386	0.2813631293805673	0.22019714195370052	16.685576923076923	-0.28315593077583867

drug_36.txt	1.48135653662364	0.6404577022772886	0.33683602823471903	0.8204266061731705	0.20746332505375886	0.21767870577735535	56.21394230769231	0.8053013541205162

drug_360.txt	-0.165701447828258	0.9724474777762264	-0.13451579175746575	-0.42712334267925284	0.2144153445876374	0.11298374466134249	51.20528846153846	1.6780351353726917

drug_361.txt	-0.167149276085871	1.0127640937978457	0.16581890599402738	0.6077765462196121	0.28908386580715334	0.23861424985367552	3.733173076923077	-0.6029060367216932

drug_362.txt	-1.3981028457314	1.0054445507425687	0.019715614133404613	0.16593360024992848	0.22026098984361026	0.11265316134761177	7.108653846153846	0.040843968601794574

drug_363.txt	1.40926467441695	0.5178288982108407	0.4035052169907337	0.8514251670428559	0.32978123408965004	0.3276053558358685	42.71153846153846	-0.3622529652612339

drug_364.txt	1.25067398901648	-0.8842034453869133	0.025776948994196802	0.11208774135755156	0.2279051750548062	0.08699336156636403	59.06730769230769	1.4250094022235094

drug_365.txt	1.43035446829755	0.8116436997194989	0.16755836566090354	0.3725180080442922	0.3384039250634097	0.29045406001284657	35.528365384615384	-0.1852740721202468

drug_366.txt	-0.224413379930105	0.9951150477653543	-0.06981785878909583	-0.21457733719869043	0.23258165817514284	0.07162812186880407	50.44326923076923	1.1029000331401877

drug_367.txt	0.0740389415876185	1.2367252906391146	0.33979532522206546	0.7234126017671036	0.2637892330815945	0.17143315311913143	20.954326923076923	-0.05553354900388765

drug_368.txt	0.0295057413879181	0.9014707936986766	0.09811705477041743	0.19644011576710413	0.25077989834343173	0.12572985759010963	-12.570673076923077	-1.3041460809407188

drug_369.txt	-0.0105841238142785	0.8093935907778544	0.09792982768644704	0.2214115086880265	0.27525656645562324	0.17863522336909862	-17.67451923076923	-0.9909364654465087

drug_37.txt	1.29281791598317	1.3300758672070698	-0.2513327238838196	-0.49330049283129934	0.15396572587989527	0.10093468584269279	25.140384615384615	0.4315121451150509

drug_370.txt	1.28295414021824	1.3808159916583174	0.014662134989587877	0.08510973343264644	0.2222003582600489	0.05644219613178296	-6.154807692307692	-1.8658668992249194

drug_371.txt	-0.129705441837244	0.8740369290586283	-0.048464333538808385	-0.03579228839917714	0.2593141309765117	0.13085954895997626	29.539423076923075	0.5946422636148716

drug_372.txt	0.38771842236645	0.836320657197246	0.17828136478250617	0.44078707469515416	0.2864807162456299	0.15014884753636454	-0.6649038461538461	-1.0462839353401212

drug_373.txt	1.44408387418872	0.8672052011248272	-0.12970152038863272	-0.29142590776945504	0.1587752715740389	0.04568039808637201	33.43221153846154	0.7146437879174123

drug_374.txt	1.3378717637829	0.748242735130983	-0.01840609436586023	-0.04465246180738083	0.22588316612310308	0.08579671760884007	0.16153846153846155	-0.9637217379511894

drug_375.txt	1.51168247628557	-0.9598895096774662	-0.2653342748903752	-0.6358588000397707	0.21209736669502216	0.027247020788697483	11.95625	-0.1211152625349148

drug_376.txt	-0.413429855217174	0.6754062330221808	0.126965227046947	0.30142067048456334	0.24986317785722942	0.11103732830621194	8.289423076923077	-0.4223452998501822

drug_377.txt	-0.469945082376435	0.7393616938578205	-0.0029177254289474708	0.017936321536228927	0.06858837898568215	0.049639950478904314	-7.558653846153846	-1.0881906573518276

drug_378.txt	-0.216674987518722	0.7843602990214641	-0.06816615067246029	-0.09060756457878305	0.18817537706322038	0.13234857073141867	74.73413461538462	2.164619429450011

drug_379.txt	-0.533749375936096	0.663664858259501	-0.03699590697354124	-0.07340494113350804	0.07588582772246207	0.10357343525213471	27.536538461538463	0.009263924111950534

drug_38.txt	1.35541687468797	-0.9426309514786484	-0.3217462959211239	-0.6667969188524908	0.149014265299918	0.09726933184023458	44.08413461538461	0.4844113168974008

drug_380.txt	0.207888167748377	1.0327023821899777	-0.02997902130520244	0.030354933572939835	0.15627355231047835	0.1375559640856894	6.2995192307692305	-0.6465840311117124

drug_381.txt	-0.00594108836744889	0.6675321739053345	-0.05855581515322458	-0.1150171310061108	0.11171180032674669	0.14884530823322475	51.01586538461538	0.8907940168671774

drug_382.txt	-0.542436345481777	0.5717143958675109	-0.001407770132044267	0.13556920308668874	0.1014779961069759	-0.012320234961840723	-46.510576923076925	-2.2877735605006095

drug_383.txt	-0.235596605092362	0.7948912288185047	-0.01855873793635185	-0.03074727031267202	0.178917481002927	0.2638882597238165	50.9625	1.5585546227860205

drug_384.txt	-1.37408886669995	0.8066658064584242	-0.28227248926787096	-0.6261415527654796	0.05506689032499025	0.010030228463357316	43.792788461538464	0.06187651232423141

drug_385.txt	0.258412381427858	0.5134870804908401	0.04553102251365773	0.07790678480645846	0.1096972916384849	0.18461186653014655	35.10096153846154	0.25184885394621326

drug_386.txt	-1.32571143285072	-0.6890561330469999	-0.4292953571058116	-0.9701317941610474	0.003934184662288814	-0.09885618394505098	-3.5730769230769233	-0.6076883868601101

drug_387.txt	-0.454518222666001	0.5395565964726217	-0.07364407969231337	-0.144364490859334	0.103010536383595	0.1099394345888788	63.99038461538461	1.0550071897337903

drug_388.txt	-1.2990514228657	-0.924511230976217	-0.27995019716078295	-0.5789636874048101	0.07021750212018041	0.03663842550833968	41.690384615384616	1.0856256984787291

drug_389.txt	0.100399400898652	1.0367778877427303	-0.3379175554950164	-0.7109619346529501	0.06594621676753241	-0.047378606574544936	-19.76923076923077	-1.5118196322453532

drug_39.txt	1.3578418087155	0.8972848800475912	-0.2795464815166116	-0.6800074984638218	0.1830550655721222	0.1493631756001718	51.66298076923077	1.0877924938103156

drug_390.txt	-0.263954068896655	0.7264214040150514	-0.3751121871344512	-0.8934415590893308	0.004814986670815674	-0.0032518092278464358	48.03605769230769	0.4505053725465847

drug_391.txt	-0.567498751872192	0.916041581807313	-0.017890348704258097	-0.07593475103656308	0.14627423499812522	0.1467368941609004	27.556730769230768	-0.2340969743692762

drug_392.txt	-1.10504243634548	1.4685490882541163	-0.379213108992569	-0.6846942746677758	0.10704458595823413	0.05651736038257045	43.184615384615384	0.2581712440206569

drug_393.txt	0.289808144925469	1.417430344305811	-0.026327824240774345	-0.12938268284862092	0.08864006746375933	-0.09251202440855769	10.722115384615385	-0.8959483818174829

drug_394.txt	-1.19086370444334	-1.3409743704092127	-0.3227777888064909	-0.6044101952409994	0.058586183682482966	0.058211965191448174	-1.6533653846153846	-0.8821590236642858

drug_395.txt	1.37593609585622	1.0357115986745484	-0.0031534570035017806	-0.02006021777278577	0.14341471554343235	0.17588935577529224	41.49807692307692	0.7313285999420989

drug_396.txt	-0.455966050923615	0.7952529205557678	-0.16936219329911092	-0.4131081933172896	0.03046977698395295	0.016120907223669458	46.15673076923077	0.11950418213622974

drug_397.txt	1.2735396904643	0.8086002808487529	-0.28820773458554805	-0.5488927912006105	0.09824215413910041	0.11665293103274467	-10.784615384615385	-2.081398390508825

drug_398.txt	-0.246330504243635	-0.9048484915165171	-0.2994747556097969	-0.7206076032529676	0.07033229886512876	0.013327227278658557	33.872115384615384	0.1062533627848905

drug_399.txt	0.0292561158262606	1.0005414998141575	-0.030268698734965044	-0.0228720393913171	0.08469779087302323	-0.06278982079623113	-0.025	-0.7072533512591305

drug_4.txt	1.35529562798659	0.8019988116088137	0.31279746296134053	0.7322554805925472	0.26514993051026087	0.19298247253966364	46.747115384615384	0.20627644926102165

drug_40.txt	1.44850581270951	0.7905891320115388	-0.32957617414849305	-0.7450582045702897	0.14074599810277805	0.10636521057927395	55.35625	0.5694923645102339

drug_400.txt	1.33394907638542	-1.254255513496868	-0.41572836432401516	-0.7291018594053165	0.05392775951498005	-0.039661095612777704	31.385096153846153	0.43233653627763413

drug_401.txt	0.00129805292061902	0.7138273171821431	0.31151501519783675	0.8895164601914414	0.2285415224612975	0.25724754510042996	28.873076923076923	0.42822905250872806

drug_402.txt	-0.0411882176734898	0.8020361170714554	-0.29597442954254005	-0.6320916226515323	0.015343830452598323	-0.18209506016470822	-29.171153846153846	-2.2987377571154197

drug_403.txt	-1.31108337493759	-0.9496406288901973	-0.2939061726824388	-0.6349611850049686	0.0016059998231259809	-0.07423860968627326	20.00673076923077	0.35398550105100096

drug_404.txt	-0.217224163754368	-1.1755845478043008	-0.38182611137753164	-0.7463653572915943	0.04645091628260692	-0.19313030046083554	-35.68028846153846	-1.863717525583746

drug_405.txt	-0.291313030454318	0.4640107668378005	0.333114519524887	0.8099774369349039	0.027053785254179452	0.060270209961218776	28.266826923076923	-0.05483230967103707

drug_406.txt	-0.00449326010983531	1.2766333417561966	-0.2958092367849981	-0.5638324308325353	0.04174081451018509	-0.08216166920245173	-25.790865384615383	-1.55264445564207

drug_407.txt	-1.41228157763355	0.7388999979574584	-0.03942615922306322	-0.05359262402422671	-0.037598115745351504	0.04007511372345959	50.31442307692308	0.47438556060479115

drug_408.txt	-1.50404393409885	0.4464994402120254	0.14571071780980024	0.4430218134323992	0.04219149894072719	0.14156820173624413	44.66971153846154	0.76009443541811

drug_409.txt	-1.41979887311889	0.8249256364865869	0.10914686950917019	0.37187300607533486	0.033802916794332984	0.06562933129175727	48.50144230769231	0.5734716480936927

drug_41.txt	1.18190571285928	1.1067832097247967	-0.27605549152944353	-0.5861775898953006	0.17369322070905596	0.0996518119418324	41.42163461538462	0.21845513020046092

drug_410.txt	-1.37826117965908	0.8874037512125857	0.16636720389578366	0.45131841643657705	0.055474111766953715	0.1435784742495876	79.40432692307692	1.2581201201112588

drug_411.txt	-1.39828114970402	0.8921392119760094	0.11423154241137909	0.24928006597336178	0.05026671092680692	0.08065402887658554	72.41442307692307	1.4640261027258041

drug_412.txt	-1.44742885671493	0.8157010309946799	0.18250702001744545	0.4153134638418518	0.0380397675241118	0.006412018195753536	32.5625	-0.09380735126640101

drug_413.txt	-1.46984523215177	0.6146747837612135	0.09754071517583343	0.33582742532902726	0.002463932152222464	0.034899699036887104	19.629807692307693	0.49056576987267697

drug_414.txt	-1.40349475786321	0.8017006164307854	0.16856171739077616	0.28889737629794804	0.12992527074605026	0.14124113033464944	63.502884615384616	1.445096980185246

drug_415.txt	-1.49630554168747	1.1319580506872353	0.1611761447681117	0.4129667639239558	0.04621860503322822	0.0866139980111136	66.95384615384616	0.9725814572862952

drug_416.txt	-1.20596961700307	0.791752673554738	0.17635512676222534	0.47811767087863666	0.15968842146760423	0.16118801917748757	53.103846153846156	0.30651580314890087

drug_417.txt	-0.408587119321019	0.7620190201561093	0.15837698576294618	0.4289992841286954	0.05109890051781445	0.19223944040275726	60.127884615384616	0.8438813648190545

drug_418.txt	-1.23008344625918	0.9540659923200803	0.17561559627336024	0.5047439939716468	0.05772342371137554	0.13506458328055126	33.995673076923076	0.2180385796352891

drug_419.txt	-1.41068397403894	0.9616517873632311	0.1548692410938232	0.35276843864804763	0.060921593460884084	0.02477787031359045	46.261538461538464	0.9424880433570869

drug_42.txt	1.47596462449183	0.9505398807606413	-0.07077169317664214	-0.13684639515081776	0.1877089883422181	0.22990932980419082	98.3451923076923	2.4063961516166765

drug_420.txt	-0.45946080878682	-0.8386842260337763	0.070907061427606	0.2424435689575457	-0.012912046909525111	0.05592003733931306	16.75625	0.21357226230614085

drug_421.txt	-1.44633050424363	0.9316022270918086	0.053221068431018315	0.13048927452819137	0.07619332308641362	0.04741182357275676	44.48269230769231	0.8490045801335598

drug_422.txt	-1.4367734113116	1.0123844649912215	0.12025354243776476	0.33695323242719694	0.048941857286780195	-0.006000229370415589	35.66971153846154	0.27339895048614543

drug_423.txt	-1.48831752371443	0.7138786252137811	0.20780012134700762	0.4466867236980416	0.07179466247338612	0.04740639235404683	26.141826923076923	-0.11072491466880062

drug_424.txt	-1.55696455317024	1.1454606128640394	0.16938818002891473	0.37900169799651534	0.021177687052981755	0.049006139067544884	53.57932692307692	0.5367716949857936

drug_425.txt	-1.29515726410384	0.7796440955248984	-0.017436739729607076	0.04640927868307476	0.02272353779936151	0.08871485175124712	91.99423076923077	1.7437735996032382

drug_426.txt	-1.44687968047928	1.0405402101882615	0.16221840555362566	0.35530446784870745	0.07219050481528577	0.10713386639238218	80.98221153846154	2.310048525396096

drug_427.txt	-1.49570644033949	1.0562099061028265	0.08833179036985414	0.4343031695683189	0.040894446539712866	-0.056985805337690244	16.672115384615385	-0.3026265195564247

drug_428.txt	-1.48562156764853	1.0521758267442771	0.03592778991741774	-0.012360766202398454	0.01596097676706328	0.014770034432373843	55.39951923076923	1.452827671667897

drug_429.txt	-1.46160758861707	0.6996670293415602	0.10723265019674913	0.3256705283392014	-0.01645372758668502	-0.18227825439022602	-67.98509615384616	-2.5798291045169646

drug_43.txt	0.214877683474788	1.2481316879615485	0.00809779503487379	0.12789067505470386	0.1375736112364435	-0.0069184349762956565	17.326923076923077	-0.05141066178645342

drug_430.txt	-1.31467798302546	0.6979434689234139	-0.03462507298854273	-0.08125746347578955	-0.0017205384841270516	0.09519011534704207	76.62307692307692	1.3507557772577803

drug_431.txt	-1.37968047928108	0.7948832978724572	0.03942923278886973	0.06310750972815715	0.0308360172871142	0.028304480321254894	-16.08125	-2.502814446459274

drug_432.txt	-1.3659296769132	0.8752708830498135	0.19979538585710543	0.4668063518552585	0.08186648108509503	0.14066186562249064	112.725	1.7722928880296607

drug_433.txt	-1.38629912274445	0.7115435230285292	0.3642383597134915	0.7289145399161334	0.0023818615789581027	-0.06869704782813689	3.3110576923076924	-0.786166282074588

drug_434.txt	-1.27846088010841	1.4100531462223507	-0.013902841208502145	-0.040737200201435064	-0.08250245091641804	-0.195878182373961	-74.46346153846154	-2.0609951052725757

drug_435.txt	-1.44767848227659	0.9165589425722397	0.13417372225056756	0.4401654627244094	0.02305485488266605	0.03764598220981902	29.17596153846154	0.5160833248100543

drug_436.txt	-0.414478282576136	0.781429768049841	-0.12202343184624909	-0.2331149236442286	0.008158074075408292	0.05243874650881116	71.39759615384615	1.4919163429438478

drug_437.txt	-0.0121817274088867	-0.970984893917922	-0.09401809451040588	-0.060320519150322105	0.1418578662618596	0.18588034702284592	62.05288461538461	0.6429932173821652

drug_438.txt	-1.39126310534199	0.7705160331971997	-0.06997893109148529	-0.09609329881695872	0.053401252989673686	0.007993221328785024	-30.443269230769232	-1.7168026513463208

drug_439.txt	-0.874687968047928	0.8819228514808177	-0.4691841984915574	-1.1500748552165068	0.12488959373463882	0.16439737936544951	48.04423076923077	1.5872905981813439

drug_44.txt	1.40821624705798	0.8034941654666035	-0.3396720673838538	-0.6869174144421573	0.14279842735263107	0.11916982200492235	49.190384615384616	1.0908101441451834

drug_440.txt	-1.37239141288068	0.5982273138509381	-0.1071426124935338	-0.022022518071363573	0.11945201765188648	0.10430003700616564	-8.192788461538461	-1.0379378471831444

drug_441.txt	-1.32601098352471	0.761774159691283	-0.12543062861737295	-0.23929179189570238	0.0523221352167504	0.028949329551118442	11.537980769230769	0.1495480483069372

drug_442.txt	0.930283146708509	0.8021649163150887	-0.141522954314359	-0.27892088255866637	0.07062050950853405	0.02878933871141196	26.0875	0.06876109028614084

drug_443.txt	0.334248627059411	0.704777201441304	0.06992735292130398	0.10546998043247147	0.2394961442420222	0.17365017140552216	55.473076923076924	0.3730824509779423

drug_444.txt	0.093859211183225	0.5048998680359652	-0.03186749633563307	-0.1092615902182027	0.14862077836231535	0.11639279491992399	4.120673076923077	-1.031320043805376

drug_445.txt	-0.982661721703159	0.6674463033161733	0.011917527958520774	0.06417919791793247	0.1510074800549439	0.12120241454471424	13.836057692307692	-0.551946165268686

drug_446.txt	0.277234148776835	0.5482581460160454	-0.2698401069743074	-0.6230415966728668	0.1381189510198647	0.15390959120182052	34.76346153846154	0.26360151977138363

drug_447.txt	-0.0512302974110264	0.9241530367505209	-0.42234324346241314	-0.9796429023221678	0.10184977598602812	0.021528773558584915	7.6052884615384615	-1.0468581904286731

drug_448.txt	0.208530062049782	-0.79437729027902	-0.34208508147259176	-0.7271264379648736	0.01998117826472419	-0.10475809601805042	-17.739903846153847	-1.1268226867044415

drug_449.txt	1.57343984023964	0.8519000990518295	-0.2438978940323251	-0.5999757102790794	0.0959190865438984	0.10404929655206406	70.1860576923077	0.5898437035817766

drug_45.txt	1.31650381570501	-1.1118576566859226	-0.3463937390826267	-0.7771666439694858	0.1566624223829972	0.10496657524539679	67.69471153846153	2.6602157422242083

drug_450.txt	1.3096640753156	-1.1007315974668361	-0.32478541492282625	-0.6170877247663515	0.11974183886011147	-0.020062984720553602	-15.203365384615385	-1.5200984051096331

drug_451.txt	0.500092718065759	-0.9533878700988843	-0.058173991233962	-0.007677701895109301	0.11730348999643898	-0.03192671312836955	-24.545673076923077	-0.8114859023160806

drug_452.txt	1.74403394907639	0.8132576109043679	0.3532266098643152	1.1747286434723063	0.2355446936468846	0.19614086888906512	30.489423076923078	-0.0849898633817068

drug_453.txt	-0.988253334284288	-0.9991723017685655	-0.38075827731659073	-0.9010991016160137	0.054724085327288396	-0.09513885676846993	-47.05288461538461	-4.8459880986101025

drug_454.txt	0.371885029598459	-1.0314183901037426	-0.3180719620480694	-0.5932118053031374	0.05583150673950832	-0.053753840855754874	-35.99375	-2.5054705105549533

drug_455.txt	0.424377719135582	0.7514686050390831	-0.0010146236748606319	-0.05766291693374759	0.19845831932663177	0.19600345118549967	24.45	0.15558889050088434

drug_456.txt	1.00836602239498	0.8719249383800809	-0.5005824532750411	-1.0564999521105007	0.12402408593768204	0.13870185778545016	58.98653846153846	0.3358777390772429

drug_457.txt	1.42658868839598	0.7400059551303442	-0.3385986034870316	-0.6960777175527968	0.15439316317530222	0.1705831302486844	50.54759615384615	1.1620814478943355

drug_458.txt	0.482640325226446	-0.9524358650859249	-0.38270858872535	-0.7813332752575921	0.1568726401210182	0.06421987346624693	10.13125	-0.979941079131236

drug_459.txt	1.4087154981813	-0.7053434167698169	-0.045363586494167996	-0.10744194892729209	0.1194468036134169	0.09174922008052251	35.59423076923077	0.3122536375780046

drug_46.txt	1.36872548320377	0.6804238107261834	0.006601384872559457	-0.015204863273186875	0.21077740292913177	0.1917460289787902	57.63269230769231	0.7832139685647269

drug_460.txt	1.0813066115113	0.28369834759893814	0.06515338915192057	0.32799577894738075	0.1557174839150895	0.13783627306661583	4.212019230769231	-0.22185196171724125

drug_461.txt	1.22369303188075	-0.7601721852197735	-0.26659862606131557	-0.5530405299737409	0.10265877322616396	0.038614374701887416	-12.522596153846154	-0.9150509452389419

drug_462.txt	0.179181228157763	0.7027446684609742	-0.3440772549925266	-0.632107731059657	0.11117564208545996	0.039072881337843125	-33.925	-1.8927633117396914

drug_463.txt	1.20082733043292	0.6520377530821974	0.01446604653146391	0.06324279297191737	0.15645482254191567	0.1124992933189033	2.9269230769230767	-1.028819648394215

drug_464.txt	1.14680835889024	0.4329044621094425	-0.01856568829820232	0.01750206511326996	0.18791832455533342	0.15899228302520904	24.68846153846154	-0.002009431828054537

drug_465.txt	1.33349975037444	0.4451602888662166	0.3839686130808626	0.8913661623898658	0.21959958313605987	0.30297411434449883	32.88317307692308	-0.30034126695024693

drug_466.txt	-0.0110334498252621	0.9806365047303025	-0.2899906408668105	-0.64224944924387	0.17521902899134156	0.3182548795198456	107.81778846153846	1.4388969119492079

drug_467.txt	-0.238342486270594	0.934694556229154	-0.09693543020643504	-0.18968340424320995	0.02992045618529031	0.04266925300014059	36.33509615384615	0.2807244597501412

drug_468.txt	1.5473789316026	0.8546921754437365	0.24521337990485112	0.6181601715176694	0.18723268323999154	0.2861269027710824	83.50817307692307	2.6571274788097843

drug_469.txt	0.200848726909636	0.8704686028278523	0.08323018784177341	0.12587111851703603	0.12672332641325887	0.11682483984678661	81.95913461538461	1.900888069367594

drug_47.txt	1.41136152913487	0.6490287955211275	0.0091166567839059	-0.0012814689528500567	0.20471490510529167	0.19458448060549985	76.08557692307693	1.473562448416354

drug_470.txt	-1.4426360459311	-1.2481654447369428	0.0014628035665400774	0.006468447981259562	0.0980457481564952	0.11228750789510682	20.848076923076924	-0.34559492362001115

drug_471.txt	-1.45082376435347	0.8730928755845626	-0.04487956343985694	-0.09918463588406462	0.10485516319664243	0.19446363101997474	83.39086538461538	2.647300669208389

drug_472.txt	0.0727908137793309	0.66852219846991	0.05409966687078532	0.0586461001116777	0.16193199745063236	0.2453367468418395	89.98461538461538	1.354379792724173

drug_473.txt	-1.15787033735112	0.8350252290856928	-0.47404223615630114	-0.9518963239650723	0.11973024067985358	0.11467075296063563	26.434134615384615	-1.1835563165277934

drug_474.txt	0.102546180728907	0.9133774644176178	-0.2405198580744171	-0.5961507311185331	0.09440974624521126	0.057014555029188924	49.94519230769231	0.3954058116613676

drug_475.txt	-0.191313030454318	0.7717106358345194	-0.24567477197457813	-0.5517404574644049	0.09613793756270658	0.09895050185532064	35.16153846153846	0.22399634937387836

drug_476.txt	1.65946080878682	-0.8336171668534749	-0.015799238583257588	-0.09067191186386458	0.12611782021904738	0.06283517278538425	13.422115384615385	-0.5346646645381155

drug_477.txt	-0.0710933599600599	-0.6118086127377796	-0.2970432360624423	-0.6830986709449529	0.046303296319453124	0.0018790970708977056	18.996634615384615	-0.46099861914664375

drug_478.txt	1.66585122316525	0.8403471779422236	-0.008142023659403502	-0.01676909954597816	0.1403870427948129	0.12163716161371979	14.314903846153847	-0.5209134552705423

drug_479.txt	0.111432850723914	0.7039281960666899	-0.2748918078835239	-0.6524264435229534	0.07603009050767742	0.03730695160270079	24.61826923076923	0.253114672144722

drug_48.txt	1.5981028457314	1.1716585282505096	-0.3856011943304451	-0.8303045222610145	0.14241606115900812	0.12390496271483446	51.26394230769231	1.0986810856785312

drug_480.txt	0.36280579131303	1.3038474682832397	-0.3885766419808307	-0.870390160625331	0.14149527903870873	0.2151795304357251	70.11201923076923	1.2002972279027884

drug_481.txt	1.52471293060409	1.1890208561626128	-0.03800979916427455	-0.11431531990110844	0.1190554297840505	0.017553516540337107	-38.60865384615385	-1.3346389111638306

drug_482.txt	1.5499251123315	1.328502640533185	-0.337571194396263	-0.6950359716708562	0.16436867195064067	0.19602190663974361	35.45432692307692	0.451745845289113

drug_483.txt	-0.00214677983025457	1.361590949948509	-0.33357434770317557	-0.6658229175357435	0.12661444631142724	0.12379124849987083	59.47644230769231	0.9246416976458934

drug_484.txt	-1.44937593609586	0.8818854599301985	-0.022437765524140146	-0.08108101293781778	0.16062760474277396	0.30271795495803283	96.95240384615384	1.880788412273867

drug_485.txt	-0.305092361457813	0.9017390566194421	-0.025027534444795912	-0.06838149387313952	0.15627125714391954	0.2386911596398842	40.427403846153844	1.0124485489480999

drug_486.txt	-1.42890664003994	0.8888219992366256	-0.3498364870824238	-0.747509959974296	0.09038904978330126	0.1035794970787516	49.394711538461536	0.572109851295186

drug_487.txt	1.44568147778332	0.9971641684551704	0.03211980918477064	0.024768072764341342	0.20274443179683824	0.35171197370899987	80.2548076923077	2.014366781877216

drug_488.txt	0.12990514228657	1.0372728027115616	-0.3209765124055961	-0.63511849132931	0.14802494502956126	0.12024067576077245	52.41105769230769	0.931042559607347

drug_489.txt	1.53489765351972	1.0680030158930593	-0.2659816098263898	-0.6039872114969825	0.15539799386308506	0.16797294548390468	28.475	0.6530432303421909

drug_49.txt	1.46410384423365	-2.860050852304618	-0.405875667878959	-0.801692622993057	0.09313989083279625	0.10768967369411307	50.39182692307692	0.6731641650789115

drug_490.txt	1.48342486270594	1.0541505837011282	-0.3178707165307568	-0.6086338979396064	0.16326801505889482	0.12860357026680397	22.210096153846155	0.1983192977411125

drug_491.txt	0.0390913629555667	0.6017284447237019	0.13275189123350029	0.3827295961148638	0.1905149289066923	0.2695160258476167	54.22788461538462	0.6836010474496889

drug_492.txt	-0.00354468297553667	0.7589839761234041	0.3044338535875699	0.6850717170287122	0.15637574828781833	0.03602531852526611	20.397596153846155	0.21828971940243255

drug_493.txt	-1.42501248127808	1.0985155425123412	-0.01215252681518067	-0.0660482193922553	0.1609042261977689	0.3210047776723788	110.60721153846154	1.8207947600814547

drug_494.txt	1.21412880678982	0.8205815239832355	-0.0005331054995487416	-0.042193979208446475	0.10967345033021972	0.15381096999835855	82.05240384615385	1.6108398507358894

drug_495.txt	-1.31183225162257	1.025914148141382	-0.3307659232488789	-0.6995985673423931	0.11889535247837843	0.1225996259671064	35.25576923076923	0.13792646823663424

drug_496.txt	-0.0220668996505242	0.5602509374605807	0.365152525912551	0.7957431954472943	0.21082335399994978	0.4038683753353801	96.39423076923077	2.0554438591373745

drug_5.txt	1.44463305042436	0.6513182112048022	0.3190441279373311	0.8555700467543517	0.26304207393560247	0.20521984158804882	43.98701923076923	1.0253421447210778

drug_50.txt	1.30644033949076	0.9518072922054925	-0.3672964925723359	-0.8181402348928992	0.12505422914294814	0.06820498686964455	38.54423076923077	0.08495656055033037

drug_51.txt	0.507938092860709	1.2820569467942182	-0.3124259973254081	-0.6095638765147529	0.18912518450612212	0.2027827245613945	54.70192307692308	0.8415794349752632

drug_52.txt	1.63799301048427	1.033335829181677	0.004552368053083011	-0.011994874761142915	0.10488111321144611	0.08927570141634468	27.777884615384615	-0.04732728264033335

drug_53.txt	1.69520718921618	-0.7181740705123782	-0.022229954912488414	-0.07693818740984892	0.06635548484150484	-0.014612082479124657	-16.251442307692308	-0.9658408747002443

drug_54.txt	1.24338492261608	0.8707063985740202	-0.35207743543100656	-0.7329339151955245	0.11099383587691737	0.004168337008151548	3.4975961538461537	-1.036962232065573

drug_55.txt	1.51852221667499	0.9534980651026341	-0.2741349594036512	-0.6133492634207485	0.11231909973885479	0.016856571637360106	-21.348557692307693	-1.3471306339058116

drug_56.txt	1.32061907139291	0.7126719793420745	-0.015020495877076656	-0.12603474142462812	0.17232542680005888	0.12872048099607525	38.478846153846156	0.5651001857543222

drug_57.txt	1.58347478781827	1.0775618788970456	-0.3188353738741666	-0.6110902748605378	0.16233071732643217	0.12285283440573888	30.849038461538463	0.08726475902377362

drug_58.txt	1.51492760858712	-1.252327406091133	-0.33370231864041244	-0.8034984645669284	0.1194061794609187	-0.029201596544988266	36.46201923076923	-0.38397435440585076

drug_59.txt	1.53554667998003	1.030077265984097	-0.2968458893337528	-0.5852571498879082	0.14935500587814893	0.10718580878103978	50.04663461538462	0.30588012078149973

drug_6.txt	1.33307895299907	0.8747887292982763	0.08817876127068573	0.1713940084440431	0.2663357061304299	0.19101060795595554	31.821634615384614	0.2873678837820184

drug_60.txt	1.71178232651023	0.8014216353022673	0.006250196281144926	0.00485687407890717	0.1604149489344862	0.0215290201978737	16.183173076923076	-0.2261714930841564

drug_61.txt	1.65376934598103	1.0582558387989902	-0.3241637802317323	-0.7091258184407345	0.16105391898154656	0.1283954119460425	49.29951923076923	0.869831240208149

drug_62.txt	0.16445332001997	0.9161678202149238	0.013171415090393046	0.008116575609657867	0.12020751022858155	0.05455482831547795	9.15576923076923	-0.728619557380164

drug_63.txt	-0.154068896655017	0.9255089528109637	-0.4103219307242734	-0.6483049097169599	0.0932806542653713	-0.05395935160002772	-1.9817307692307693	-1.396190194162216

drug_64.txt	1.52960559161258	0.9662596835544986	-0.3471594337636237	-0.6767400848750227	0.142761673604599	0.04942456738236835	-1.3466346153846154	-0.6197550574911104

drug_65.txt	0.0436844732900649	0.6937533183581641	-0.32418820393455583	-0.6125388178134852	0.13511881487030353	0.1066373596184042	24.57355769230769	0.38088213591007686

drug_66.txt	0.0171243135297054	0.9499596469719643	-0.3200757683593726	-0.7206261488028095	0.08214107444475054	-0.0002519353427410753	14.526923076923078	-0.4491157323903913

drug_67.txt	0.183275087368947	1.127698230276271	-0.3257112417617155	-0.5973930006343757	0.1537197194299622	0.11414830576168852	25.515865384615385	-0.01908471046616921

drug_68.txt	-0.358112830753869	1.0401345055019346	-0.38009261739942657	-0.7321077162055413	0.10621203171434843	0.002725482344198905	6.553846153846154	-0.16775310676734

drug_69.txt	-1.40259610584124	1.3335440565390448	-0.11226234024740767	-0.23207823031206046	0.12310203673471996	0.04443223317433508	-26.491346153846155	-1.8283242088903582

drug_7.txt	1.11740246772698	0.7565898869270972	0.3375312764780854	0.8380636354679871	0.28288433508336175	0.21455729916349023	49.207211538461536	0.6959435997213806

drug_70.txt	1.23532558305399	-1.127147497362816	-0.28952604216814926	-0.6702571094407118	0.16398592772510118	0.12725025129721945	35.52980769230769	0.36128348253878384

drug_71.txt	1.16333357107196	-1.11251260464647	-0.2784314361088498	-0.6308991581627988	0.13408250923655474	0.09552930132482045	24.61778846153846	-0.4003752552142876

drug_72.txt	1.39780329505741	0.97426592976089	-0.04569931630046245	-0.1273631718981515	0.12095016406447152	-0.006733467474706345	30.26971153846154	0.34355254427990384

drug_73.txt	1.44852720918622	-0.9056575763197825	0.028674079759889087	0.03527846916938587	0.1425484537842184	0.03385056097828565	32.17788461538461	0.4174775161437533

drug_74.txt	1.28200556308395	0.9969933434842764	-0.03493440122739658	-0.08474818076692867	0.1626816596707454	0.1530833217718953	42.24759615384615	0.7388957224787945

drug_75.txt	1.34476142928464	1.275795014587438	0.004563108647209768	-0.012958094815037347	0.15311578801222742	0.10058975900989887	12.56875	-0.48388811883770677

drug_76.txt	1.30838741887169	1.0501343114186397	-0.028317225850582245	-0.09276812891718289	0.1725032473239525	0.1100270351389205	27.39951923076923	0.1437429606215194

drug_77.txt	1.28397403894159	0.887937569625951	-0.3616110913060515	-0.814938450560184	0.15887697650997654	0.1639851262547532	26.810576923076923	-0.4332563676782249

drug_78.txt	1.11198202695956	1.2491797497655233	-0.3422641592050152	-0.7128915544864654	0.1553337913879449	0.049378761481179874	31.67980769230769	0.36119222329967504

drug_79.txt	1.20439340988517	0.8785807273859871	0.11140975601211026	0.17999977289847657	0.3202246248035252	0.23470943768976407	70.12307692307692	1.659266869299666

drug_8.txt	1.34536053063262	0.6769069949668858	0.29576147918452056	0.7248369598287298	0.274260542244819	0.2249985866378066	49.73701923076923	0.727609352549395

drug_80.txt	1.25496754867698	1.082779447393829	-0.2972617525394336	-0.5970925259169328	0.1472123638180891	0.08726024176405163	47.347596153846155	0.3681341037261466

drug_81.txt	1.53339990014978	1.0095938818287946	-0.31325328140107817	-0.7515420181407682	0.17261829648352933	0.1288763794185482	24.678365384615386	0.06004192812967166

drug_82.txt	1.10064902646031	0.8159992174643296	-0.10119226319529326	-0.1807225909872671	0.17064073163003807	0.11014552809258633	-11.274038461538462	-0.9303599937467031

drug_83.txt	-0.0747878182725911	0.8495318896091625	-0.015327688383086596	-0.0350024177689065	0.09459604518803275	-0.07396382149496072	-0.9682692307692308	-0.8196524004815945

drug_84.txt	-0.981977034448328	1.1351862463333662	0.33318638755758023	0.6693567249700008	0.12320872361529721	-0.11587034764001808	-50.691826923076924	-2.0135488293571795

drug_85.txt	-0.877234148776835	0.8123563327557903	-0.3548631550835389	-0.6469708066901337	0.1628640328323206	0.04721831162721684	18.78028846153846	-0.23753654116382605

drug_86.txt	0.922366450324513	0.841009586342824	-0.06905198385358262	-0.11538549212476834	0.22889758859425716	0.18145180233005223	33.48413461538462	0.8026166661201721

drug_87.txt	-0.10963554667998	0.8280903338344551	-0.31791642667158304	-0.5841794387430655	0.15341815125290714	0.021250286794837012	-31.73701923076923	-1.633703662899101

drug_88.txt	0.0920119820269596	0.7382592955022922	-0.3964772047782302	-0.7084731128215422	0.20132278476810453	0.0636141948110613	35.770192307692305	0.486723956730076

drug_89.txt	-0.88093573924827	0.7614280336475566	-0.4060051903329957	-0.734945469760347	0.17983797275468022	-0.06723459079547278	-7.999519230769231	-0.873382637103742

drug_9.txt	1.44361315170102	0.6915875284708788	-0.016725794339076533	0.049285149917009496	0.17940237753438676	0.17385828970431838	30.306730769230768	-0.1516351952329859

drug_90.txt	-0.555516724912631	1.245729004667752	-0.432652814458656	-0.7622063320245783	0.13223110820695555	-0.04868330789420635	-4.698557692307692	-0.732135744189325

drug_91.txt	0.142685971043435	0.8046738204449295	-0.25205675026729757	-0.4636922430348942	0.2033564533390074	0.06929559664410785	22.96105769230769	-1.0704380560425004

drug_92.txt	1.09945082376435	0.7675082596163785	-0.006993806198577424	-0.007502774415745317	0.21332924577429505	0.043004351940413695	-28.984134615384615	-1.807701112956991

drug_93.txt	-1.12206689965052	0.6433410881378387	0.017060055156486134	0.043776208502426806	0.1722208881599967	-0.05422735388408703	-24.583173076923078	-1.3352387854577006

drug_94.txt	-0.840089865202197	0.7862708519106997	-0.018882818308236182	-0.046383078138702405	0.20407240867640528	0.14573601356348392	51.409615384615385	0.12483090543602089

drug_95.txt	-1.18022965551672	1.0772837452833377	-0.48023542293017785	-0.964288277510108	0.15598261677414957	-0.13950719588760907	-64.11394230769231	-1.8677940428245339

drug_96.txt	0.0616503815705013	2.7087922244884575	0.28582481021279404	0.5760562553971117	0.17954501041091048	0.04781533568833351	-7.542307692307692	-1.7129440959949003

drug_97.txt	-0.880935739248271	1.2942256229844815	-0.051688862413657694	-0.09779018110110899	0.1684481786146266	-0.07927639319366997	-11.54326923076923	-0.6330154056538411

drug_98.txt	0.559853077526567	0.6557315378006241	-0.038018866816102115	-0.0168704848122585	0.21414961758821105	0.1764618377300354	56.229807692307695	1.0762876586023977

drug_99.txt	-0.0644533200199701	0.8405507968162151	-0.3180631043203914	-0.5871599640802675	0.1968112430895554	0.04245963836927673	-3.5576923076923075	-2.112643045332885

