	SScmap	SSfisher	SSlincs	SSlincs_Norm	SSpearson_corr	SSspearman_corr	SSzhang	SSzhang_Norm
drug_1.txt	0.0888666999500749	-1.2487072334468776	-0.0426185773119509	0.043134020761968705	-0.05507883118797868	0.04141454481503072	68.11836734693877	0.9646959157424165

drug_10.txt	-1.58429855217174	-0.5264811129836355	-0.5133072199056189	-1.1107404251002557	-0.36740706250642485	-0.18874484534104058	-88.52489795918368	-4.093723394057032

drug_100.txt	-0.0564403394907639	0.2803043579223406	0.5836816326634089	1.1666576404003055	0.16971160758695972	0.2184453770813191	47.81306122448979	1.966746788842867

drug_101.txt	1.44700449326011	0.9470245124211041	0.533388625590796	1.0238032711777467	-0.012389497102987626	-0.06062926059862431	53.70040816326531	0.5226439561863762

drug_102.txt	-1.68317523714428	-0.9334713710746331	0.564769007116191	0.9871228687831093	-0.02625684574390487	-0.0978846143334692	-22.18938775510204	-0.703366158514001

drug_103.txt	0.0477284073889166	0.8725385935082204	0.5646749364447674	0.9628140568412515	-0.003731413308531557	-0.057771315654581414	33.19510204081632	-0.03478996953231892

drug_104.txt	1.586295556665	0.474061353108268	0.6343819620176379	0.9958876709287121	0.1508006853043008	-0.0029602410912889033	-11.636734693877552	-0.6848206749723887

drug_105.txt	-0.0313529705441837	0.6364322435270321	0.5179725650498537	0.9082480265762708	-0.03058088767998401	-0.05634234318255996	15.699591836734694	-0.3810841928963074

drug_106.txt	-1.69390913629556	-0.3816882317361204	0.17200202774002815	0.11405129117767437	-0.054835607901804424	-0.054198884474527795	-7.062857142857143	-0.6584332627328768

drug_107.txt	-1.62348976535197	0.26618125290215167	0.17342345288807404	0.23647016469200116	-0.02409025995689991	0.19527383474605767	-5.689795918367347	-0.36489664970312924

drug_108.txt	-1.54076385421867	0.5062908091363315	0.240000551369151	0.49924058563464674	0.03219157510663767	0.15004210956225209	0.23755102040816325	-0.5620398760569413

drug_109.txt	-0.203045431852222	0.152774469655992	0.5875397748748593	1.0873468217075701	0.1962143079541401	0.3171541058839525	54.59428571428571	0.3210966611817354

drug_11.txt	-1.67001997004493	-0.7195163838061261	-0.1680272887185546	-0.22082384870311905	-0.3211649519653253	-0.2463935619389929	-134.30775510204083	-2.651737341076446

drug_110.txt	-1.64036445332002	-0.699088577488244	-0.39927961299734993	-0.8592036729099868	-0.17021744139732586	-0.05084227308656926	5.0081632653061225	-0.3543739227225804

drug_111.txt	-1.56707438841737	-0.5656258028286469	-0.1735536913196918	-0.2142621423899111	-0.09639476580378246	0.006329760906360028	3.673469387755102	0.09582747479271436

drug_112.txt	-1.65494258612082	-0.840381343343589	-0.36031565461311177	-0.7508344389095498	-0.178547129578188	-0.12445126685246573	-61.95755102040816	-1.7370118485901862

drug_113.txt	-0.22373939091363	0.5706708387247003	0.11144534600342168	0.11432329079470605	-0.0010327209957732442	0.18397613607852495	73.4669387755102	0.5044457196704872

drug_114.txt	-1.53587119321018	-0.549793416065753	-0.056055039618215674	-0.024342874694517014	-0.19725537295182832	-0.11393569631448053	4.14530612244898	-0.5747937527906459

drug_115.txt	-1.7371692461308	-0.6367732870954501	0.07824094623715439	-0.2106601959673851	-0.08168684763161715	-0.0127629184660464	9.067755102040817	0.24501908700905

drug_116.txt	-0.178507239141288	0.5903855040999315	0.38442983985513185	0.7372672074131954	0.0024810694077591774	-0.05788816268397539	-31.742857142857144	-1.4719728170879038

drug_117.txt	-0.0935596605092361	-0.7892525760322383	-0.4766440856129502	-0.8967602245851433	-0.21822326946952622	-0.026697979791639438	23.2865306122449	0.25922000216635444

drug_118.txt	-0.0971043434847728	-0.2706490012333097	0.0313061079441489	-0.05704907747200183	-0.11251402085994411	-0.16610941920075473	-42.68326530612245	-1.180248914757937

drug_119.txt	-0.053619570644034	0.608885075046175	-0.39184368426619487	-0.8422570057386896	-0.06738764712422662	0.07646954823685637	13.395102040816326	0.305800305207115

drug_12.txt	-0.0795556665002496	0.510665748874008	-0.08128991500032401	-0.052903973332038945	-0.17510444849805581	-0.041210280722231554	-43.50530612244898	-1.3796331549377374

drug_120.txt	-1.4981777333999	-0.7654842076638527	-0.05227404113323947	-0.0029152294109092702	-0.16934265970577833	-0.17141400906094334	-17.419591836734693	-0.5846282302206557

drug_121.txt	-0.071692461308038	-0.3660009103024308	-0.49687952491017356	-0.9199862170568207	-0.23504676499349236	-0.007912403188726795	30.885714285714286	0.568834065312918

drug_122.txt	-1.58529705441837	0.9586530718257185	-0.08850418569161617	-0.0714368999046226	-0.1986763652032494	-0.06870853370935966	27.77469387755102	-0.0685980347617538

drug_123.txt	-0.0523215177234149	-0.5019602271311535	-0.47391851937492757	-1.0014147847677053	-0.18611469042194487	-0.05916435674667325	44.286530612244896	-0.31894795131381176

drug_124.txt	-1.70416874687968	-0.55306188376015	-0.37647274872315056	-0.7375600750041892	-0.2387536050550332	-0.12501597038188333	11.24326530612245	-0.34762290112850913

drug_125.txt	-0.0945581627558661	0.8271959360099059	-0.17575768260770525	-0.2243882363251637	-0.08297101969568006	-0.030321596599821428	59.370612244897956	1.3592236617096998

drug_126.txt	-0.3518222666001	-0.6489387269818612	-0.10754003776095958	-0.14775388037090903	-0.1733166300054467	-0.18948445551942278	-2.1722448979591835	-0.3855496602307979

drug_127.txt	-0.233424862705941	1.0485097192874238	0.4052232542755778	0.7412716443744843	-0.04916039028145572	0.002858601699646464	69.40571428571428	0.7412685078461689

drug_128.txt	-0.265327009485771	-0.5258521410448502	-0.5551336083312214	-0.9878018147048313	-0.15369757576779114	-0.12528080766271146	-9.671020408163265	-0.2981056863956813

drug_129.txt	-0.120369445831253	-0.5156118730769031	0.06853351834128743	0.09623282082375612	-0.045446287195360584	-0.021848442353387534	20.133877551020408	-0.23335032866574645

drug_13.txt	-0.123489765351972	0.5725800442320652	-0.11948762822480763	-0.1285234578889573	-0.1938608457510205	-0.12608201128028465	-90.21306122448979	-3.0901957008990784

drug_130.txt	0.224463305042436	-0.5321243576812096	0.38191126619247434	0.7072610253935387	-0.028603720515518564	-0.14027925137174987	-6.190204081632653	-0.13324322187213267

drug_131.txt	0.00788816774837742	-0.32396770115890755	-0.1312029707212633	-0.16410785338036843	-0.11709013861106132	-0.08147014843992424	21.997551020408164	-0.17793552929696238

drug_132.txt	-0.222141787319021	-0.30739351535238024	0.3902575103197734	0.7070203591643329	-0.06523178506580586	-0.19091375636924598	-15.108571428571429	-0.8893916225983988

drug_133.txt	1.36043434847728	-0.871636072663607	0.3627792216561706	0.6823271744479599	-0.018554313639847077	-0.15385795619885523	-15.981224489795919	-1.0430888963875504

drug_134.txt	-1.69313529705442	-1.062891870690665	-0.04169014641224966	0.021805936367092826	-0.18840390042328573	-0.1994895614681854	12.471836734693877	-0.3636711471877175

drug_135.txt	0.02690963554668	0.40956558696595624	-0.17522345084084862	-0.22276359793297085	-0.06855845629846705	0.05216948101854797	12.859591836734694	-0.10779955519246763

drug_136.txt	-0.0504742885671492	-0.42900465121538783	-0.4863049699068026	-0.8243969606185377	-0.23260756850068562	-0.20194494848131092	3.991020408163265	-0.7965784022900371

drug_137.txt	-0.236170743884174	0.7328793408407683	0.08801121225596459	0.017250474890968148	-0.062188875007194645	-0.06472856286003596	21.07183673469388	-0.14332517978006995

drug_138.txt	-0.114128806789815	-0.5226688441934833	-0.4699146318646882	-0.9285251910460606	-0.19059074861262829	-0.14333845665370132	40.92734693877551	0.05385339174014511

drug_139.txt	-0.178282576135796	-0.40924289383831536	0.03296874037889494	0.0011269664652791	-0.13746342587638352	-0.08362264178953602	31.08816326530612	-0.17517205812805164

drug_14.txt	-0.117373939091363	0.5455584364220488	-0.060395367266151495	-0.012933352088012107	-0.16914627406349675	0.009345082245561803	-14.496326530612246	-1.3822030309357987

drug_140.txt	-1.44568147778332	-1.0341339780545513	0.31107218973135475	0.6384578526127364	-0.06161212860894547	-0.24217058533754782	-2.8146938775510204	-0.7860152040329346

drug_141.txt	-1.57511233150275	-0.13905535957223414	-0.470721942056879	-0.8336599150423258	-0.2689879138874183	-0.267789723506167	5.471020408163265	-1.6125137222421808

drug_142.txt	-0.118422366450324	-0.221488001746985	-0.7731846016805874	-1.698078973394582	-0.5294411964017693	-0.22684937993340493	-55.41061224489796	-1.4347704558099486

drug_143.txt	-1.55159760359461	-0.08979333461684505	-0.6846607718028781	-1.3699212685524245	-0.4666184476604353	-0.2137844887606374	20.186122448979592	0.06301157597474383

drug_144.txt	-0.208836744882676	-0.03893544808904015	-0.7760573108983426	-1.6308010924901748	-0.5781997941298253	-0.33093453855029736	-41.30612244897959	-1.294950254062109

drug_145.txt	-0.107139291063405	-0.11273547156188674	-0.7342339177270547	-1.4579488839401007	-0.5166238251732196	-0.2640739207987722	-30.40326530612245	-0.0023166028310254065

drug_146.txt	-0.0494757863205192	-0.1261877765792428	-0.7591100534376969	-1.493342534557616	-0.4845670549298111	-0.28581638122789416	-21.595102040816325	-1.0689535987432683

drug_147.txt	-0.101747378931603	-0.035680773608004	-0.6913333367963517	-1.5159676197628476	-0.5670243257274332	-0.34175473012535346	-65.81469387755102	-1.3253728497898707

drug_148.txt	-0.0812780828756865	-0.31163873817962573	-0.6913405612058034	-1.5231569627734576	-0.5206010517263598	-0.2671668175368672	-37.78612244897959	-0.7486810736712034

drug_149.txt	-1.51560159760359	-0.33145454651722356	-0.7863641722730221	-1.3590878752905806	-0.47494374221462965	-0.38669015787523264	-55.7869387755102	-0.8323632157380697

drug_15.txt	-1.57541188217673	0.5807380488433647	-0.12986797950573326	-0.13715516375167897	-0.18358167059456446	-0.06061536953815223	-1.9689795918367348	-0.910521289540439

drug_150.txt	-0.160009985022466	-0.1136851091184782	-0.7349818879972492	-1.6848841406864459	-0.5600588978088589	-0.38033994159111917	-76.9265306122449	-1.6671213797966318

drug_151.txt	-1.69747878182726	-0.02094950120420644	-0.7699665070169599	-1.5045483514038818	-0.5876762848096596	-0.5014035944969343	-112.8538775510204	-2.0462486833247002

drug_152.txt	-1.41250624063904	-0.443363450409202	-0.6121086764943113	-1.3771757701832414	-0.530909181651478	-0.47302611093216473	-154.32163265306122	-3.202079960556912

drug_153.txt	-1.59658012980529	-0.33861092216854227	-0.769462490518773	-1.6664476881493169	-0.5302511494766855	-0.21129996755062178	3.3020408163265307	-0.05222125476684683

drug_154.txt	-1.58487269096355	-0.12889852554688214	-0.6613981462252785	-1.4177487769057455	-0.5684116027380157	-0.5046824562792893	-95.30857142857143	-1.8852731061900638

drug_155.txt	-0.0795806290564154	-0.3411263237942949	-0.7161326011992619	-1.458193841141418	-0.49768066493436103	-0.25876590229025415	-41.5934693877551	-1.3102929857658534

drug_156.txt	-0.0856215676485272	-0.22977792747955528	-0.5846207859992331	-1.370891870668867	-0.4838668812022026	-0.32583067459979936	-105.4261224489796	-1.5426751637858835

drug_157.txt	-1.64520718921618	-0.03904941156574489	-0.7479267882865259	-1.5297999251126413	-0.5986025030256402	-0.40929854377185765	-87.77877551020408	-2.292961890288107

drug_158.txt	-1.6454068896655	-0.2323028723090905	-0.7005793075068278	-1.4778503122606295	-0.5893552777578068	-0.4183827259154226	-111.11265306122449	-1.8548528092583096

drug_159.txt	-1.68964053919121	-0.1595812086786445	-0.7730807902590465	-1.8205005566289332	-0.5246383594383104	-0.35168033231070717	-25.639183673469386	-0.19513153310464174

drug_16.txt	-1.52903145282077	0.9538158638773421	-0.14276420953681607	-0.13009729854315022	-0.24920170229654529	-0.07634370468368795	6.0253061224489795	-0.32687842188513366

drug_160.txt	-0.0605591612581128	-0.24603774549721222	-0.7431022935194576	-1.4960332741991706	-0.5469352432552321	-0.23253204158469387	-32.29469387755102	-0.9923920888986812

drug_161.txt	-0.0934098851722417	-0.24735502760870592	-0.783292168312592	-1.6005486701791143	-0.5422107717509783	-0.2354922826759828	-8.037551020408163	-0.7740293766646891

drug_162.txt	-0.0598602096854718	-0.22919710533200255	-0.7093826713468223	-1.6348711041447528	-0.5235042405368384	-0.27778204161474085	-58.462857142857146	-1.2837486123427935

drug_163.txt	-0.159161258112831	-0.06731466180495399	-0.7008844377592471	-1.5122803939662255	-0.52952355560982	-0.3773797004998302	-48.40489795918367	-1.4050248742891127

drug_164.txt	-0.0946080878681976	-0.42486854219373915	-0.6602387556617033	-1.6114280813975055	-0.42387778453098046	-0.1532023525251602	-18.91183673469388	-1.9132454835213524

drug_165.txt	-1.72845731402896	-0.2223426385197063	-0.7086610316586337	-1.4094091404553466	-0.49656050508012056	-0.24414392221198083	-34.4865306122449	-1.4176944788665728

drug_166.txt	0.0766350474288567	-0.32895597119102044	-0.746744666435444	-1.522202968142641	-0.4489632011921062	-0.1913292070574432	-35.30285714285714	-1.2820361399410047

drug_167.txt	-1.6208437343984	-0.07691947988334469	-0.8001235319428143	-1.6699910306967558	-0.5577076589050406	-0.4207625440790642	-97.08571428571429	-2.2213212089852283

drug_168.txt	-1.69091362955567	-0.2925894438046408	-0.7294901883037495	-1.287787146846278	-0.5729770664469259	-0.44813597417215495	-88.23755102040816	-1.617047014816863

drug_169.txt	-0.210184722915627	-0.28287434095874775	-0.7331248569462558	-1.5002633319499878	-0.5621444961822487	-0.3459398985647618	-59.61224489795919	-1.1055114862940123

drug_17.txt	0.00853719420868693	1.0682567387720154	-0.10480673643475136	-0.10669826781278385	-0.1726078243499609	-0.02486915329829835	41.16	0.8068882615571701

drug_170.txt	-0.0755866200698952	-0.28027496363632615	-0.7948504154223597	-1.4131885330747842	-0.4962903800990458	-0.1416687976715006	-3.4048979591836734	-0.6396582291569343

drug_171.txt	-0.153869196205692	-0.9181269838056907	-0.18918019675662323	-0.2776495986806598	-0.2919246104568177	-0.06796887687892218	34.19428571428571	0.19060931037120613

drug_172.txt	-0.054318522216675	-0.4689367031684404	-0.20528428308683885	-0.25934705244987377	-0.3204890179371964	-0.25721955885734865	-17.073469387755104	-1.3278053172008586

drug_173.txt	-0.287768347478782	-0.4359548231367	-0.1926734795299772	-0.2764401248579647	-0.3439645976638764	-0.18378661749604877	-11.637551020408162	-0.9608629078949553

drug_174.txt	-0.221967049425861	-0.6668368105702527	-0.2472183762258293	-0.3894344066496435	-0.30086873329526936	-0.1885868236768292	-9.962448979591837	-0.973417486092967

drug_175.txt	1.44021467798303	0.8979369038550917	-0.08525658460819402	-0.08125695984772408	-0.24015393898815743	-0.20206825380157406	-14.623673469387755	-0.47679171360189515

drug_176.txt	-0.111482775836246	-0.3520080927122052	-0.5517682484388609	-0.997255639445773	-0.4303897837617875	-0.37840890259120963	-62.775510204081634	-1.6084279482880968

drug_177.txt	-1.59166250624064	-0.23002784264895293	-0.4982150115057705	-1.0367542145725284	-0.3669354903042734	-0.4104176284567225	-89.7265306122449	-2.683529372964042

drug_178.txt	-1.71360459311033	-0.5448914095438177	-0.19757354654892476	-0.2530026823172219	-0.3975609296095415	-0.3345335179818326	-30.737142857142857	-2.592295962670492

drug_179.txt	-0.147478781827259	-1.2697163412148023	-0.08929172321346679	-0.06624590078474862	-0.24287360447257567	-0.17132650783529974	27.04326530612245	-0.10762719037333529

drug_18.txt	-0.115951073389915	-0.9820617556921191	-0.1067270846212276	-0.08338671723963564	-0.18882539299315143	-0.06817314097172135	-36.08734693877551	-0.6740723709881912

drug_180.txt	-0.142835746380429	-0.5203427296290205	-0.5602991745584368	-1.0372625501078254	-0.381718862307082	-0.2029926299325315	-63.07265306122449	-1.6224099167819408

drug_181.txt	-0.0938592111832253	-0.26171582356792616	-0.5539516591170274	-1.0932020267501343	-0.3888737135793134	-0.10851807260544134	-20.408163265306122	-0.8987940460953778

drug_182.txt	-0.0859211183225161	-0.9719415519428692	-0.13318328882029998	-0.11764027732980997	-0.2906988122393813	-0.02180519190631087	-21.975510204081633	-1.144392781401023

drug_183.txt	-0.1036445332002	-0.6250390389470178	-0.49862018595909946	-1.0920552919436712	-0.383553911399216	-0.13175370697507705	2.6	-0.6250817888181456

drug_184.txt	-0.18172740888667	-0.9155712994561236	-0.149908769951465	-0.1870963192740776	-0.3261483630980821	-0.0906421911796295	18.016326530612243	-0.2980702753684772

drug_185.txt	-0.090264603095357	-0.48028790928983656	-0.49663452242800254	-1.1609258398517392	-0.34798849196994325	-0.14436733706145066	23.288979591836735	-0.048147170335873415

drug_186.txt	-0.0597104343484773	-0.49898909977817363	-0.14448087414656668	-0.13101952951957735	-0.29084450152579555	-0.12148606919230345	-29.164897959183673	-1.8991418451649

drug_187.txt	-0.0848227658512231	-0.6029593924573242	-0.17076835768925513	-0.19376301093732418	-0.3168262642196287	-0.10504280972197064	-3.6710204081632654	-0.9402197005741675

drug_188.txt	-1.66542685971043	-0.6130550925637162	-0.2418284226031778	-0.41803167835180616	-0.3997041444296265	-0.25487052179015823	-73.77795918367347	-2.571296852296699

drug_189.txt	1.61300549176236	-0.9285856266462369	-0.07466984970793361	-0.03336753683929833	-0.20700538067682842	-0.07031791394611259	19.848979591836734	0.07914284735168811

drug_19.txt	-1.64630554168747	0.7384257816834509	-0.06251371094833563	-0.006423361091182522	-0.21304818757823166	-0.04784886373820443	2.08	-0.4250010772382366

drug_190.txt	-0.102421367948078	-0.454598925359166	-0.45136409644560904	-1.007090780343624	-0.345572311092016	-0.28693998435962714	-62.052244897959184	-1.7818390959698704

drug_191.txt	-0.123015476784823	-0.44022917249320603	-0.4787040439948235	-1.2301302740806692	-0.351343463280844	-0.3051506837408688	-79.29877551020408	-2.0089201079885926

drug_192.txt	-0.0542186719920119	-0.35611692263475714	-0.4972034924838736	-0.9656173193436464	-0.3648948959209245	-0.3660923203193036	-109.00897959183673	-1.5365653124743923

drug_193.txt	-0.0530703944083873	-0.5079294376083392	-0.18365890682967415	-0.23023029978295984	-0.309086169193045	-0.1375208004770379	-65.5534693877551	-1.6488701867058677

drug_194.txt	-1.76215676485272	-0.7288586857368049	-0.24635423920940722	-0.3354740387917813	-0.4102236881699713	-0.19287636962561167	-28.631836734693877	-0.805892373144221

drug_195.txt	-0.0427858212680979	-0.7537184132619884	-0.19462403762283803	-0.26383610256280227	-0.3420273296689489	-0.10361296107237648	-2.1755102040816325	-0.8380015371114892

drug_196.txt	-1.73574638042936	-0.3787734284255284	-0.48091653037005977	-0.8742058898932832	-0.3658328506901894	-0.2555854461149553	-72.71265306122449	-1.450784190139867

drug_197.txt	1.42918122815776	-0.858688608679871	-0.1488988645948655	-0.15893074860320577	-0.2519384900085946	-0.12015835258910885	2.886530612244898	-0.37436234154675724

drug_198.txt	-0.131452820768847	-0.7291722475373124	-0.5155136241506706	-1.17358923815785	-0.3702696448815912	-0.14053728744008218	39.22775510204082	0.6423831668192761

drug_199.txt	-1.68634548177733	-0.33580883334194567	-0.42425728849650957	-0.973394805326281	-0.2845606999319086	-0.11219205296994142	-2.693877551020408	-1.484297125568148

drug_2.txt	-1.57041937094358	-0.5731528890658991	-0.026811658458868848	0.054658454898770026	-0.2114723139140153	-0.13088221746106501	-18.846530612244898	-0.7467140895756673

drug_20.txt	-0.0320519221168247	0.9349215486606229	-0.06079289553249159	-0.037320577500715324	-0.1296077775067349	0.016290061400733417	24.92326530612245	0.04500151172266057

drug_200.txt	-1.67845731402896	-0.8668475279652181	-0.1936521595470505	-0.2647451650790387	-0.37982060636474757	-0.1375208004770379	-33.64408163265306	-1.4058451301346941

drug_201.txt	1.34892661008487	0.48741480358251454	0.48880262809324115	0.9290503013681587	0.13192715068615565	0.06209628421094619	6.2693877551020405	-0.546757278193032

drug_202.txt	-0.0557663504742885	0.36139596079761327	-0.005029915996143136	0.059934964378251965	0.017294824006569565	0.04759353362220546	37.34367346938775	0.6758696758875302

drug_203.txt	1.42651023464803	0.5402089334839397	0.45659318731726706	0.913899710763546	0.07868006525820939	-0.07261588499010319	-29.866122448979592	-0.3714822300723778

drug_204.txt	-0.0409385921118323	0.8712824656622493	-0.15256079597077335	-0.18815202523895352	-0.034078729418873306	-0.051066023199791276	-32.51510204081632	-0.8670997087588176

drug_205.txt	0.143684473290065	-0.4794183471965193	0.05951059647371937	0.14383931553409357	-0.011545966936727001	-0.06567090583493157	20.459591836734695	-0.636697865075386

drug_206.txt	0.0957563654518223	0.31724564847620473	0.06378832827050696	0.18350938272883577	0.09696028583505394	0.147274410908198	95.06122448979592	1.4012172465471417

drug_207.txt	-0.0833749375936096	0.8412062107407918	0.025387083778357855	0.11846477158483132	-0.00856987682856712	-0.09447214291961385	-33.65551020408163	-0.9889478482898262

drug_208.txt	1.50476784822766	-0.635848142237467	-0.1172727297426353	-0.12549556660700978	-0.039396643736193636	-0.09789606832217934	2.110204081632653	-0.7542463724076934

drug_209.txt	0.0302546180728906	-0.4240033053171052	-0.023737040440597074	0.011749692504810616	-0.07390054712208997	-0.19691058545839513	-58.33877551020408	-1.4798017231784264

drug_21.txt	-1.42009485771343	0.7423679832020633	-0.0784889417039367	-0.08312938926679747	-0.18593888682056775	-0.02977149152547831	39.01469387755102	0.10306855723079886

drug_210.txt	-0.0751372940589116	1.0442785834037616	0.005019973753309814	0.10832068061951777	0.01782848244537074	-0.03400997145106099	38.096326530612245	0.11207838042075065

drug_211.txt	0.0819770344483276	0.8911324103656343	-0.058581728549916806	-0.046454566947886744	-0.020468068430602948	-0.005821526644776205	5.089795918367347	-0.69434352364445

drug_212.txt	0.0435846230654019	-2.4266667191319815	-0.01582248193634811	0.07467474928682966	-0.042144964633471706	-0.09314442631641928	-12.495510204081633	-1.1024065569529302

drug_213.txt	0.120818771842237	1.005836617667754	0.030396515615405573	0.15485109869350466	-0.03670105389186503	0.021039201558314003	37.6334693877551	0.42844524209210266

drug_214.txt	1.46270594108837	0.33927607497517526	0.5085457922407417	0.895644350316748	0.14267015163569152	0.06454745332453617	4.2693877551020405	-0.6392819978955674

drug_215.txt	1.42583624563155	0.6008359908216669	0.3698568448315135	0.8351442277759524	0.13874442471762788	0.12220411658579819	68.36571428571429	0.1270652178424885

drug_216.txt	1.32229156265602	-0.6247865223114277	-0.06588436903702188	-0.02125888792397418	0.005802958104789049	0.010825996918355748	13.659591836734695	-0.8672553183857225

drug_217.txt	1.40541687468797	0.3615049378186124	0.5107532577967382	0.9046627806192951	0.14573983615308142	0.06822420699492114	52.84734693877551	0.7204385739996795

drug_218.txt	1.34301048427359	0.7596274876553113	0.4455388678640876	0.7810098749230634	0.10009605272427499	0.01455418856120037	46.755918367346936	0.6341039890834583

drug_219.txt	1.53422366450325	-0.46162409153715056	-0.01788292456256424	0.050798818530321754	0.014145989844318344	0.05893019077255912	25.666938775510204	-0.11729827022978245

drug_22.txt	0.0471792311532701	0.861151863050034	0.04363267822033462	0.22381558825545422	0.09061578378916056	0.11985195644991012	109.61387755102041	1.780143985044693

drug_220.txt	1.54573140289566	0.5057586263622948	-0.016838633389842372	0.04367946016154656	0.03282194491807057	0.15023624025378593	75.24244897959184	1.003102226927021

drug_221.txt	1.42061907139291	-0.6491858733821942	0.4853582444220882	0.8645324110356831	0.13537442421635756	0.066183257457248	29.012244897959185	0.860488717828131

drug_222.txt	-0.20564153769346	0.39333188439041544	0.5127112210542975	0.895309031799369	0.16152645659835504	0.1317503398554615	45.27591836734694	-0.07400648257151933

drug_223.txt	1.45411882176735	0.5527947078924375	-0.0038438179717413257	0.06650320938282334	0.09483997032354578	0.09084877701886127	22.15020408163265	-0.6676191711006444

drug_224.txt	-0.0364203694458312	0.37563704566283984	0.5102942649404573	0.864724779429989	0.16692050562601174	0.16545391516732375	82.59918367346938	1.394638140329878

drug_225.txt	-0.146879680479281	1.1163497397737852	-0.07092469346539546	-0.050353815980004046	0.0162341621363823	0.1375718665002377	102.90122448979592	1.507502251285114

drug_226.txt	1.45159760359461	0.338974425399309	-0.3226481751693918	-0.7210313558858799	0.04296297437032416	0.056683285751768314	31.884897959183675	0.152140734216106

drug_227.txt	-0.101847229156266	0.5646009217138199	0.0207323255229635	0.10261267671606317	0.016244370743012788	-0.00796629961916744	21.78530612244898	0.507001032368263

drug_228.txt	1.35419370943585	0.31351772265214284	0.4386658292295522	0.8171465439981398	0.1332020912494952	0.2303647178932451	110.28489795918367	1.7705107560066335

drug_229.txt	1.43060409385921	0.1383137411175799	0.3833140618554608	0.7670357587628764	0.12220291264311961	0.18139115006801304	93.08408163265307	1.2120697383573402

drug_23.txt	-1.53052920619071	0.816733051039326	-0.06005883749053037	-0.04908703025508426	-0.1571698500329818	-0.11637946687232431	-14.973877551020408	-0.21306238785098677

drug_230.txt	-0.0404892661008487	0.596842622942631	-0.11384967432936788	-0.09429687221928768	-0.07979584323018124	-0.014707014681539888	60.479183673469386	0.9674189950024868

drug_231.txt	-1.6898652021967	-0.5668962942486211	0.00923510739314945	-0.16467075357062733	-0.13356520078441686	-0.19348748236338334	-0.636734693877551	-0.6931764458403803

drug_232.txt	1.5726660009985	-0.7924970949112836	-0.026401928881752135	-0.19255208722489747	-0.019654031018279935	0.22889076917914986	24.787755102040816	-0.11950305658576049

drug_233.txt	-0.116799800299551	-0.7606271630130406	-0.39156019220810023	-0.7263690395495479	-0.11355125580608123	-0.29369738133987244	-150.06938775510204	-3.7761776818426345

drug_234.txt	-0.0970544183724413	-0.47288631861795066	-0.08618397042301368	-0.5112753155335887	-0.217114574274482	-0.2303726691161517	-70.6465306122449	-2.665297423165996

drug_235.txt	-0.216949575636545	-0.25129949621067704	-0.07454524828112738	-0.28648135960246135	-0.1883724291437414	-0.29648345688443517	-67.06204081632653	-2.0433631743537997

drug_236.txt	-1.69770344483275	-0.44108685923991564	-0.03490769203764987	-0.1753213276029018	-0.09113656683056405	0.03128668601655341	27.05469387755102	-0.1100544490164826

drug_237.txt	-0.203394907638542	-0.4276514026150834	-0.604817978446812	-1.1231694770196097	-0.28560913754747325	-0.17152335337677	-42.943673469387754	-1.3875649252705222

drug_238.txt	1.51809785322017	0.7395816614195815	0.01242451310360096	-0.13999978649114198	0.022722801715928467	0.14029447591382005	22.511020408163265	-0.0686945344582518

drug_239.txt	-0.0423364952571144	-0.24001510847896695	-0.06568500955314233	-0.23126357861903574	-0.12677670466875787	-0.18826712318882582	-88.36163265306122	-2.4701382691536304

drug_24.txt	-1.67905641537693	0.5337093803071895	-0.19347399463763784	-0.27958511724800833	-0.21344876402529236	-0.14068689391542494	38.78285714285714	0.19514384661096176

drug_240.txt	1.42254118821767	0.828700700046844	-0.03046678828578145	-0.21530861488915165	-0.010110580940360292	0.014136620526783614	-51.76816326530612	-1.2505459602717284

drug_241.txt	-0.267948077883175	-0.28658023661137383	-0.6645866230979107	-1.2296400269143937	-0.36245883658298095	-0.1921967974868848	-42.80571428571429	-1.0812036195696155

drug_242.txt	-0.18155267099351	-0.2661248857043541	-0.05751106806224754	-0.2793591653644675	-0.11321064896082517	-0.18920023664496494	-54.87591836734694	-1.8698945216381693

drug_243.txt	1.35971043434848	-0.628887629435867	0.10157008152132588	0.0810234899309864	0.07056230241837039	0.03363188782364766	-44.56979591836735	-0.7071061114501789

drug_244.txt	-0.0196704942586121	0.5071240168257255	-0.08609378251648084	-0.11865205894379077	-0.11268381350238171	-0.11375351225135981	-30.1934693877551	-1.0928474694731676

drug_245.txt	0.0815776335496755	-0.7247820246103011	0.11189007480906257	0.13108446974088322	0.11378159181426702	0.03700301364111129	4.271020408163265	-0.369430223585599

drug_246.txt	-0.0316025961058412	-0.7232989415244389	-0.3125716092809031	-0.652917032194763	-0.029786812292818213	0.036999235703111644	54.55673469387755	0.34201510131252366

drug_247.txt	-0.126360459311033	0.5656136242866064	-0.006616004293061584	0.04690478582033225	0.018323774362533067	-0.0048481757128215255	3.5542857142857143	-0.458270340507034

drug_248.txt	1.34418372441338	-0.5809513404113388	0.0885978526644352	0.05561931747322946	0.005547725673358232	0.02332465825377636	-23.568979591836733	-0.9537162155867268

drug_249.txt	1.4863704443335	-0.655257799228437	0.08291278730084375	0.06962774465405036	0.0328569511462768	0.0013780432666344897	-59.52816326530612	-1.345967699118107

drug_25.txt	0.138592111832252	0.6105909444075845	-0.029864261604459263	-0.010314651570700606	0.10496565731235738	0.09882594447349204	79.01224489795918	0.6362582036742608

drug_250.txt	0.010334498252621	0.7389748823905451	-0.06071294507106717	-0.01269859913173843	-0.05772008853555544	-0.0009696351425643051	-56.204897959183675	-2.0661006279833236

drug_251.txt	0.0726410384423365	0.7597510094814834	0.001796901674489898	0.08356764934670197	0.018445681690368476	0.02811941913436485	-7.346938775510204	-0.16216395604981834

drug_252.txt	1.30134797803295	-0.7663407923133032	0.40915253617463127	0.8072281868902118	0.1072726047280054	0.09068871724221834	23.23183673469388	0.36120165602979404

drug_253.txt	-0.0213679480778832	-0.6570947493157541	0.010279314283683394	0.1407910895893102	-0.04175693401225602	0.010563919711095326	-15.004081632653062	-0.6342194791362591

drug_254.txt	-0.0562156764852721	0.542623133958382	0.14019525619067685	0.21736036733000574	0.10622976693451781	0.13213903767839608	-7.776326530612245	-0.49563146683741516

drug_255.txt	-0.018771842236645	0.5392083337026939	-0.06619999717066086	-0.050297632266871894	-0.007690075824138997	0.18754784994335905	72.18938775510205	1.049692489630338

drug_256.txt	1.30349475786321	0.5578061805286307	0.05352462171876912	-0.07129948690939802	0.03356339964756087	0.08252948007955445	0.9738775510204082	-1.1236186750358559

drug_257.txt	1.44348477284074	0.2799559142742499	0.028530972951872513	-0.12546506558280512	0.06482899121370377	0.13244526951542596	4.661224489795918	0.09080597289140933

drug_258.txt	1.41912131802297	0.5945322886458579	0.40080069720853395	0.8488414597934865	0.11870762933057047	0.1309040853833934	23.078367346938776	0.047597088980686035

drug_259.txt	-0.055117324013979	0.5632770260254067	0.4270603337426578	0.9079125384392878	0.14107718462849356	0.13876343397951135	10.706938775510205	-0.5360385562971449

drug_26.txt	-0.136744882675986	0.4749666331689779	0.5013348813128138	0.9965671020297657	0.09050535205056638	0.06733199874793962	53.12897959183673	0.3463224183276471

drug_260.txt	0.0291313030454318	0.8144574000739317	-0.10762985438397454	-0.09203130117508918	-0.06768065072751529	-0.03965398609859519	17.230204081632653	-0.15035327707810603

drug_261.txt	0.345282076884673	0.7002268015550417	-0.5055665733978453	-0.9576358123761426	-0.0394179052180058	0.10223039492847713	82.51836734693877	1.5924731841626123

drug_262.txt	-1.16258112830754	-0.7064370830089916	-0.3894492548811609	-0.9941908681267517	-0.14825134878877153	-0.026999440298135	-21.133061224489797	-0.903055271729038

drug_263.txt	-1.11347978032951	0.5643462221755609	-0.1584222180699812	-0.18426154183410054	-0.026485653250063593	0.05027305991240638	60.87591836734694	0.5888994189921034

drug_264.txt	-1.58392411382926	-0.5791179318576549	-0.5721347833088521	-1.2347581887246166	-0.26378776192492814	-0.22843290367710584	-49.568163265306126	-1.0672265212595957

drug_265.txt	-1.50718921617574	0.5646268688859153	-0.19158181495560328	-0.22633397542855738	-0.12804491297777765	-0.026591131182095152	58.369795918367345	0.6193398201799327

drug_266.txt	-1.26692461308038	-0.7351513918136965	-0.4258614117207748	-0.8981695079890921	-0.1667065268450816	-0.1425509201374122	-22.02204081632653	-0.7770283462331654

drug_267.txt	1.37998002995507	0.8315074706487291	-0.06866343662275776	0.0023758786746201355	0.002155779059084484	0.020158718801731146	42.19265306122449	0.5958364801025322

drug_268.txt	0.997054418372441	0.6996899175913752	-0.1277023145445824	-0.14573036562061886	-0.039663216905736584	0.05527484658389453	27.351020408163265	0.04840781689295221

drug_269.txt	-0.276884672990514	0.5194186466680505	-0.19966496670504527	-0.2302388815496607	-0.1086159444096098	0.05394233398370898	103.25387755102041	2.0600187585711387

drug_27.txt	-0.287618572141787	0.39492479633440214	0.4567632978412264	0.8678446181137827	0.10807232622142597	0.0944894084021503	66.99673469387756	0.827046816677571

drug_270.txt	1.04078881677484	-0.7090884211165265	-0.5734100197301257	-1.0586430137462577	-0.12892383324366732	-0.03649262724606149	19.285714285714285	-0.8146766680804638

drug_271.txt	-0.150723914128807	-0.7968478842992823	-0.4825287776644693	-0.9579536735446961	-0.15757487757958055	-0.09140320347822908	10.209795918367346	-0.14014635574919337

drug_272.txt	0.0174238642036945	-0.7020113324367407	-0.554203877512944	-1.14754025391436	-0.20459962556954747	-0.12540193726373858	-24.423673469387754	-1.3786047660175005

drug_273.txt	-1.39383424862706	0.5242247034264876	-0.2041339032145277	-0.283827591176429	-0.20942780020375315	-0.019647869994066182	28.616326530612245	0.02663850604983885

drug_274.txt	0.241962056914628	-0.5313145242137289	-0.562021291349349	-1.133573328188989	-0.2759330890329681	-0.1847088363685266	17.457142857142856	-0.39543464292650804

drug_275.txt	-1.30636545182227	-0.8355877909799321	-0.5164519724296306	-1.174956798089662	-0.27507921267119323	-0.28178432870700065	-1.956734693877551	-0.42332777052925225

drug_276.txt	-0.0861707438841738	-0.6525977463759711	-0.48212074436693086	-0.9835587280042019	-0.29418088298108086	-0.14442828913645353	0.12816326530612246	-0.686893257693658

drug_277.txt	-1.39463305042436	-0.7026526474496053	-0.5233161354127968	-1.1858221458070197	-0.25939684491034054	-0.16735569893683303	-9.838367346938776	-0.06564687949470258

drug_278.txt	-1.62019470793809	-0.8327327933952066	-0.44231071455615023	-0.9218846609390601	-0.21797175786890435	-0.10763224798190124	16.44	-1.1364841968940993

drug_279.txt	-1.70239640539191	-0.5555859238511365	-0.54020889333801	-1.15487134676984	-0.21281026715411305	-0.15242472634186327	19.13795918367347	-0.6499500736960844

drug_28.txt	1.40456814777833	0.6372079301518399	0.4968094766009483	1.0142974622053613	0.1735525731197623	0.2000561812685181	102.41469387755102	2.122679531937629

drug_280.txt	-1.70484273589616	-0.3307793352791323	-0.5154525558957669	-1.13148680406495	-0.28300091466268606	-0.20133201436159337	-35.35510204081633	-1.168212249915312

drug_281.txt	0.313654518222666	0.6671645789478282	-0.44782000902175606	-0.9477889534046152	-0.17054265065821175	-0.11916609722036006	37.06530612244898	-0.10278373507358657

drug_282.txt	-1.76819770344483	-0.4917767780791725	-0.5690627555654965	-1.228413920088254	-0.30133297450295665	-0.16354357617696383	-15.039183673469388	-0.9156035939921124

drug_283.txt	0.216724912631053	-0.6771173920114611	-0.5400006221061707	-1.2583235071912369	-0.3305143218523308	-0.14396897655616092	-34.38122448979592	-0.8900157706394587

drug_284.txt	-1.41739890164753	-0.45489415647471054	-0.5115463402613404	-1.156062647865923	-0.29163309535434584	-0.25165225926920576	-12.128979591836735	-0.8373991843357951

drug_285.txt	-1.35134797803295	0.7887986593564167	-0.12403232954924308	-0.1385985506005682	0.027944230243445826	0.010360843819511162	17.275102040816325	-0.20366255080155649

drug_286.txt	-1.37401397903145	0.6811592136599105	-0.12597698888160896	-0.15882733218675593	0.04334916376445411	0.019601840226147183	5.504489795918367	-0.1415220530739539

drug_287.txt	1.4464303544683	0.39602314022334406	-0.15558129675626767	-0.15742385854362018	0.14803949026795432	0.1261164782168083	88.89632653061224	1.5360221357966284

drug_288.txt	1.58377433849226	0.07470578441066275	-0.14767120325684577	-0.18496958453867646	0.08104424552738514	0.12549440388216934	64.02775510204081	0.39869184742481684

drug_289.txt	1.68607089365951	0.6504395634338824	0.03319600217603058	0.20582076236060248	0.18594476302222948	0.09345174893362039	50.093061224489794	0.728066517602667

drug_29.txt	1.28110334498253	0.8794629044719211	0.014648839299171823	0.12526993464302982	0.009615388810315031	0.11801941302826117	63.74612244897959	1.1773499550776787

drug_290.txt	-1.69425861208188	-0.32717059178144636	-0.597335924961854	-1.1131072844719982	-0.3838218450349352	-0.35877821305096097	-65.38122448979591	-1.3781378637275854

drug_291.txt	-1.74288567149276	-0.2527091590989689	-0.5550274440856713	-0.9327230174407624	-0.39377302008566545	-0.34743546692488386	-2.9306122448979592	-0.6449375694989649

drug_292.txt	-1.71867199201198	-0.0913346121565411	-0.518466505588167	-0.8960210974968916	-0.35314032793345085	-0.3250565353788399	-57.751836734693875	-2.027873114562254

drug_293.txt	-1.61762356465302	-0.8255070436800203	-0.22731787894763789	-0.2945299183494128	-0.36263704961400767	-0.3770696685155358	-116.5665306122449	-1.8692580095115903

drug_294.txt	-0.0963554667998002	-1.0446156753007103	-0.16464173872240007	-0.21102547801482885	-0.2947189790471956	-0.24841635885129196	-49.44897959183673	-1.8520746116283222

drug_295.txt	-0.196655017473789	-0.9009002000891444	-0.2090806172278918	-0.2830158144090413	-0.30640775728011665	-0.3122831726242486	-77.59755102040816	-1.702391765450621

drug_296.txt	-1.4917623564653	-0.7471403586777128	-0.18756105737940926	-0.2365338577510755	-0.30117757821830604	-0.3009404264981715	-64.00571428571429	-1.4490186838349821

drug_297.txt	-1.64860209685472	-0.5402266303151083	-0.20677254571830922	-0.2593095831751344	-0.33220449253454853	-0.2464748077125941	-62.859591836734694	-1.7794578313723337

drug_298.txt	-1.7228157763355	-0.15586191590447854	-0.5180940879155284	-0.937486264417059	-0.42721771196323	-0.33701240291713735	-82.10285714285715	-1.5170654650378037

drug_299.txt	-0.0719670494258613	-0.6065900106158425	-0.5370504343832276	-1.112078914054671	-0.35586042066747026	-0.33957576304754017	-99.61061224489796	-3.2202571078438513

drug_3.txt	-0.0543684473290065	0.6562871917937743	0.05453974209788032	0.257580667888796	-0.054551752049601894	0.04876805215580066	50.90204081632653	1.0038098503907764

drug_30.txt	-0.375786320519221	0.7288243233686575	0.45646226458215383	0.8842553829813511	-0.11869059015785317	0.005360015063331054	24.79673469387755	0.147049904073795

drug_300.txt	-0.108512231652521	-0.680153133197151	-0.3965395709876054	-0.906871145503569	-0.329929164871869	-0.2584306752508916	-45.38612244897959	-1.4874722945863663

drug_301.txt	-1.65092361457813	-0.42367374424774806	-0.51131902736312	-0.9483365316458685	-0.36629171682713024	-0.46750507681804226	-101.92489795918367	-2.195354819362648

drug_302.txt	-0.0227408886669995	-1.0295630280898236	-0.1998755487176388	-0.26791296104015505	-0.24484756689569154	-0.06468430898925044	0.45387755102040817	-0.4288468661418789

drug_303.txt	-1.71033449825262	-0.7556628064131815	-0.18410953298739113	-0.1976412253054175	-0.3457464628537203	-0.3761499863972052	-79.52979591836734	-1.1878853664536297

drug_304.txt	-1.69830254618073	-0.49669768668989345	-0.5578454773245533	-1.1514648371513319	-0.3837737281369409	-0.3451873550800758	-120.48163265306123	-2.592243611810819

drug_305.txt	-1.56889665501747	-0.4612940992779171	-0.43819012559233633	-0.9865022747271706	-0.36994366033953413	-0.34876389665136137	-76.95673469387755	-2.987327649557205

drug_306.txt	-1.71153270094858	-0.27205573688168744	-0.48105886335260317	-0.9124604768843547	-0.36689341234437384	-0.3747193697686909	-70.97224489795919	-1.6857756328715237

drug_307.txt	-1.73524712930604	-0.4097930876801296	-0.49222767345792284	-1.1251721374324717	-0.43004145405911687	-0.40230983331860815	-97.73469387755102	-2.7135018239292608

drug_308.txt	-1.71392910634049	-0.12337732928284294	-0.18472890233152023	-0.21056345727881354	-0.37086638669355154	-0.2646640762751321	1.4840816326530613	-0.24222968000248388

drug_309.txt	-1.64663005491762	-0.55599347691655	-0.16852473355199216	-0.22408676260983945	-0.33541919264135134	-0.3867774242090251	-135.62204081632652	-2.9030512336468655

drug_31.txt	-0.0778831752371443	0.7769874336878726	-0.1143841591046714	-0.12449801536600419	-0.01311419984682629	0.1317032272704202	94.73551020408163	0.9418058173428412

drug_310.txt	-1.73654518222666	-0.19456204307851585	-0.17638047793620526	-0.1767515984788896	-0.3823150810869876	-0.2873495685272863	-29.08408163265306	-1.3000995387060774

drug_311.txt	-0.292910634048927	-0.27232136955079544	-0.5822413228940291	-0.9466966822588181	-0.39426189610102147	-0.2616562567809891	-33.80408163265306	-0.8691385335325402

drug_312.txt	-1.78337493759361	-0.48425437191735565	-0.5348033904805658	-1.021922563800694	-0.4407586603629783	-0.35679469656349283	-32.78204081632653	-1.270960161072128

drug_313.txt	-1.71617573639541	-0.7936892188537215	-0.1450963406239516	-0.1463781141211129	-0.35075641233052696	-0.2702843558871523	-1.9910204081632652	-0.35885428991160806

drug_314.txt	-0.0562905641537693	-0.4964426440136646	-0.1795635011095426	-0.21972546684783217	-0.3250663254972066	-0.27927680326638465	-70.05795918367347	-4.148377095697852

drug_315.txt	-1.61859710434348	-0.25793555291673953	-0.6003686861841364	-1.194059339943665	-0.3946205967710616	-0.24264900672777137	-2.7281632653061223	-1.4856560351715118

drug_316.txt	-1.72481278082876	-0.43372971054708914	-0.4602462580988308	-0.9480065056599281	-0.38982754036264206	-0.3985289179432492	-99.83265306122449	-2.1629192590685977

drug_317.txt	-1.35718921617574	-0.6699717844745825	-0.42517906544406414	-0.8830014495395211	-0.3249168435245849	-0.2960354552004084	-62.55183673469388	-1.9234046250478918

drug_318.txt	-0.020793809286071	-1.1072686315551563	-0.17861236470796987	-0.2350118267982042	-0.27201087918876204	-0.22440243687266032	-52.43265306122449	-2.433752667698845

drug_319.txt	-1.6163255117324	-0.3829354608537294	-0.23670698450932237	-0.28837713704650725	-0.3232869399359223	-0.3384430195456516	-57.06285714285714	-1.7952773781416587

drug_32.txt	1.21445332001997	0.6191827422889501	0.5069372576489344	1.1311782628632614	0.06466740281653108	0.15610007138426588	77.15591836734694	0.9181004548727304

drug_320.txt	1.39710434348477	0.365098135849061	0.22962234034822815	0.36068832020122665	0.18359243680529155	0.17054621925926494	44.95836734693878	0.282590466002709

drug_321.txt	1.4800299550674	-0.602977276994357	0.20250912131571353	0.27944901031318814	0.13149958838256623	0.1254021302187397	35.12734693877551	0.15047754682801667

drug_322.txt	1.46390414378432	-0.5269241125983918	0.1251237964655718	0.2112461315148636	0.10746435918708834	0.11921713195150369	-7.458775510204082	-1.0913097967505432

drug_323.txt	1.4601347978033	-0.6789921431327512	0.19996789955688518	0.21752678729759656	0.14573572901743007	0.15657455514863583	67.86285714285714	0.8243522661030338

drug_324.txt	1.51290564153769	-0.8281483184235339	0.18260118930191865	0.15893030217816895	0.06910157299523745	0.15893432341851116	35.92734693877551	0.5138671360285962

drug_325.txt	1.30054917623565	-0.7646702329592632	0.20824971249627477	0.31988081910476296	0.12894751867811827	0.16849634760661278	34.037551020408166	-0.3020079460124239

drug_326.txt	1.48334997503744	0.71856658143156	0.21401657798321364	0.4015600081071413	0.16111982376347392	0.2697902484233301	69.87510204081633	0.3257044089834254

drug_327.txt	1.52468796804793	0.5315057747150762	0.6045233815889359	1.1566253490516363	0.22560990652340498	0.2319195779106341	45.40408163265306	0.6282497660303898

drug_328.txt	1.55876185721418	0.4087008184405367	0.22930110082483504	0.22888391156818794	0.15677409287867994	0.17210229241079628	6.543673469387755	-0.24806685653483057

drug_329.txt	1.43856714927609	0.6752135959384419	0.5805933913263904	1.0655105009735186	0.19811550294858762	0.17608330629218477	6.062857142857143	-0.06904664937074227

drug_33.txt	1.34026460309536	0.5232164228142738	-0.05998371859919277	-0.013865383416285848	0.09460849077403985	0.0504339014151912	21.22122448979592	-0.004622661170849824

drug_330.txt	1.50142286570145	-0.5868073136605065	0.6033049764972673	1.1886199568373055	0.13835188057298686	-0.05134487134201098	10.126530612244897	0.04681274185080659

drug_331.txt	-1.25751372940589	0.5357195982092339	-0.02290497478535447	0.06882051054727911	0.05955319833262235	0.013370758281676208	27.586938775510205	0.17157958994701616

drug_332.txt	1.51979530703944	0.5529549769074227	0.2133511029973869	0.32629322512180203	0.20853617376050884	0.3051046849783378	83.51265306122448	1.5582085024323549

drug_333.txt	1.32528706939591	-0.5553302024273602	0.20405016213312405	0.2796288806417966	0.07152720753604866	0.11973664827868566	87.07755102040817	1.5980825193491774

drug_334.txt	1.58105341987019	0.6704374580325649	0.549755462633664	1.101356649798977	0.1675301071307982	0.130237309674953	91.40163265306123	2.018034023819225

drug_335.txt	1.56333000499251	-0.8657216978463366	0.2692554274479989	0.40297038348255276	0.18370876341887404	0.14484765891513635	41.11265306122449	0.20543082685920402

drug_336.txt	-0.0463055416874688	-0.5272772364901024	0.2526557953898493	0.43609595789532546	0.17134566484449737	0.13086307169077155	21.12326530612245	-1.00114297258152

drug_337.txt	1.44071392910634	0.7046697803725339	0.16392784011769918	0.15713807227354498	0.12764445914106612	0.21791733313912068	59.478367346938775	0.5439821059114559

drug_338.txt	-0.0583624563155267	-0.3398852654485801	0.6281920490137385	1.0384285920346992	0.14906212292518883	-0.11994080283670557	-6.026938775510204	-0.727531437286147

drug_339.txt	1.47636045931103	0.48215739619221215	0.5509762234250821	1.0787399607747452	0.2676409326786251	0.3422651165204032	46.94857142857143	0.33774784185213225

drug_34.txt	-0.0676984523215177	0.5556864991698582	-0.07390580976154462	-0.05745635895073098	-0.07045341291685489	-0.01766207478710137	62.114285714285714	0.3477473558019453

drug_340.txt	1.49360958562157	-0.3647485735980462	0.5133521879585208	0.8881774623242165	0.20797091979275975	0.14974736830761454	21.33061224489796	-0.7513630335986801

drug_341.txt	-0.0524463305042436	0.7108278225006263	0.5413721096302786	0.9938138537145987	0.18647701472686296	-0.0017866260622790404	3.1175510204081633	0.24101648035908288

drug_342.txt	1.48694458312531	0.6528260908287359	0.10876450661055823	0.08742864578000076	0.1459047362877267	0.13644718469919642	34.44816326530612	0.15156405593459843

drug_343.txt	1.46752371442836	-0.4725325354052574	-0.38132613161153184	-0.6997731270075063	0.04043770950297065	0.03776570104628114	14.417142857142856	-0.03648385814574677

drug_344.txt	1.53736894658013	0.487474098201512	0.47148428312073554	0.8508498433264744	0.13025431326428683	0.19974993769614102	89.97795918367346	0.9908216677651687

drug_345.txt	1.32096854717923	-0.7376125552369321	0.2690816585328932	0.35898311781088815	0.1843874306648167	0.0994895484394814	12.995102040816327	-0.6678153187500743

drug_346.txt	1.63891662506241	-0.5638866328984627	0.09381047135822479	0.19865969254258542	0.04814496581989827	0.06359414482320645	29.65142857142857	-0.5093846342780077

drug_347.txt	1.63851722416375	0.7328351413837644	0.21761162280208346	0.2985971783765086	0.06437014305551629	0.21245758575090318	32.08081632653061	-0.7221340543998049

drug_348.txt	-0.0355217174238642	-0.61346317859114	0.46260620528221397	1.0103549388198259	0.04048533142688746	-0.07303070026652474	-16.652244897959182	-0.7043516807174257

drug_349.txt	-1.65973539690464	-0.29730008016043874	-0.5009413832577195	-1.0556006532734628	-0.49113936370742445	-0.3100641094730745	-62.82122448979592	-1.4019931074526728

drug_35.txt	1.66567648527209	0.2065773414895884	0.5233916188980323	1.1420624848827268	0.2104136328992091	0.23190998507345695	76.83918367346939	1.9958229641631402

drug_350.txt	-1.54605591612581	-0.596423805366106	-0.543494539445964	-1.2543871337967203	-0.4933985710589269	-0.3531484210297546	-32.48816326530612	-0.6258940847666365

drug_351.txt	-1.6507988017973	-0.6269651272206865	-0.6033864976723955	-1.1776321060572252	-0.47786331118900666	-0.37121932895755644	-143.2334693877551	-2.0673395911438233

drug_352.txt	-0.159111333000499	-0.21675061025961997	-0.5582858276988382	-1.0920895663770613	-0.47371797477899746	-0.30178666514839103	-54.49224489795918	-2.6451631428039466

drug_353.txt	-0.0700948577134299	-0.27454749723160904	-0.618658434511546	-1.2458289010727266	-0.490058687521121	-0.2890250504178265	-33.524897959183676	-1.1127429971550233

drug_354.txt	-1.58050424363455	-0.5058489181351753	-0.5976891595454925	-1.3279606216293007	-0.4498878158665702	-0.3046530466472355	-21.031020408163265	-0.7858693175100915

drug_355.txt	-0.203444832750874	-0.47044769820903076	-0.67055077995151	-1.1074699891180781	-0.38662737722334	-0.17284330991076657	52.17551020408163	0.6706440863091697

drug_356.txt	-0.15781328007988	-0.5464445319022522	-0.5402648351261768	-1.2373835464274963	-0.36218008348600894	-0.21378969273525886	-38.08163265306123	-0.9538587116002083

drug_357.txt	-0.157064403394908	-0.4047542463877113	-0.5928961354135478	-1.2075585448681119	-0.5127780247523959	-0.332210354666057	-45.972244897959186	-0.7972028376361604

drug_358.txt	-0.19535696455317	-0.5751568358468964	-0.6203280597996891	-1.2745956908970664	-0.45904744097043826	-0.13430666315832385	11.354285714285714	-0.36961688833743456

drug_359.txt	-0.199101347978033	-0.37633622881713447	-0.6144508932157804	-1.4248902971464654	-0.47751010354286727	-0.15162347137663124	26.426938775510205	-0.06815947508854814

drug_36.txt	-0.159760359460809	0.2159748963829978	0.37584577398629915	0.7083279026039648	0.016116929349144694	0.05023484708235863	13.595918367346938	-1.1202087711039634

drug_360.txt	-0.269995007488767	-0.5828002243435552	-0.5196624517341496	-1.056013857298194	-0.4908296040020275	-0.24134765778443723	30.702857142857145	0.30293831201631

drug_361.txt	-0.0980529206190714	-0.6092881139526249	-0.5534737566757086	-1.1586015833276573	-0.43145655147282647	-0.2083769665573082	16.56734693877551	-0.1987190597444936

drug_362.txt	-1.63187718422366	-0.5495822470972168	-0.5904313350821893	-1.2998969379267462	-0.48225875255077927	-0.33139361132330086	-79.09469387755102	-1.6257244196053866

drug_363.txt	-0.0564153769345981	-0.40846699396451713	-0.5819071417480665	-1.2907801744836886	-0.41243537817141457	-0.11648801926059342	-14.311020408163266	-0.8969695390233052

drug_364.txt	-0.0576635047428857	-0.4039846973664062	-0.5095552911628752	-1.0235035418792529	-0.3836453526357607	-0.21337419829503965	-30.419591836734693	-0.21281080048693463

drug_365.txt	-0.137393909136296	-0.35530984926551207	-0.6773681985634756	-1.2145321991515796	-0.45473654630505655	-0.07401736543727452	-0.9853061224489796	-0.58628862328943

drug_366.txt	-1.63132800798802	-0.480015388013339	-0.668613620041907	-1.188896218631705	-0.44304474741472943	-0.3202982018239004	-88.68408163265306	-1.715227808992721

drug_367.txt	-0.170693959061408	-0.5775728406419661	-0.5877422278637741	-1.180997146230109	-0.43160771805675263	-0.09637817561494313	24.034285714285716	0.05195943783243016

drug_368.txt	-0.127808287568647	-0.3540673980893334	-0.6136193714379079	-1.175076142941229	-0.44893202667598575	-0.11190526911029483	17.92816326530612	-0.5763687327534657

drug_369.txt	-0.230454318522217	-0.4974876984454638	-0.5836805181017828	-1.2235628235714961	-0.38376830921118205	-0.09081396950158044	-14.640816326530611	-0.4559210397077892

drug_37.txt	-0.161058412381428	0.6042073918700527	0.38603016688984304	0.759727387535736	-0.06888177496208063	0.1059241072039232	51.91102040816327	-0.2560570359750714

drug_370.txt	-1.69133799301048	-0.26300151313979986	-0.6383099134480861	-1.1765433746836598	-0.4944237591159819	-0.25605557673970064	8.306122448979592	-0.04387663459853211

drug_371.txt	-1.52458811782326	-0.5620070223369551	-0.6019876759574077	-1.292548102272378	-0.43196647411957634	-0.2614666395655396	-77.24571428571429	-3.1548500718530836

drug_372.txt	-0.193060409385921	-0.3801754483805382	-0.6028223177555937	-1.2232964767069603	-0.45082356694152187	-0.09627608008992732	11.101224489795918	-0.5111475545982317

drug_373.txt	-1.7337493759361	-0.36359068558970753	-0.5882065525519417	-1.3903125573758572	-0.540670903101887	-0.4436390458797729	-94.65469387755103	-1.4190381081007761

drug_374.txt	-0.145581627558662	-0.3324916318957821	-0.4979714533428771	-1.1926632836471442	-0.43499968972809105	-0.36825855873209734	-85.48734693877552	-3.5142182920317584

drug_375.txt	0.271143285072391	-0.5952675513450961	-0.443973194175855	-0.955303851773662	-0.3743530588706709	-0.21756000792666483	-48.49224489795918	-0.7871660579251394

drug_376.txt	-0.0217174238642037	-0.27584826569540166	-0.5944857560125087	-1.084887738175056	-0.4481459087736007	-0.25584485211835856	26.031020408163265	0.33505509748737156

drug_377.txt	-0.0952571143285073	0.5185596034330842	-0.20164305789146916	-0.3566529516887374	-0.2502726692091866	-0.19101584928709053	18.08326530612245	0.07302616338077525

drug_378.txt	-0.0191462805791313	-0.7225935298094898	-0.38159276922905994	-0.9632051419879992	-0.31882461034258325	-0.13343544362278317	-28.928979591836736	-1.0799121812329227

drug_379.txt	-0.381477783325012	-0.6776960333143003	0.09646817027512816	-0.009885512130542895	-0.15228594164682963	-0.009341740538948408	39.7069387755102	0.15970400623772116

drug_38.txt	1.38959061407888	0.6307446244999668	0.4750674348730145	1.0169948471332984	0.09701902640452617	0.14415519999645743	54.137959183673466	0.6009822844678692

drug_380.txt	-0.255666500249626	-0.7202765315637157	-0.4992965397567416	-1.0454653086103032	-0.3365059458495928	-0.15048880387333283	63.92	0.13643198909825904

drug_381.txt	-0.187618572141787	-1.160447081831808	-0.051451267044533566	0.03367729394659902	-0.21265401604100434	-0.08157224135776875	-8.266938775510203	-0.6423296003844231

drug_382.txt	-0.190763854218672	0.4382455241558536	0.07649518423445359	0.17488032641778956	-0.17671774202126303	0.02307535658661189	46.82775510204082	0.6064393385944633

drug_383.txt	0.0737393909136295	0.6263438466494939	0.46930391211073136	0.8602678710770233	-0.08146739949362827	-0.02184788441872655	16.92	-0.38192845469291675

drug_384.txt	-1.7101347978033	-0.6383053130498961	0.023574134200343932	0.04866508742991327	-0.294933186849225	-0.22415072517225387	3.3869387755102043	-0.5867324454621203

drug_385.txt	0.106115826260609	0.27821826626499824	0.5258482597052684	1.1719390510136884	0.07489680110539822	0.09770541744014893	80.21469387755101	0.5237831465613814

drug_386.txt	-1.5545931103345	-0.5553863222755681	0.38979050161344764	0.8319062375871045	-0.17621829959397942	-0.2609494980105844	-53.73061224489796	-1.8933492196678323

drug_387.txt	-1.65601597603595	-0.9271567571954467	0.051831697205415916	-0.02386152696862015	-0.24307300194748452	-0.19060747761571245	-13.284897959183674	-0.553810530646853

drug_388.txt	-0.244383424862706	-0.7038549653747567	0.046324517381870184	-0.02375583233540335	-0.2491516676258051	-0.1600347354623129	-41.27918367346939	-0.7050789862833969

drug_389.txt	-0.246979530703944	-0.5014611372086413	0.3375257017678053	0.6855124923992681	-0.16621358781201617	-0.10362431161218433	-0.7942857142857143	-0.052811250077018715

drug_39.txt	1.4916874687968	0.4412454440116562	0.49974937395038943	0.9474478182680699	0.22352894287988959	0.3041936167846643	133.47755102040816	2.4389757049866385

drug_390.txt	-1.71959560659011	-0.6031848608281611	0.02496299570582375	-0.12529253898038212	-0.31640150691435914	-0.2616908802278154	-51.114285714285714	-1.7181890713843917

drug_391.txt	-1.69473290064903	-0.6034849152763087	0.3785978944892524	0.6497971330053991	-0.1530314013722986	-0.023124636416085406	63.65061224489796	0.5111707747772403

drug_392.txt	1.29383424862706	-0.6062074207752157	-0.2144611188671244	-0.2596467285109781	-0.17742432070798067	0.12720777563426766	28.935510204081634	0.15507774480975606

drug_393.txt	-1.72983025461807	-0.5553758512395333	0.0044397221881602444	-0.13739727734602786	-0.2756894040590936	-0.22350422817740456	-27.644897959183673	-1.0418492339355052

drug_394.txt	1.37491263105342	-0.36665124922706105	0.41723641229570796	0.7240806994449749	-0.08113827300060204	-0.051046458922258287	47.544489795918366	0.028133999326154457

drug_395.txt	-0.104143784323515	-0.723136689838421	-0.0039552320319789225	0.06022908493493556	-0.20426406006185535	-0.06248086572084415	-2.6473469387755104	-0.6210326974104671

drug_396.txt	-0.0457314028956566	-0.9982936308594215	0.31120538858598124	0.7112872698527851	-0.15636151412247729	-0.11945176426852062	-42.800816326530615	-0.972924232874604

drug_397.txt	-0.250274588117823	0.49637276074737813	0.4489819508512223	0.7727154276117361	-0.10320068629378619	-0.09137316147084235	21.10857142857143	0.12313024969804362

drug_398.txt	-1.49510733899151	-0.5583227252053472	-0.36478515980662646	-0.7073226123959797	-0.29670565518235037	-0.2868810991430916	-7.0955102040816325	-0.33633314344930065

drug_399.txt	-1.51397903145282	1.035370031666954	0.39954289832786904	0.734642538549767	-0.15955436621137148	-0.07355982577390523	33.179591836734694	-0.05684494335824665

drug_4.txt	-1.43227658512232	0.8764135860309924	-0.04572606789449046	-0.01677186323253227	-0.2325963447751352	-0.14998091013778697	-26.438367346938776	-1.7455513484496288

drug_40.txt	0.216924613080379	0.7723432678934935	0.4820336697198522	0.9560683139331234	0.17654973148976263	0.09765436967764102	11.548571428571428	-0.1935205604571646

drug_400.txt	-1.42051922116825	0.7068889883541073	0.47224802137307265	0.9159356253350077	-0.11333961073861148	-0.13149567818373736	-4.286530612244898	-0.9632541068475378

drug_401.txt	1.66432850723914	0.6275214932406784	0.5355653278372432	1.3703013556804726	0.2649852815506281	0.19811636629321733	47.7469387755102	0.26677565903379513

drug_402.txt	-1.50386919620569	0.45799603385089244	0.44832966383342643	0.8571714039258302	-0.04476402961072519	0.17672284078885822	108.14122448979592	1.3898314018612667

drug_403.txt	-1.5881927109336	-0.7289988621802403	0.06772523010691472	0.0633224851994183	-0.22180707100225783	-0.21639146527105085	-38.099591836734696	-1.4555111011396578

drug_404.txt	-1.71320519221168	0.6601191470944403	0.4006925254594259	0.7674804767576915	-0.18631382681597053	-0.10260338243373918	17.86204081632653	0.18021930642300793

drug_405.txt	-0.10399400898652	0.5463851479184384	-0.33823910062215723	-0.8869894483623633	-0.17710170636912193	-0.13814582947648624	-11.146938775510204	-0.8064755207520756

drug_406.txt	0.0150274588117822	-0.7617136733438685	0.3589690820286616	0.6465485734848129	-0.15226249326209665	-0.08703643507599472	25.790204081632652	0.557280696261653

drug_407.txt	-0.121642536195707	-0.46913963723245045	-0.4810886491986282	-1.0676418232703444	-0.3711494643110508	-0.3320823488682426	-51.115918367346936	-1.271496802651178

drug_408.txt	-1.6219420868697	-0.21133286158318346	-0.4737103114278376	-0.9435387282791994	-0.327562899942643	-0.23832513027342586	-7.71265306122449	-0.4347860860255303

drug_409.txt	-0.0143285072391414	-0.5127687887732009	-0.5622755177220765	-0.9961700847180175	-0.3158487333149912	-0.3235625920132124	-59.394285714285715	-1.392310158684121

drug_41.txt	-0.141987019470794	0.5917484458791632	0.4738983834683721	0.8919367365498604	0.10603479330550915	0.09020139635148545	38.08816326530612	0.40585357645960046

drug_410.txt	-1.56347978032951	-0.2075485551704126	-0.5838224363905429	-1.1263523090781073	-0.4201570327338136	-0.3361676307242259	-37.21551020408163	-2.5790241320679703

drug_411.txt	1.62833250124813	-0.17986789157528424	-0.5722152771217093	-1.009136670896829	-0.28414419549502534	-0.0831376104478393	37.08	-0.7560697887978085

drug_412.txt	-1.67031952071892	-0.39179665764812105	-0.5464785408453146	-0.9869435215436295	-0.332080111019258	-0.09380828461801656	2.42530612244898	-0.43340360129646555

drug_413.txt	-0.0819520718921618	-0.2251946845803659	-0.462764262402918	-0.9378277637817971	-0.28209289941145577	-0.2177965889471098	1.3820408163265305	-0.11249255588665731

drug_414.txt	-0.0288567149276086	-0.4893787741462467	-0.5656227468113961	-1.180044091803388	-0.3611478850735326	-0.24659782603179206	-13.231836734693877	-0.8530600410040726

drug_415.txt	-0.032126809785322	-0.1924961740908117	-0.5896764709974718	-1.0526635100626134	-0.3664447271434052	-0.29715318899958537	-54.416326530612245	-3.0189579162798785

drug_416.txt	1.40766350474289	-0.36788372940124026	-0.5913150853702879	-1.2114707383986791	-0.3486751023869474	-0.26330314463701443	-59.04571428571428	-2.0766473467963706

drug_417.txt	-0.0630054917623565	-0.10274092049484457	-0.6378817542437989	-1.183253280188689	-0.3727328487794225	-0.2780105351830695	4.357551020408163	-0.5563721950250305

drug_418.txt	1.47196704942586	-0.13061185345744358	-0.5533235120797887	-0.941100642856834	-0.2719982333799291	-0.20375863985680517	-64.81142857142858	-1.8085066983094658

drug_419.txt	1.50209685471792	-0.5966682249562554	-0.5546444832572807	-1.0199416637548078	-0.3271973655593375	-0.1521256831121782	-14.700408163265307	-0.6098126365855274

drug_42.txt	1.50596605092361	0.5712039021658328	0.5062343910497323	0.9387502663061909	0.06748638416570867	0.16528843399027235	92.96	0.776367125981503

drug_420.txt	-1.5691712431353	-0.12069789287812951	-0.5471638458826966	-1.2479112864116546	-0.46275049817529407	-0.30104190023956556	-90.2269387755102	-1.9097709973160573

drug_421.txt	-1.6427109335996	-0.10788934578039497	-0.6300532965091978	-1.1975928968968526	-0.3860680803469896	-0.2914337944012088	-64.78122448979592	-3.1918460771776633

drug_422.txt	-0.135646530204693	-0.35322526479378274	-0.570757378560762	-1.0544804576305262	-0.33132040115897965	-0.26452876051585233	-30.972244897959182	-1.0539130221555633

drug_423.txt	-1.69276085871193	-0.054717492746475124	-0.5999315433612833	-1.0131965068508009	-0.3946279868556767	-0.3496069294385184	-92.0865306122449	-1.422696501668059

drug_424.txt	-1.64153769345981	-0.374672275944711	-0.567972984334482	-1.0988175935771898	-0.4116062379521104	-0.4387704846239775	-39.83102040816326	-0.8724331362439471

drug_425.txt	-1.41899650524214	-0.5931341578999396	-0.5710484115569311	-1.3712941113788861	-0.4149357250342947	-0.347462101650552	-99.66122448979591	-3.9748117339335685

drug_426.txt	0.0212680978532201	-0.3042494025063599	-0.5525180109625829	-1.1863216059775437	-0.36558786743652355	-0.38137080763173453	-114.92244897959183	-2.0710282957837203

drug_427.txt	-0.108587119321018	-0.3201559578758172	-0.5523252223833881	-0.9769611649064864	-0.37277763275504944	-0.45705258814997646	-69.1934693877551	-1.381855362102705

drug_428.txt	-0.0774588117823265	-0.39311287284821955	-0.542158646973647	-1.1627622573304732	-0.3787941773154941	-0.34648296741058376	-76.77061224489796	-1.0820788641459738

drug_429.txt	-0.0641288067898153	-0.388360854987222	-0.5163872728746384	-0.9580026241369181	-0.3927441683221221	-0.40285985702315336	-90.08081632653061	-5.6490894214374014

drug_43.txt	1.47426360459311	0.2420314176358614	0.5215736405850806	0.9322965093534397	0.1892954713992781	0.23221627164850442	96.51102040816326	2.530981256553779

drug_430.txt	-1.34950074887669	-0.4768728437512576	-0.48115417596153165	-1.0502505097645631	-0.42696136196122636	-0.3964255380999796	-81.65469387755103	-1.6088733315090307

drug_431.txt	-1.65312031952072	-0.22740011381797434	-0.6021818653727963	-1.13545909928825	-0.4019350142017583	-0.4170158027746043	-114.56897959183674	-2.9178388661373336

drug_432.txt	-0.0156764852720919	-0.05110834368470274	-0.5466677345302293	-1.0192907892048058	-0.3092427239769988	-0.26855621600770235	-45.098775510204085	-1.5749050873005361

drug_433.txt	-1.58285072391413	-0.14401149189966791	-0.6250193261279327	-1.117988452600359	-0.41258149703966207	-0.4714535747263221	-75.24244897959184	-1.6074813502683285

drug_434.txt	0.0405391912131802	-0.20163348286355165	-0.23176132939743932	-0.34762234524901814	-0.3038415731243645	-0.2476191464957879	-22.124081632653063	-0.38451260426269596

drug_435.txt	1.46155766350474	-0.5512932382454833	-0.5535815055578531	-1.0776808842432404	-0.27449134982124307	0.056889003709393725	108.02530612244898	1.2555840639792062

drug_436.txt	-0.0138292561158262	-0.424452529998254	-0.42225169685067754	-1.054666277451177	-0.3578941545931204	-0.4125624014311137	-134.87755102040816	-3.4386502065386906

drug_437.txt	1.45204692960559	-0.8621939612298788	-0.14997114698964598	-0.18488953963779753	-0.076332522927021	-0.03576541571285569	30.444897959183674	-0.22241996081057427

drug_438.txt	-1.35813779331003	-0.4589730353530225	-0.11806358709867598	-0.17838128826931865	-0.2069781289725651	-0.29296984813930654	-52.968163265306124	-1.2468606545139242

drug_439.txt	-0.0120069895157264	-0.5105301514097524	-0.12494101931217233	-0.146470010008791	-0.14992262294946232	-0.16462309918117293	31.31673469387755	0.2155331641099409

drug_44.txt	0.00983524712930606	0.37928241550082187	0.48446144277488185	1.0235354115424713	-0.0023463484595828074	0.003164880453180014	38.57387755102041	-0.5969665482563866

drug_440.txt	0.031827259111333	-0.6332781227562468	-0.1396445605551832	-0.13860290777989376	-0.16154877300671697	-0.22562867969710107	-34.37795918367347	-1.8940195226268928

drug_441.txt	-1.28107838242636	-0.5370602613648234	-0.1929049864809923	-0.3185845456500399	-0.12623314049654322	-0.07398331707459292	-11.581224489795918	-1.1576846431748757

drug_442.txt	-0.119870194707938	-0.6929638226963228	-0.0824393352258346	-0.09512976068731671	-0.10462528863796515	-0.12763144064387646	-10.684081632653061	-0.4437374603316453

drug_443.txt	1.48115327009486	1.197285091208049	0.053144684542519416	0.21614719673869687	-0.0006847399877635155	-0.04373599407172068	5.261224489795918	-0.46202006019648606

drug_444.txt	-0.198976535197204	-0.6757891071517044	-0.10660123958162959	-0.11002782841262015	-0.09424079602615114	-0.11056622800374245	21.526530612244898	0.09164263216646909

drug_445.txt	-0.129580629056415	-0.7791469508519857	-0.03708619495849602	0.044639060792016405	-0.05108570218047382	-0.06713679463813198	32.34204081632653	-0.34100732879258583

drug_446.txt	-0.0302296555167249	-0.8769207768656794	-0.07520808086802416	0.009303110635062506	-0.04554292010351036	-0.07919687522174049	-13.582040816326531	-0.7350633097892434

drug_447.txt	-0.0871942086869695	-0.37665062117213877	-0.13785038825454551	-0.15731073441026938	-0.17928591084113815	-0.21530780259139126	48.31428571428572	0.09947893688754297

drug_448.txt	1.304667998003	-0.42319299368342306	-0.08288855503424303	-0.06585896206891295	-0.11475477379642197	-0.1719805561278175	-64.99591836734695	-2.782774278146656

drug_449.txt	-0.144258612081877	-0.4808753091182561	-0.18316738715751474	-0.30023036311184853	-0.12338695208779635	-0.179649169857832	-106.44816326530612	-1.7831701163234088

drug_45.txt	-0.0340489266100849	-0.7999073642331197	-0.022587105001178	0.01695684238503614	-0.1078932438504775	-0.03614089291695887	23.17469387755102	-0.43508310983581167

drug_450.txt	-0.102920619071393	-0.14714192329325027	-0.11048274680246889	-0.1278013649258924	-0.16676622039586195	-0.22900084746431318	-11.902857142857142	-0.9823485932564431

drug_451.txt	0.0376934598102846	-0.3609821673897817	-0.24532819364213945	-0.37455931768676154	-0.15967561736252586	-0.19180481512294326	-15.533877551020408	-0.633787428537306

drug_452.txt	1.65366949575637	0.716408141571336	0.08124336032483354	0.331382839157025	0.09654770641880266	0.012568988950517859	34.46530612244898	-0.058231950323174506

drug_453.txt	-0.222591113330005	-0.3539153284107306	-0.1819736323740858	-0.26024793596021717	-0.15314366924590755	-0.1692215097728258	13.316734693877551	-0.5464702773669693

drug_454.txt	-0.0588866699950075	-0.550472963895692	-0.13267350522654742	-0.14422994488984914	-0.1723747397768024	-0.23686923892114142	-22.074285714285715	-1.2616977198509034

drug_455.txt	-0.2018222666001	-0.2950819849840671	-0.11504053700283567	-0.1290990034401322	-0.14828391126829138	-0.12752925374183974	-27.064489795918366	-1.0730759599526614

drug_456.txt	-0.0700199700449327	-0.3912117117325391	-0.12155755290233314	-0.14466553281700678	-0.17191229435025596	-0.2518907135205408	-58.88734693877551	-1.8279316957089669

drug_457.txt	-0.0619820269595607	-0.20629247352712826	-0.11448657740151447	-0.11759898754851511	-0.165895035822711	-0.1340692154721905	-15.650612244897959	-1.2052489389048897

drug_458.txt	-0.118497254118822	-0.6402578718354456	-0.14532598925444395	-0.17148094518185558	-0.11414374699245153	-0.10433549625986716	16.74204081632653	0.37837773334466135

drug_459.txt	-0.0541937094358462	-0.369299406293938	-0.16608827905471024	-0.22525908153592383	-0.1823973350369637	-0.19885571136347766	-18.59591836734694	-1.2725439036682373

drug_46.txt	-0.0797304043934099	0.6621785063632595	0.34163723025899206	0.7289707282666188	0.03832501723838859	0.11721464319217013	36.86775510204082	0.13609730986132215

drug_460.txt	-0.0667249126310534	-0.2418006801673041	-0.14790986312329552	-0.1854778612111614	-0.17427031883449734	-0.18454954507833538	-44.23183673469388	-1.3495588081245462

drug_461.txt	-0.179455816275587	-0.33607438315173954	-0.14883600844985428	-0.15840845494848782	-0.1642796938297885	-0.1859801617068496	-9.444081632653061	-0.9337087601354737

drug_462.txt	-0.0191213180229656	0.940953653873916	-0.16425484702470355	-0.20462405153734453	-0.057324279871054366	-0.0009197056477363413	56.371428571428574	0.8086021521919061

drug_463.txt	1.36133300049925	-0.27307894076907135	-0.10758423191073868	-0.09558107745721367	-0.17699032117661587	-0.1963010388125594	-22.662857142857142	-0.36778985630951205

drug_464.txt	-0.0835496754867698	-0.3765395137853011	-0.1243263883549163	-0.12836454137267334	-0.16072853124008216	-0.1515431757204714	-22.45795918367347	-0.9327377743017654

drug_465.txt	-0.0866949575636545	-0.606001622019949	-0.11459378666771236	-0.136296959067143	-0.1334223404817007	-0.12170460032574609	-46.13469387755102	-1.524735355963901

drug_466.txt	-0.197803295057414	-0.3534716662603753	0.4947811426285982	1.0059245688316723	-0.0653001387643798	-0.047768508350431275	-82.89387755102041	-2.0651062266475537

drug_467.txt	-0.181477783325013	0.17509264694152074	0.37493779974322705	0.7307666759829703	-0.035507171976001874	0.10610120604759253	59.648163265306124	0.8268163601422444

drug_468.txt	-0.036345481777334	0.7002915757086041	0.28065241259462975	0.4099215043982459	0.07448086573269694	0.07927515070626712	63.04081632653061	0.28533480181928905

drug_469.txt	-0.00993509735396902	0.24804845621268462	0.6545037279631087	1.3553727134339622	0.28266236508472625	0.2541213860953009	112.34775510204082	1.083048498070433

drug_47.txt	-0.104892661008487	0.6832721765383407	-0.35443432605466607	-0.7907815633407627	-0.08440610264419343	0.0007147234340985983	4.693061224489796	0.23643958548451188

drug_470.txt	-1.70302046929606	-0.6803054825203892	-0.1223416035131521	-0.07859317635477525	-0.1273037980682737	-0.06598622312292877	11.288979591836735	-0.17376588324337855

drug_471.txt	-0.172790813779331	0.3252261712985166	0.5824924093310417	1.3765993020570804	0.10604889538264463	0.2125542299358069	99.68816326530612	1.2025921414493332

drug_472.txt	0.00981028457314026	0.24430856176630578	0.5076755184785802	1.1296364244301493	0.23970797653085404	0.23603563153925708	69.12897959183674	0.6853810851871572

drug_473.txt	-0.230129805292062	-0.6668692691424654	0.19571629522787795	0.32272718383376897	-0.11120766758648712	-0.07875262075618583	-53.114285714285714	-1.8045018236282404

drug_474.txt	-0.226834747878183	-0.856730950095213	0.49188026540818386	1.1929179987440452	0.0839241628952428	-0.03873832738428065	-44.12326530612245	-1.841764696639883

drug_475.txt	-0.173714428357464	0.865120718034194	0.4568740640605107	0.9734277698670223	0.10920043724930409	0.006788139054162486	-13.995102040816327	-1.4675983847340421

drug_476.txt	-0.273115327009486	-0.7590668428340576	0.1862728588473389	0.32211526003334057	-0.023385248584444504	-0.09324759437560047	-57.96	-2.051771740503165

drug_477.txt	-0.209161258112831	-0.6019224942442125	0.2131231412608476	0.14962907192612285	0.006770625208834149	-0.09467667628173994	-77.91102040816327	-2.3467850813535844

drug_478.txt	-0.221043434847728	-0.7313137377461405	0.1600270910904615	0.1518581471940963	0.0008148294618536621	-0.06864697013419957	-63.65632653061225	-1.5907233775187477

drug_479.txt	-0.256689965052421	-0.7205352001539262	0.19177581908259	0.13922353972062063	0.004028701178463376	-0.04977029744920184	-46.347755102040814	-1.1458268205243116

drug_48.txt	-0.115027458811782	1.0277725659392218	-0.16454362469465153	-0.1936620202567818	-0.057189384329511046	0.05135273767579184	55.08571428571429	0.17030679987722233

drug_480.txt	-1.42189216175736	-0.6765987292788483	0.30152679975479085	0.5684989342111297	0.02067775246056269	0.002143458708032173	1.96	-0.6993365459468319

drug_481.txt	-0.112980529206191	-0.43878588155320214	0.2085389541265275	0.17647106292230696	0.0279066909973985	-0.016229044503672165	8.327346938775511	0.2761643922132036

drug_482.txt	-0.165252121817274	-0.263484892551503	0.5476567696669623	1.0825514882726641	-0.0528714992436078	-0.08890250165219153	-26.771428571428572	-0.9388351949239523

drug_483.txt	-0.187668497254119	0.6431777909756557	0.2085693358860265	0.40666915780903445	-0.04214473920286664	0.09488083083975986	-20.686530612244898	-2.3582902163221675

drug_484.txt	-0.106090863704443	-0.7718621913684685	0.1647736360282001	0.18560365651893918	-0.13509381213790106	-0.029449294994374094	20.325714285714287	-0.08936681536969301

drug_485.txt	-0.122366450324513	-0.7148021258006125	0.2280763866970365	0.39091204102071403	-0.07727073466046445	0.036132589649685194	18.488979591836735	0.7706018481324035

drug_486.txt	-0.0870194707938092	0.5764517913277136	0.2428027326842345	0.4156304927419016	0.03902274511687765	0.22480799068766	54.27836734693877	0.7871526932930334

drug_487.txt	-1.72770843734398	0.9197432945892411	0.41091341917412993	0.831398278129837	-0.07067651458808454	0.001888236856572594	11.90857142857143	0.07652168223322493

drug_488.txt	-1.74922616075886	-0.46900322630765023	0.5515022580055535	1.1174139353553134	-0.00456137527396467	-0.034550512984232874	44.431836734693874	0.5177362335413721

drug_489.txt	-0.0695956065901148	-0.31751417276151456	0.16293876578109362	0.18232206182324584	-0.06152724216132749	-0.017912733423161638	0.6824489795918367	-0.6615127010635055

drug_49.txt	1.55349475786321	-0.4175146532567597	-0.13095535527576976	-0.1760935398245605	-0.07064324327279747	0.09014804645670814	49.10040816326531	0.39521515845852173

drug_490.txt	-0.0713429855217175	0.4474284253808205	0.177259113912612	0.3104712002476062	-0.023893624792101165	0.0329249660048566	-25.288979591836735	-0.4540616626728083

drug_491.txt	-0.0575636545182227	0.5450464989792821	0.5999978566537096	1.1074322936983185	0.044471042554219055	0.21449350022093552	50.76408163265306	1.243696048407536

drug_492.txt	0.00943584623065397	-0.44630929671320974	0.5453995010324306	1.123738785377794	-0.023762670854877852	0.06022098274947532	59.70204081632653	0.49224895382625683

drug_493.txt	-0.0751872191712432	-0.7855447025355822	0.21048296785390647	0.312855858545836	-0.020367492439380533	-0.019550793767224926	15.228571428571428	-0.6256195921782536

drug_494.txt	-0.0833250124812781	0.5323376992226213	0.08570044955967743	0.024927352637250155	-0.007415465326358785	0.010258766540501202	12.21795918367347	0.09535751288142993

drug_495.txt	-0.073389915127309	-0.7132147089396733	0.20444752703819577	0.23498831414549737	-0.04857145526161463	0.0521051305556924	44.50693877551021	0.2658826487299041

drug_496.txt	-0.135896155766351	-0.7383388838421112	0.12949631333202907	0.10733716559538253	-0.18126723759911584	0.012707323710447999	46.844897959183676	0.1876487965720617

drug_5.txt	-1.52670993509735	0.7383296454847927	-0.0852730940065054	-0.06870557584104231	-0.29399403356435644	-0.1638708684481302	-7.984489795918368	-0.7815916847542628

drug_50.txt	-0.0326010983524713	-0.7832926279601294	-0.1962233596404738	-0.2873622758033094	-0.16465764468970487	0.03889740169876082	20.74612244897959	-0.6546806875388322

drug_51.txt	-0.0237643534697953	-0.5309258803518154	-0.14549802077473942	-0.1852359410764225	-0.12304280704688228	0.041245538809184704	63.715102040816326	1.5425509326755196

drug_52.txt	1.17236645032451	0.5849178474182535	-0.10281966940175827	-0.16387813208999685	0.02116977247568784	0.06329760906360028	10.56	-0.35070231194012397

drug_53.txt	0.0238392411382926	0.20280627147308042	-0.04970953798692507	-0.04626335687154093	0.06865909115300627	0.06115365778886543	61.61061224489796	1.0485177337308185

drug_54.txt	-0.0308537194208687	0.8286418703165466	-0.1124898784305976	-0.12772640485370113	0.015561251294740754	0.12955591274469155	84.35265306122449	3.3948947610123565

drug_55.txt	-0.0557164253619571	0.4974705325727142	-0.14997688973115117	-0.21151737145601618	-0.013815907412642693	0.11220011671112372	68.44734693877551	0.33014701826119836

drug_56.txt	-0.0750374438342486	0.4323581342260344	-0.10525868014158546	-0.1274751754848591	-0.0020119873896749887	0.03685554334187049	3.3020408163265307	-0.3904938375223157

drug_57.txt	-0.165601597603595	0.8566201963035951	-0.16390605919803344	-0.23785189594049214	-0.049304378673987265	0.002654415863957431	49.1134693877551	0.2616860620718359

drug_58.txt	-0.217124313529705	-0.5931102934368038	-0.13280904105121627	-0.18030048865551052	-0.1538208696410307	-0.015007658923143938	43.23102040816327	0.17585834832711641

drug_59.txt	-0.0488267598602097	-0.6587820047689773	-0.08335687580956314	-0.04667017695498882	-0.05683877341935005	-0.03256764079240079	-15.269387755102041	-0.5569666586432744

drug_6.txt	-1.28604593110334	0.7651719883348025	-0.04430524553950477	-0.010830037975361306	-0.18095581801730276	-0.12843104834747504	-22.095510204081634	-1.5176797594903622

drug_60.txt	1.60611582626061	0.5482284811509208	-0.07704649913473949	-0.03759953845565106	0.007877790058453448	0.06615621076324675	37.22775510204082	-0.44622546198466423

drug_61.txt	-1.69710434348477	-0.2870829696711294	-0.50746549371595	-0.9136767514825523	-0.22532413820761507	-0.17835632747437044	3.7885714285714287	-1.1720727884831554

drug_62.txt	-0.233799301048427	-0.1311149037854083	-0.5023397223456146	-1.106013059421068	-0.13737888727746522	-0.09464255168967403	-18.47673469387755	-0.5163331429560462

drug_63.txt	-1.65496754867698	0.9602627857348589	-0.16835619017216596	-0.19841661401053073	-0.07659226316927467	-0.09443594900617784	19.37142857142857	0.04648341496213223

drug_64.txt	-0.0325511732401398	-0.6542880297978111	-0.12660951773995485	-0.14083556245277967	-0.1685144178048645	-0.12833079773055736	-3.670204081632653	-0.046411221392300195

drug_65.txt	-0.0751372940589117	-0.38145265470100786	-0.19094465231056848	-0.24823324753790482	-0.20565323851430112	-0.08208270594699134	28.57551020408163	0.02006490989833469

drug_66.txt	-1.55436844732901	-0.5260852125706096	-0.13665245143198534	-0.14134229662311437	-0.10023426173437065	-0.035017870820669185	11.986122448979591	-0.2230261266505317

drug_67.txt	-0.104892661008487	-0.043595920077285966	-0.6304375985841253	-1.3537347258024184	-0.24003076575853505	-0.08703643507599472	43.64081632653061	0.1456974727985148

drug_68.txt	-0.165401897154269	-0.8720090289515228	-0.18812544932700392	-0.24174299319423903	-0.18864350459237844	-0.0762634096298539	6.758367346938775	0.8514004233786427

drug_69.txt	-1.69311033449825	-0.6747705380727622	-0.1419186935283322	-0.1694442041226908	-0.07045427359392087	-0.07789689631536616	5.92734693877551	-0.433310375328424

drug_7.txt	0.00833749375936099	0.9593482438822709	-0.020696553206584034	0.0823423231048877	-0.10158928534229736	-0.051014957176591484	17.478367346938775	-1.0474691386017838

drug_70.txt	-0.141138292561158	-0.7378415878922814	-0.533516082936147	-1.109392462810298	-0.21444324664759548	-0.0903522322923972	4.57469387755102	-0.16983438792360536

drug_71.txt	-0.149525711432851	-0.7088394968878252	-0.1724722450053887	-0.2501671383438969	-0.028334620857744984	0.03399694164222403	25.510204081632654	-0.8398026653616694

drug_72.txt	-0.0882176734897653	0.6617324764481975	-0.5207550756774921	-1.1568954542852223	-0.14580432260154266	-0.03655299848675689	4.852244897959183	-0.7824437782375907

drug_73.txt	0.0251622566150773	0.5751264323057468	-0.4464402587839025	-0.8561611989485192	-0.02535628050890181	0.03950995920582792	-47.542857142857144	-1.0533724298922

drug_74.txt	-0.158911632551173	0.6177965868062271	-0.4387685886780003	-0.9418837248063492	-0.0926870147472086	0.12772150179480282	30.300408163265306	-0.34527232772320543

drug_75.txt	-0.0914628057913131	0.42791381425827874	-0.18949941519938834	-0.2705628895098664	-0.059235716638211214	0.16263401812631495	45.74530612244898	0.4448796549621291

drug_76.txt	-0.160758861707439	0.5268250008986347	-0.19127578835890174	-0.28197958144767055	-0.0943527725879085	0.09648027113995898	19.526530612244898	-0.6963019899221052

drug_77.txt	-0.0775836245631553	0.8314468915142474	-0.19540868632053793	-0.28155676934425994	-0.12358691119563892	0.011638889851804574	28.76816326530612	-0.2971468089593838

drug_78.txt	0.072391412880679	0.6223612207173994	-0.1353035331492698	-0.16395657380324224	-0.013212112827707498	0.01796835354063492	13.404081632653062	-0.09726462379572705

drug_79.txt	1.49116325511732	0.5260022202884199	0.016912900440906986	0.14115806319297097	0.12275814971949528	0.07294725262381026	54.842448979591836	0.43145376166911814

drug_8.txt	-1.56138292561158	0.9295858167098703	-0.053413915371311294	-0.016407132899516452	-0.2454914535981737	-0.15488324836496695	-77.56979591836735	-1.8006638663619021

drug_80.txt	1.45344483275087	0.6448784919422583	-0.13568723107341618	-0.18137004639637522	0.08194938836263353	0.16273611104415941	55.01795918367347	0.6044108481524094

drug_81.txt	1.54575636545182	0.4417906957801892	-0.162972238512085	-0.25980397564665536	0.032849420311949595	0.09535722036478483	58.97632653061225	0.9245216272731945

drug_82.txt	-0.0355466799800299	0.4125823571140692	0.30701768121513684	0.3713328107099113	0.13792485164713364	0.2206910772195383	71.86938775510204	0.38879377002013665

drug_83.txt	1.44995007488767	0.13184308978841533	0.6719036719209668	1.2486286506775062	0.2478574004017205	0.321135119765341	120.63918367346939	1.664027470451561

drug_84.txt	-0.206714927608587	0.2735571857916267	0.6335045833186537	1.2317811561833232	0.1307964181849607	0.13270046271295086	48.18775510204082	1.034450374512214

drug_85.txt	1.55494258612082	1.1030074037345083	0.6131771733097606	1.2148668810642524	0.08526948551856829	0.31191631533437014	78.42775510204082	2.5025125054091353

drug_86.txt	1.42678482276585	0.8755038580228429	0.5008842382880971	0.9937762892792583	0.02200228398455392	0.11003088034565152	20.6065306122449	-0.3604295856707909

drug_87.txt	-1.74735396904643	0.16923853267609223	0.21737010835662407	0.4098490158198874	-0.062042525282883364	0.24284184676470008	108.99428571428571	1.1514688387163095

drug_88.txt	-1.66103344982526	0.7729836820490337	0.23525268827012155	0.29973839025447846	-0.08382242444711911	0.14801205456444516	36.835102040816324	0.6332281105190681

drug_89.txt	1.39827758362456	0.7050898200117621	0.592146406611195	1.013504922574829	0.02571481817576749	0.05328025931394258	54.884081632653064	0.6794810756029642

drug_9.txt	-1.66113330004993	-0.4673119100387422	-0.5080501312965293	-0.9910017640660775	-0.3964782370149867	-0.2887346741229013	-119.34938775510204	-2.3481408478800527

drug_90.txt	-1.5818522216675	-0.7303626490387449	0.5019799954111637	0.9492132256909549	-0.05166030844980434	0.08410523692469095	83.88244897959184	0.4858486419466785

drug_91.txt	-1.69880179730404	0.289682490840308	0.5361287004169841	1.0201608630373027	0.03699962554769037	0.18913471361826742	99.31510204081633	0.9399203995650147

drug_92.txt	1.31437843235147	0.3118819086894412	0.6122941881834594	1.2171793627675713	0.2003885290547327	0.3775838550578502	109.7404081632653	1.3350695398066976

drug_93.txt	-0.145032451323015	-0.5340132225865959	0.4510956712975528	0.8750452459945164	-0.05518955035612321	0.11625711754517355	79.24408163265306	1.5174071605881083

drug_94.txt	1.56777333999002	0.8211623077416106	0.4082229611673816	0.8099328972153379	0.01664976438614484	0.35183343650413806	117.91428571428571	2.94443887539339

drug_95.txt	-0.149575636545182	0.7653926141879397	-0.0032854298145541527	-0.11142477244718052	-0.15799623198353605	0.016586287621677524	-17.398367346938777	-1.1498054879502073

drug_96.txt	-0.176834747878183	0.4284303875599543	0.09962549666198639	-0.030743828388836936	-0.10929665864484639	0.23202165518964407	89.30857142857143	1.8630950347351658

drug_97.txt	1.5392161757364	0.4325482304952899	-0.05847156823730912	-0.02214841454137889	-0.06607489613243751	0.1194182228210776	52.80326530612245	1.5710798003658109

drug_98.txt	-1.58489765351972	0.5783617688922228	0.48814462335821895	0.8879169159848255	0.0010803606742939703	0.13238409258655848	23.739591836734693	-0.2086963753299274

drug_99.txt	-0.206839740389416	-0.9868326788174933	0.3135626928986742	0.5349386368011726	-0.06495828283295069	0.18035213651696078	66.44244897959183	0.9339353621783965

