	SScmap	SSfisher	SSlincs	SSlincs_Norm	SSpearson_corr	SSspearman_corr	SSzhang	SSzhang_Norm
drug_1.txt	0.3625011201147	0.6139784590596549	0.3165287195577595	0.7780825171395713	0.19905072935795076	0.19774893562774487	162.46430460074035	0.7425089655595445

drug_10.txt	0.241931973834121	0.30298964840379383	0.4533151139563494	1.0332921521962561	0.2854450637697386	0.23836040397522096	140.8164992067689	-0.25525045016204667

drug_100.txt	-0.12619916279427	-0.8038231660446695	-0.12421083284308235	-0.16113536136772627	0.14525447507964273	0.2480268281059477	139.0793231094659	0.4327788249832592

drug_101.txt	-0.0879066016360075	-0.7763650693666697	-0.10964465136209095	-0.10471676113913164	0.17226637217786084	0.22243737394604926	150.16869381279747	0.5815944730607674

drug_102.txt	-0.175275548216137	-1.2218781310561204	-0.08952668770000838	-0.10235126873164546	0.13548589600754465	0.2164327338944717	135.66842940243257	0.4596605850364675

drug_103.txt	-0.0344867314412995	-0.701787320167585	-0.07488351862473025	-0.03653620860575124	0.14275411322763873	0.2519059836392597	119.50766790058171	0.0006715896738902247

drug_104.txt	-0.0980413994393026	-0.82112494340045	-0.11736777522034925	-0.14729128189179863	0.14470216186122856	0.2940984424536406	176.45425700687466	2.2474739981046943

drug_105.txt	-0.0785706056300165	-1.474838753223871	-0.06338768642719633	-0.033856776313417214	0.14445497264643414	0.2578806917726175	131.33844526705448	0.21619545475607657

drug_106.txt	-0.186308998041399	-0.8726216642271424	-0.04349991425343258	-0.04101506129496546	0.1344017459026772	0.1921776162496325	147.75304071919618	0.8311891636147634

drug_107.txt	-1.56008295249434	0.7579878911695525	-0.06702103239706406	-0.0391918228080978	0.1671372907340463	0.1746151381159387	125.20518244315177	-0.6020320226096931

drug_108.txt	0.0767464188332886	0.7766433149553518	-0.057863496948238335	-0.05627946556371266	0.11427009510352448	0.1268696415860632	88.3553675304072	-0.6070024545067019

drug_109.txt	-0.156903106878144	0.8331948961399913	-0.10482446711149854	-0.07888202344711681	0.12502929659059248	0.13749746496500045	119.60973030142782	-0.20104248475259218

drug_11.txt	0.352965423659383	0.49190284117749994	0.3734851835222748	0.8171981595517595	0.2309225739996678	0.166157074465909	130.17662612374406	0.1465251521419367

drug_110.txt	-1.88507239141288	-0.73190663508662	-0.12313702650821179	-0.16117580666221526	-0.13539640337196018	-0.03866570572053933	76.82866208355368	-1.2141065169727163

drug_111.txt	-1.87139291063405	0.541509002344262	-0.10653897425912107	-0.10541820343471553	-0.10898725396947966	-0.023071208454376973	120.24695928080381	-0.6511503709441775

drug_112.txt	-1.78127808287569	-0.5782886939657106	-0.18164053091985763	-0.2485036749508096	-0.10967371405496765	-0.0023339188253832673	101.48016922263352	-1.0105115411555319

drug_113.txt	-1.77214178731902	-0.6232385408272136	-0.11795410457006267	-0.1564182541100465	-0.13020317163036857	-0.028376066612467138	114.96404019037546	-0.7399634136013992

drug_114.txt	-1.80384423364953	-0.6940485935340854	-0.12925178910960086	-0.1759006648857766	-0.11789933666455084	-0.024079877087962765	116.84029613960867	-0.14525459490045112

drug_115.txt	-1.8935097353969	-0.49284061912664934	-0.11507602160311894	-0.15556000911713297	-0.11531692776199778	-0.033360437052420956	74.90586991010048	-0.8863975765429071

drug_116.txt	-1.86999500748877	-0.6574950583050324	-0.11061714191429944	-0.15553747554146435	-0.10553405116712923	-0.035588002006636664	113.34637757800105	-0.025459582340787372

drug_117.txt	-1.92735896155766	-0.7896212090865653	-0.12429867587641949	-0.16630736693980452	-0.13773934490607045	-0.11200158181356293	78.84452670544685	-0.749859028281442

drug_118.txt	-1.96994508237644	-0.7090088433889052	-0.1141025688541254	-0.15097705812301537	-0.10124632006154016	-0.060382921437490085	101.99947117927023	0.12429700434187493

drug_119.txt	-1.79805292061907	-0.9497351884102172	-0.05818650051980681	-0.06980185635872832	-0.1059332804862184	-0.12533204748646698	115.98043363299841	-0.11655176761977215

drug_12.txt	1.77999155113484	0.6553769850978765	0.36618255680799	0.6966311027978753	0.22995381772089143	0.17767736891804006	92.74563722897938	0.10880765119868503

drug_120.txt	-0.118322516225661	-0.7592539519719825	-0.15979936565139696	-0.2692575695183863	-0.11441654158447646	-0.05252015995758044	83.91538868323639	-1.4596709368958218

drug_121.txt	-1.76934598102846	-0.6541043802433673	-0.1843253143432491	-0.24453378960200234	-0.15112166582418973	-0.008806410659553891	81.35959809624538	-0.1935210569713837

drug_122.txt	-1.97603594608088	-0.5778877092501	-0.1578651522704867	-0.235358153922531	-0.15225824724386458	-0.14405494751301073	78.71179270227393	-3.739899720157516

drug_123.txt	-1.95976035946081	-0.5019259310392653	-0.11639537551335183	-0.16251661089227742	-0.10025658300933675	-0.08793928681022525	108.18350079323109	-0.6928672413440484

drug_124.txt	-1.89206190713929	-0.441491078773248	-0.13909765631537152	-0.18343715624505458	-0.14953860920900813	-0.11758829846698998	62.01480698043363	-1.3691150451364453

drug_125.txt	-1.80169745381927	-0.5655364065292718	-0.13064120286957814	-0.18778094552935354	-0.10396620556292933	-0.07829236786967507	56.62665256478054	-1.3613315454792836

drug_126.txt	-1.84208686969546	-0.716077202170168	-0.13863604342264635	-0.20605923106619745	-0.13288943321536167	-0.10316158796495062	84.9613960867266	-1.1318300023835544

drug_127.txt	-1.77948077883175	-0.7688373145423497	-0.18307053474582458	-0.2797465433057099	-0.1384152873388307	-0.09053821627566616	100.3474352194606	-1.086175069013714

drug_128.txt	-1.96305541687469	-0.7612359816723276	-0.14762110424332991	-0.17837531398109557	-0.1390339502400918	-0.06436842033187716	119.2221047065045	-0.15116317181097685

drug_129.txt	-1.95441837244134	-0.548048281955671	-0.12319281733143309	-0.09755678177309307	-0.12794426226058586	0.004349228901350103	115.6795346377578	-0.8484342711770728

drug_13.txt	0.220613950868569	0.6697989902965455	0.44084571705195047	1.003722282357392	0.2748616721492981	0.1708249561822417	116.75356953992596	0.47018424357830996

drug_130.txt	-1.81193210184723	-0.6760812202974789	-0.12350019248787614	-0.124418874887532	-0.05406646733144413	0.04529321842026864	113.46430460074035	0.2270805911026033

drug_131.txt	-1.91432850723914	-0.4681694281070331	-0.14849599790842177	-0.19222570827417806	-0.15707151176512546	-0.09619458613255807	45.83236382866208	-2.4857288147050296

drug_132.txt	-1.88507239141288	-0.6544405730149295	-0.13061390326655592	-0.1536596741924991	-0.1186956261709002	-0.05484271565848789	93.04653622421999	-1.1262040211066908

drug_133.txt	-1.86844732900649	-0.6688361366388262	-0.1675217963372904	-0.23085540335178922	-0.13938958041179844	-0.05863971048775459	97.21575885774722	-1.3601194492827628

drug_134.txt	-1.94987518721917	-0.6568954281420224	-0.112642978660624	-0.1426681086144097	-0.09727875528563856	-0.026173888212034563	161.3786356425172	1.3219160048020437

drug_135.txt	-1.89620569146281	-0.5536767715389069	-0.10805417210642762	-0.13283620199393997	-0.1284023137641544	-0.07489160010617493	127.8783712321523	-0.17525958596345464

drug_136.txt	-1.781777333999	-0.6644097164976696	-0.09936638102780992	-0.10443877684742187	-0.10330367542151919	0.03134627171582818	136.32681121099947	0.008731778436391151

drug_137.txt	-1.86015976035946	-0.5302543833774249	-0.13377717406708703	-0.14822310802778188	-0.17269544532400022	-0.14854862887467818	90.76890534108936	-0.21765730988752618

drug_138.txt	-1.83944083874189	-0.6669129462365732	-0.1425335363637212	-0.19502454130654012	-0.12482815323433323	-0.027450068003087292	111.46483342147012	-0.24694255301691145

drug_139.txt	-1.94433349975037	-0.8682889600776623	-0.11136775054093384	-0.15768788575422732	-0.11975810342016585	0.029755090410456195	124.07191961924907	-0.0013622292457118967

drug_14.txt	0.176330376230526	0.4282299743288084	0.4164470399316006	0.8881565732070711	0.2886540178662509	0.22013907531578186	140.06398730830247	0.8027817523502564

drug_140.txt	-1.86230654018972	-0.7542865392255307	-0.0970257004673328	-0.13126621539847882	-0.09497119332719467	-0.004402268278195836	128.70861977789528	0.6540208176538712

drug_141.txt	-1.86754867698452	-0.5188249450720785	-0.052990348379342966	-0.038355253503900844	-0.08269792154009373	-0.08926052295235613	70.18826017979904	-1.7102280191513488

drug_142.txt	0.173834120613951	-0.5526186918452852	0.010084661163448111	-0.2497787019341996	0.06266787546672103	0.03730032223144179	54.79799048122686	-2.0021047460625754

drug_143.txt	0.265446701742258	0.7253716461839423	0.06757525581032431	-0.0384844135438398	0.09298699746718589	-0.03919444491853035	45.348492860920146	-0.8077249686112495

drug_144.txt	0.268342358257486	-0.6873818751130722	0.0074311579913954595	-0.19555816798443765	0.08198462618488579	0.10422129653147501	26.205711263881543	-1.9450542184338757

drug_145.txt	0.220663875980901	-0.29355247930155653	-0.08294716372637795	-0.4060085627300044	-0.01730723115077485	-0.08877012119386063	4.1480698043363295	-2.6018452724465964

drug_146.txt	0.150269467593482	-0.6603055222078182	0.032713534720668125	-0.009298053943812556	0.05646197670024411	0.044803697820221595	41.77313590692755	-2.1797053831139874

drug_147.txt	0.14987006669483	-0.7247216627661817	0.06723219938686964	-0.07120062719222403	0.07273307200007238	-0.014321841254229958	28.289793759915387	-1.9087460119682773

drug_148.txt	0.352965423659383	-0.6908953966577274	-0.00660049935052473	-0.11981714229451756	0.07545053745447457	0.10064844863108165	51.68746694870439	-1.319681058501391

drug_149.txt	0.213125184018844	0.6864291298888054	0.01170310926681567	-0.00863091246382136	0.08921865786232316	0.13860003299526022	88.74775251189847	-1.4133345278891083

drug_15.txt	0.256947911466134	0.4103814672486734	0.3394160083884562	0.765408192982178	0.2574463968898339	0.1656274057554662	106.25700687466949	-0.5386529260951857

drug_150.txt	-1.3049438662519	-0.5458666300032439	-0.015174929030212558	-0.17616094279577033	0.03062463251080247	0.018379016738824368	78.95240613432047	-0.5148479409771943

drug_151.txt	0.249720291357835	0.9290888562637116	0.005778757445820515	-0.23049314093890738	0.06943760718088673	0.09956459326646741	76.05499735589635	-0.8637790305090929

drug_152.txt	1.45043588463459	0.7182407918613081	0.12195440457017118	0.12992634687374754	0.18954713719569843	0.16032809243195253	115.26388154415653	0.3823422245214953

drug_153.txt	0.286664874483147	-0.5785959790217262	0.0037651976711204627	-0.21501780187236996	0.041452773855164736	-0.02380797701470188	49.37757800105764	-2.61656070129111

drug_154.txt	-0.000883290448941976	0.8370778076625732	0.04859031891577473	-0.17234983559098072	0.10485452752595555	0.09474652467447138	87.89899524061343	-0.2226706088408853

drug_155.txt	-1.3150786640552	-0.5812554613196234	0.006514929732793551	-0.19379233171623755	0.049084197096850496	0.01562481250130602	0.033315705975674244	-3.1790292883675635

drug_156.txt	0.274433221961929	-0.5794489430422433	0.39544822101541655	0.9118448449922585	0.0909396554958779	-0.0013497425401486102	34.83553675304072	-1.4220138714099637

drug_157.txt	0.300144654812653	-0.6066756004960192	-0.005012406433139743	-0.2001685940402257	0.06209577819300393	0.09699960834998893	61.584875727128505	-0.589138854848196

drug_158.txt	0.390109707234021	-0.46715896117643047	0.035542334650716156	0.11626383630095227	0.07224317626919992	0.020834175724730085	79.06345848757272	-0.899285077075082

drug_159.txt	0.329201070189588	-0.5360497117823364	-0.062314338533337205	-0.28856533421652253	-0.005942922313121069	0.022581387411937437	67.29613960867266	-0.6028077160124308

drug_16.txt	0.191845564985855	0.26205574434835466	0.40286359527191373	1.0449118396338242	0.2687738391171488	0.16664040686801002	109.86092014806981	-0.7310153623807942

drug_160.txt	0.295501619365823	0.9931377973512123	0.020461186093480382	-0.25687990912600756	0.06776631298250824	-0.015857269706624294	57.30671602326811	-1.8219215436888447

drug_161.txt	0.269041309830127	-0.7380969013217478	0.0010881625191399846	-0.1744642805804501	0.007544958225271403	-0.042425338351003795	51.13273400317293	-2.281478328063651

drug_162.txt	0.246974410179602	-0.6612557787125747	0.009652439144469394	-0.13843115048389343	0.07232452834979607	0.06496214417915876	27.946589106292965	-2.653461022886365

drug_163.txt	0.170089737189088	-0.6113967461114584	0.051559521831027216	-0.1309600655864821	0.1318493762700258	0.07436238832371894	59.973030142781596	-1.907322109775555

drug_164.txt	0.251567520514101	-0.5211247549875282	-0.01727794732522564	-0.3299604379496306	0.061036775043910634	0.020612560858231627	40.18032786885246	-1.3283905578888933

drug_165.txt	0.345876057708309	-0.7340638097529832	-0.32577660551798326	-0.6915225993734833	0.07440284723359177	0.1209243424878678	85.79851930195663	-1.3639259134707198

drug_166.txt	0.33758848906128	-0.727910920259677	-0.04822152553676426	-0.31936153845815646	0.03147453957397231	0.01694894915395907	41.35430988894765	-2.694267868829773

drug_167.txt	0.423110206485144	0.7121577182403108	0.042013779538939255	0.03982365831227497	0.1519771107360023	0.09644773341239317	36.60867265996827	-1.9540972056424484

drug_168.txt	-0.0108951956680364	0.9276034114313156	-0.03301332435252188	-0.3063701759288656	0.03739516552843495	-0.001138334887119941	37.74510840824961	-1.6987590558610024

drug_169.txt	0.123160131597476	0.774077941453394	-0.018611716966862063	-0.03260117392016382	0.01868928198687273	-0.06330557168697011	30.547858276044423	-2.0275454872743137

drug_17.txt	0.338487141083247	0.5626926359190907	0.34421763167833686	0.7509155303859569	0.2818861519280477	0.2595111846814539	187.73188789000528	1.537331037938464

drug_170.txt	0.256310406185594	0.8384596410417878	-0.42377137556495154	-0.8813716328942687	0.0327352542785545	0.0001058271237174604	71.89899524061343	-1.6603915646307985

drug_171.txt	-0.201148277583625	-0.6563177981061312	-0.13030601777227388	-0.196604575815567	-0.022674459208872667	0.0326722561369715	68.75832892649392	-2.646606575520554

drug_172.txt	-0.159998463842697	-0.8485529902664155	-0.1402466958689571	-0.19950619517158835	-0.006737747471280099	0.030603720439987922	91.54680063458487	-0.7522029700493547

drug_173.txt	-0.0180613694842351	-0.7243223160874006	-0.10784276267289117	-0.16007889359284838	-0.041005833167917886	-0.011855246760753642	85.33157059756742	-0.5374767931566317

drug_174.txt	0.00465455662659864	-0.6078587945873954	-0.11264045071633652	-0.14714151908881584	-0.004502572927471397	0.03725867572229844	80.87731359069275	-1.148243560811201

drug_175.txt	-0.226748339029917	-0.5167548420504273	-0.12219935459781675	-0.1672917822841341	-0.017875647784182644	-0.0622682284168905	59.795346377578	-0.9466739056271126

drug_176.txt	-0.0723299665885786	-0.7516170838948046	-0.12570805699824597	-0.16809636538767575	0.0004078444664819456	0.06271656091333509	65.8127974616605	-1.3196067733514965

drug_177.txt	-0.103882637582088	-0.8574541716867424	-0.10276743881067432	-0.11033569114140701	0.03507812087735829	0.035084148028897394	28.319936541512426	-2.61624941063864

drug_178.txt	-0.135585083912593	-0.9447194755704349	-0.1615470230260093	-0.23362460562100507	-0.025575020840326056	0.0028378331172273816	105.03384452670545	0.3360286583227344

drug_179.txt	-0.0321402511617189	-0.8320072259244635	-0.15731869609550134	-0.26426829162130955	-0.04356192951510846	-0.006020449697295473	99.53358011634056	-0.8304508426834796

drug_18.txt	0.0673873804677599	0.6091556221332832	0.3625081036543254	0.7635234263337831	0.2584032934337317	0.21425951868439308	163.03701745108407	1.373614051907192

drug_180.txt	-0.18066746034794	-0.7309614087372431	-0.11748870135683537	-0.14658137956725242	0.012708263477992424	0.04473692949716546	76.93072448439979	-0.6648070827495709

drug_181.txt	-0.0855601213564269	-0.5841622978423111	-0.11432151793042525	-0.15727456577014076	-0.026860222184654066	-0.009971402846997797	103.13590692755156	-0.5929857294554729

drug_182.txt	-0.106590114827758	-0.6778102983151341	-0.10514507867819578	-0.152629404264934	0.01203908350084336	0.06857991426153272	101.95875198307773	-0.40655499177438525

drug_183.txt	-0.146019432389877	-0.5336609224919089	-0.11680142147144942	-0.14373974891950175	-0.006876472321084185	0.015248212484214665	127.08038075092544	-0.3520919423113229

drug_184.txt	-0.160148239179692	-0.5619415974834328	-0.5280501929199846	-1.1048459568982172	-0.03681433805324849	0.01517551959950723	96.69063987308303	-0.2523736825139614

drug_185.txt	-0.223952532739352	-0.4208586662533246	-0.14847500579915288	-0.20761083246054518	-0.04741566309556764	-0.03521814622556669	98.8551031200423	-1.49863635327461

drug_186.txt	-0.19894005146127	-0.5512203764288164	-0.1737067788006354	-0.25018465385564526	-0.03133814025132495	-0.013234380612116481	88.12004230565839	-0.9535170936319193

drug_187.txt	-0.149763815814739	-0.6551621008241839	-0.4389338112925804	-0.9781345329001191	-0.04436285235652034	0.013580970655697569	131.2802749867795	-0.8061613530427723

drug_188.txt	-1.6636161142901	-0.7774687192907292	-0.1187645621315295	-0.19879401575602673	-0.010372676167289478	0.04219619149073611	118.54680063458487	0.08718892301434729

drug_189.txt	-0.043073850762318	-0.5227076401566155	-0.1492868480130755	-0.21412688086100162	0.0008732057392126097	0.0727227888545559	110.02221047065045	-0.4877418775244387

drug_19.txt	0.148061241471127	0.4458196434463592	0.29636045155494395	0.7305114800763909	0.2781575711999127	0.31497861538777683	178.15864621893178	0.830344880713613

drug_190.txt	1.80750028802949	-0.9826699557972104	-0.389400557277022	-1.0607928780022366	-0.006467916963790853	0.038960531301000224	92.32998413537811	0.07564516028378604

drug_191.txt	1.82257767195361	-0.5251636989186844	-0.3246602627266574	-0.8459461839353496	-0.047164384425336055	-0.05834331453030625	52.45742993125331	-3.717771707076777

drug_192.txt	1.81069549521871	-0.6872097427683844	-0.12235790415967457	-0.16907200074628487	-0.04079814418332766	-0.03914306011215093	64.29455314648334	-0.7222336721369951

drug_193.txt	0.0777449210799187	-0.7043649552491107	-0.09875452031232657	-0.12535151378847859	0.03984854888814969	0.045929657086595604	94.25753569539926	-0.1501535564901467

drug_194.txt	-0.104831214716387	0.6223000654276994	-0.10878732143712777	-0.14079651436646845	-0.012837183562518636	0.008142194084007534	53.23532522474881	-0.6493487010226475

drug_195.txt	-0.0538576750259225	-0.5826647519401811	-0.12075790111916801	-0.13180352219635055	0.012597454584776223	0.01660132495271442	161.25330512956108	0.49313817638571206

drug_196.txt	-0.174438342486271	-0.7780119175488187	-0.108342968482041	-0.1186448779606768	0.0453166144554306	0.07051303825309008	133.64569011105235	0.09962503610408101

drug_197.txt	-0.0554053535081992	-0.7997390849474086	-0.07989951952458665	-0.06624866477740887	0.02195111654154986	-0.02190409743275287	119.39238498149128	-0.7004168000448382

drug_198.txt	0.0873305426475671	-0.579068726352089	-0.10780858525616599	-0.16497242757415725	-0.023456981799395288	0.011880820413444184	123.17239555790587	-0.31987520673649994

drug_199.txt	-1.84119973885326	-0.3484796069701532	-0.024435296888620617	-0.004416677628629517	-0.03504630089771489	-0.11843692849652171	95.97144368059227	-0.7294989121350819

drug_2.txt	0.171287939885044	0.7434576757325697	0.29168156782790616	0.8682237595065228	0.22360429697514125	0.2445524132942906	150.7165520888419	0.28622036972270637

drug_20.txt	0.237688339285943	0.5682720629297698	0.273870201317821	0.7235686611812133	0.29345936268489664	0.3179727789029448	179.29772607086198	0.95261553822897

drug_200.txt	-0.103433311571105	-0.8082133396399652	-0.08909376484282572	-0.08731941684788624	0.05472665835480811	0.10302487913247649	105.9672131147541	-0.8596320287019026

drug_201.txt	1.67769499596759	0.75760997441523	0.05416782257116773	0.15925114039806237	0.13168892462894174	0.14227046311992886	140.67477525118986	0.9950174748153119

drug_202.txt	-0.10270747724567	-0.7607934069081848	0.030531969887970356	0.12108717713741968	0.1530789619208935	0.17858128281173158	166.73135906927553	1.8693841179426036

drug_203.txt	1.79621721264257	0.7377245654503881	0.02642841270920626	0.08681220468210177	0.15998030879391284	0.205832714014652	160.92014806980433	0.6367680491414002

drug_204.txt	1.70310687814432	-0.7353294101341739	0.06219722419839813	0.17075662830172933	0.17277305388613765	0.18903166849933611	128.9011105235325	0.8544408214091178

drug_205.txt	1.66161910979684	-0.7673696737806253	0.026393126950499973	0.09633763149103292	0.12372674352280312	0.152993833847625	149.25542041248016	0.8751155840031112

drug_206.txt	0.0069779945466415	-0.8607457267464398	0.047400975952368446	0.12346684556665288	0.19657770939612093	0.19619799123098744	158.87308302485457	1.1495018396090453

drug_207.txt	-0.0395522101463188	0.6854558040911414	-0.0511682187365006	-0.05127997913172305	0.07217358498827851	0.08857044057600177	109.69381279746166	-0.3158589417349279

drug_208.txt	1.84334651868351	0.6889637261729848	-0.006081882773855074	0.013875774112163342	0.10734626604487707	0.09330609274905609	132.10893707033316	0.025802214524166006

drug_209.txt	-0.0557279465417259	0.7612301735419094	0.036570271733742055	0.11848411784509905	0.11618019900185364	0.12480517119214653	134.15124272871498	1.0818778361609611

drug_21.txt	0.346924485067271	0.48734855005947103	0.3027914186122832	0.7944551056445195	0.29824966133636865	0.31214619125021714	193.61078794288736	2.1150834049038156

drug_210.txt	-0.020680517685011	-0.8943820062212956	0.00062528117884178	0.06583697526764104	0.11410232963753002	0.15059045922201852	152.61660497091486	1.412832490679017

drug_211.txt	1.67400053765506	-0.9445287192407177	-0.017422687807454484	0.0721203131495084	0.13759673212017803	0.15266718236105128	119.77895293495504	0.11205349392012923

drug_212.txt	1.79436998348631	0.6770665889579491	0.048135999254443645	0.14265196487712045	0.15316895735375502	0.16637150426039443	151.35801163405606	1.068607555007383

drug_213.txt	1.6065517108952	-0.7786741524516867	0.031056422951694446	0.10922831566345398	0.1408882787565487	0.14890621233261211	121.75515600211529	-0.1125424374902859

drug_214.txt	1.55507892008142	0.8974781933020952	0.10769553363429671	0.24493265077427295	0.24836990707847606	0.25660401930922183	126.03913273400318	-0.38994378663060103

drug_215.txt	1.78792964399555	0.6333966450850396	0.046596359040684404	0.1710979247127849	0.1128324082424754	0.08095614039473564	112.46271813855103	0.35513761824429146

drug_216.txt	1.6437958446945	-0.7441619940756476	0.022348021040006244	0.09693872879183474	0.08064045666331993	0.10156162471063686	162.613960867266	0.8053269620768733

drug_217.txt	1.40999654364607	-0.8527397749024396	0.04265838892591142	0.12828242810574947	0.1315280147783099	0.0649241702968929	107.0713907985193	-0.4727684116197613

drug_218.txt	0.13683321172088	0.3540875743352679	0.055546464746573126	0.13878122717181124	0.12303130271831328	0.13208851138529248	126.47911158117398	-0.17475574520993983

drug_219.txt	1.7273205576251	-0.6378239676841749	0.3777390978631304	0.7739596705698656	0.10545065458644565	-0.043477428841500645	89.83500793231094	-0.32017786073016785

drug_22.txt	0.489199534032285	0.8330239311471741	0.034092445091115864	0.12609717960113404	0.2126645995580647	0.2328922431637134	172.18455843469064	0.38178161713167064

drug_220.txt	1.75078536042091	0.46603590892960217	0.06637185854278102	0.14536315859635235	0.15042395141405523	0.10834851314469209	113.14436805922792	-0.6340648589209429

drug_221.txt	0.245227031248	0.40648497436919695	0.07881782680274216	0.1687305771501923	0.15327368828385884	0.07033894165444243	82.42570068746694	-0.7658010843559077

drug_222.txt	1.65687622412535	0.49782147685760214	0.05969162871259048	0.13075345661165116	0.12626350667413488	0.13832661431446122	157.0211528291909	0.8050028101088771

drug_223.txt	0.0959944698337111	0.900470572105876	0.07854577129405521	0.17433119822747228	0.15710630795551253	0.1130421056077889	147.0756213643575	0.49096967633781824

drug_224.txt	1.58595568186182	0.8668674972870977	0.0310191584915826	0.13804884559441566	0.10979415215014808	0.006555858202658805	119.08831306187203	-0.7440548486988653

drug_225.txt	0.109873651061869	0.4681003961145727	0.10195283342958633	0.2248802989312232	0.15402285097309787	0.07885609198420775	177.15230037017452	1.7496802532871272

drug_226.txt	1.82342639886324	-0.5215155864241627	0.362392722731523	0.8810232452448223	0.0410017246688977	-0.04904517516898051	92.80380750925437	-0.8953050404200021

drug_227.txt	0.0994393025845847	0.4661795356318687	0.044141758372858886	0.10556523059442202	0.1136643621406402	0.09367772441292145	165.25330512956108	0.3284859506072804

drug_228.txt	1.68243788163908	-0.8045599044383189	0.016190531727834634	0.05123664992820992	0.10163317651096522	-0.04079984766864842	88.21099947117926	-0.8081197775862289

drug_229.txt	0.124901109873651	0.46107893877100914	0.44796837689025953	0.9553156121285504	0.1608166665704404	0.014120874324589954	101.12903225806451	-0.6483251929132207

drug_23.txt	0.185666372236517	-0.9081896199991807	0.021713242408712613	0.11257653318959698	0.21533144817909716	0.19883763390023024	161.55737704918033	1.8193233851088721

drug_230.txt	0.0569530319904757	0.8451428084373387	0.04179316073034936	0.127118427844996	0.12569366224646678	-0.007750555080414034	131.18878900052883	-0.5934824197061497

drug_231.txt	1.6408886669995	0.6521610502967538	0.37725626674386814	0.8450934473846604	0.23029911990736068	0.1420924905697186	135.75938656795347	0.23487432109513381

drug_232.txt	1.53904143784324	0.5898312295703012	0.5837083879539711	1.1110822242773235	0.33497855521969866	0.1848422283073794	109.01480698043363	-1.0621999835942

drug_233.txt	1.78197703444833	0.7452187351731971	0.5411616313893476	1.0531703880191925	0.31820726765182084	0.25503367528278975	142.65891062929666	0.8405692182937445

drug_234.txt	1.76949575636545	0.45807079328640893	0.5403010884441855	1.0708279353145804	0.311588661910282	0.1842204563762747	181.5309360126917	1.365429322240865

drug_235.txt	0.226693293393244	0.3709145478999398	0.49014875500076016	0.9358910344642757	0.29495339538266413	0.21344748530323335	121.30724484399788	-0.0944426449318273

drug_236.txt	1.80309535696455	0.6292479857252147	0.5691755343901239	1.060616883016229	0.3231066451407359	0.09393273639379307	124.93971443680593	-0.3313786062364454

drug_237.txt	1.5919121318023	0.5718121749086751	0.5458521317776188	1.0532451036954764	0.281331503763937	0.09569067184071396	130.03543098889477	0.07516843425808571

drug_238.txt	0.374383296849597	0.30162837179797003	0.5089395916355347	1.127037817328465	0.30629978260391416	0.20276144809444407	158.8672659968271	1.4354210311451319

drug_239.txt	0.321412752665873	0.8749413320177244	0.4241776935257181	0.8355911454092262	0.2816668797173589	0.2825407604572195	163.59756742464305	1.5133501546029509

drug_24.txt	0.161818810246169	-1.0931648195770542	-0.01153421891622694	0.06548150991493251	0.13581132285973566	0.13231650869557823	106.64886303543099	-0.22965646198892956

drug_240.txt	0.300782160093194	0.2793015708821249	0.43368327884471486	0.9058788431087033	0.28647362808860666	0.26571667668144516	153.76203067160233	0.9695455802533861

drug_241.txt	0.216458645365285	-1.2687191708269236	0.03989360275022236	0.15758979050913458	0.2473300468604173	0.14484283314491062	132.50132205182445	-0.3463988464912228

drug_242.txt	0.393193543018805	0.588808015342754	0.09068200959460229	0.2289177904809721	0.2435330735719865	0.1755072979825304	131.0518244315177	0.10924208196989729

drug_243.txt	1.75977188064058	0.6758656003701108	0.320156153609611	0.8408571403345249	0.2190334547594413	0.1710519903274888	95.3225806451613	0.006156806204522324

drug_244.txt	1.75137294058912	0.3716370711499379	0.46834611431235007	1.0832584783055652	0.30350747590721966	0.234168848773911	148.72871496562666	0.7679734066470311

drug_245.txt	1.87868197703445	0.5121103061164258	0.3746754586159168	1.0156484097227354	0.24236999084707267	0.3004030452542326	173.8339502908514	1.1297163897740605

drug_246.txt	1.76102000844887	0.5722380553708433	0.3765510011389971	0.864709952382088	0.23916349056978206	0.1961317904926116	109.0	-0.5241943659941772

drug_247.txt	1.70868696954568	0.5662723469736214	0.40662457663883517	1.0444133525379495	0.2435965230755528	0.236555620731969	131.24431517715493	0.5961959412165037

drug_248.txt	1.75592764699105	0.5994710392382695	0.37405592389833725	1.080220606652355	0.2442436616411073	0.20191285192140948	106.96404019037546	-0.4773688902982576

drug_249.txt	1.80958562156765	0.4871470241814959	0.49111144366647896	1.3123580354502606	0.3250614491523352	0.273895342031365	140.2548915917504	0.24698703361284127

drug_25.txt	-0.147367410422827	-0.8461482710823638	-0.03128521792030603	0.06661690679356586	0.10328187616775153	0.11020905722983902	107.71866737176097	-0.4570555941051222

drug_250.txt	1.80029955067399	0.8043015771120504	0.38484659560448675	1.0236549273925262	0.26008455685482224	0.1857364873729383	100.63670015864622	0.2657400994207928

drug_251.txt	1.8808287568647	0.5922388092375959	0.45256526232182936	1.174906993092671	0.28335810238498754	0.20109077437878228	147.87784241142253	0.9782137173764536

drug_252.txt	1.87333999001498	0.5963811510760471	0.4691569294875194	1.1512294676973767	0.30504492523559107	0.2051196385853885	134.75991538868323	0.42580091300386946

drug_253.txt	1.80109835247129	0.6128905374850053	0.4578208084398179	1.1389341668054562	0.2982743256163338	0.2568636798163289	138.2548915917504	0.7201803630031139

drug_254.txt	1.78302546180729	0.6245074845408392	0.42733383807252	1.3634565591787324	0.31254623146015736	0.23015622234859082	100.7662612374405	-0.3683025563345128

drug_255.txt	1.76426514075041	0.18363213996658684	0.5552781843571626	1.168882478384547	0.38711590750130537	0.29653132521476244	180.3453199365415	0.7855188112834185

drug_256.txt	1.81269249971197	0.42223187975911525	0.5433051142089675	1.392847780802601	0.36763667320759014	0.28173392944747233	145.1644632469593	0.5521587029729651

drug_257.txt	1.80024962556166	0.6273189263520715	0.44243988837212417	0.9722945491484992	0.24564521062409236	0.164262950091235	111.7392913802221	0.049841805859423535

drug_258.txt	1.75077383924114	0.42433861027047143	0.06954454513196187	0.21199607833068546	0.24280956616154892	0.2097065405547333	122.75304071919619	-0.28906656648008133

drug_259.txt	1.76949575636545	0.4277248097850434	0.45982568668177054	1.0773487379322066	0.31145127904932274	0.27430871293342	123.46483342147012	-0.4802970815253561

drug_26.txt	-0.146069357502208	-0.9077573991924945	-0.04792973513363308	-0.03480459007270781	0.06021766380001904	0.08364096999223603	81.19354838709677	-2.035205732995791

drug_260.txt	1.7109335996006	0.6790807592648166	0.04748980702905781	0.17182356778949265	0.05718540611278138	0.04852059824313991	175.98519301956637	1.5628566383520064

drug_261.txt	1.77170398248781	0.6417559873285932	0.019684938426144882	0.11949836175527817	0.03408845910060463	0.008442472811549664	155.72236911686937	1.1425134030781205

drug_262.txt	0.0622450938976152	0.8020742402628961	0.32742977046640814	0.9626290786908009	0.053696868882373294	0.05946899087380895	110.83500793231094	0.21519933113577325

drug_263.txt	1.74828910480433	0.4753629009278344	0.025565926936699734	0.10018958656683913	0.05738141014681353	0.06676097390152946	153.57218402961396	1.0351707375512993

drug_264.txt	1.77405046276739	0.6706004699021243	0.467018955283775	1.2265828949446587	0.15707557583679865	0.06672909408274275	158.0983606557377	1.0157606445121556

drug_265.txt	1.71203195207189	0.30302968876514713	0.4050788433928759	0.8097996590515861	0.0814313589628896	0.08720071541412495	185.61924907456373	2.3639030833527226

drug_266.txt	1.85587772187872	0.6420264259345188	0.3406855412003086	0.809283287401599	0.052411728096380054	0.06198285250897466	135.31570597567423	0.16618020921619636

drug_267.txt	1.68044087714582	0.8318514701472217	0.06991419316212039	0.18151093505412014	0.07480151187679919	-0.0037160195591026198	142.6409307244844	0.7947170627287313

drug_268.txt	1.67199201198203	0.6412152284570031	0.3938972511326258	0.8909521143625295	0.10052331593320452	0.05460330946936226	133.2215758857747	0.5534195294329547

drug_269.txt	1.82053074234802	0.5866525722694477	-0.07097675673906895	-0.059675927426475095	-0.030416802159375533	0.057629453017980295	182.33527234267584	1.5540907024610655

drug_27.txt	-0.0253504358846346	-0.9185701758587989	-0.0054166365353569	0.030111627675600827	0.11711295157230904	0.09038843121887954	125.79217345319937	-0.08913688660209829

drug_270.txt	1.80046084719075	0.4479413961273155	0.06969773794816753	0.18518797007754573	0.05233525239851185	0.07711357025206483	185.33474352194605	1.8684734342467593

drug_271.txt	1.77874342332655	0.6019739713521388	0.391880484083323	0.8902497899849675	0.06514303927571662	-0.0450265216615982	129.3453199365415	-0.04963114627416694

drug_272.txt	1.57060563001651	0.9505603304038959	0.039072559727794526	0.15605457893218527	0.04709559940979054	0.036682421647712994	178.34003172924378	1.3184835510920598

drug_273.txt	1.74369599446983	0.48669439514602464	0.04502151262611673	0.15337948574162302	0.033639767210913434	-0.008892614813921418	140.73982020095187	0.28259366288640875

drug_274.txt	1.68084027804447	0.5573430912190636	0.0840653587294106	0.25015384603213886	0.034785983607293736	-0.04223328408641485	123.77472236911687	0.25497657435348875

drug_275.txt	1.36146933445985	-0.7586838798282083	0.01761260821994662	0.1065802548634956	0.016456890633970548	-0.004114493421366627	159.672131147541	1.2390091707188202

drug_276.txt	1.61478935442989	0.6373484197876536	-0.03877273225030442	0.009122197537617949	-0.04815757440964581	-0.0074320391182052395	138.14965626652565	0.043206050568697175

drug_277.txt	1.7528322900265	0.5567272343883917	0.045831044945788296	0.16841636211202182	0.01171940573876144	-0.01295574444036552	155.9249074563723	1.1161611876003077

drug_278.txt	-1.557275625024	0.7507968338083286	-0.03759876838305273	0.0331018410686541	-0.04389404247790203	-0.045547782595857816	143.4262295081967	0.5544026681779289

drug_279.txt	1.68478436191866	0.5883021656080494	0.366243063575997	0.8310895087860726	0.02632592403899022	-0.028300867978339438	162.87572712850343	0.830696159550642

drug_28.txt	-0.040677445370406	0.9537248146757265	0.00016672351201263425	0.044444194743030296	0.1230999232903541	0.1408699183781597	113.00423056583818	-0.520390770612484

drug_280.txt	1.69626713775491	-0.7873743694160988	-0.047144246736747275	-0.0302835035084833	-0.024934705923907174	-0.0037959519951963074	134.35695399259652	0.34313986661890505

drug_281.txt	1.81329160105995	0.7413245830490202	0.010306964815548325	0.08875783312884994	0.026524303595523206	0.02213567977905368	158.70386039132734	0.35820516788076895

drug_282.txt	1.52552325358117	-0.8146020086562923	-0.03220356608372371	0.0014617765504961189	-0.04387093905788712	-0.08334501011130162	149.52035959809623	0.49587100858774297

drug_283.txt	1.65561657513729	0.6184836404495042	0.06238891871092114	0.1823787559942721	0.07510356808878965	0.02383561117195823	167.20412480169222	0.9172905170794251

drug_284.txt	1.60949729252275	0.7932337573182424	-0.047643147143832554	0.005727082321527965	-0.03223220351112518	-0.025109675020793414	157.78529878371234	0.4521182784115717

drug_285.txt	0.00722762010829903	0.8036433182089895	0.33089854934405305	1.0692661168038178	0.05080136187471701	0.029150424990822422	58.53252247488101	-1.645064495537784

drug_286.txt	0.0843619186604709	0.723371179526769	0.36845393502777185	1.0973089714389457	0.1384977431342207	0.11873631660498657	127.5288207297726	0.4674223587987367

drug_287.txt	1.75143438688122	0.592941869699956	0.4604629632757852	0.9802528823116129	0.1283464466544863	0.027076021224477154	134.42517186673717	1.1587085589305461

drug_288.txt	1.77170398248781	0.6472894830397375	0.02073639750429901	0.09806900365643839	0.045451497331902395	-0.04071532989019679	144.31887890005288	0.37014632430541267

drug_289.txt	0.343679352765723	0.6944733187524723	0.39178799463152136	1.10879455507138	0.23095604058786573	0.22932232741284247	107.3051295610788	0.4833590289752557

drug_29.txt	-0.187257575175698	-1.6263000358971003	-0.035225229466429975	-0.009378830516379	0.11454562077752721	0.06674183986532199	127.36911686938127	0.09585936341330227

drug_290.txt	-0.0951956680364069	-0.929591152217953	-0.09116174719222234	-0.07993364666646308	0.07040724972371061	0.07161014344442695	118.7741935483871	-0.05766708076553003

drug_291.txt	-0.128756864702946	0.906908906251252	0.022533412227824845	0.08872963777941745	0.10516007034291242	0.1237267989483216	156.03172924378634	1.0305411495595787

drug_292.txt	0.0527708437343983	0.5824560978986572	0.02872439793009185	0.1013331860512664	0.1382434014510409	0.08565425083731537	109.79428873611846	-1.1404026869122865

drug_293.txt	0.0155267099350974	0.4915451685509916	0.07702948751943689	0.21569572069699766	0.13275603359209048	0.19591385975526024	173.13960867265996	1.20481495220446

drug_294.txt	-0.0190598717308652	0.6069113986803704	0.37194554855616346	0.9008590467530814	0.14522366267616357	0.13444027904896264	94.45901639344262	0.18139153718510415

drug_295.txt	-0.0760858711932102	-1.0447817649656506	-0.016701621068655637	0.018078340222308142	0.1078428051166255	0.07365681626078406	156.63405605499736	0.688698596247521

drug_296.txt	-0.0337993010484273	-0.8911885070319705	-0.0605169782827521	-0.06451537228580506	0.06848659575852169	-0.0006635395617222326	135.48281332628238	-0.21584785315337202

drug_297.txt	-0.0442835746380429	1.031479463192396	0.030566302685358704	0.1108128729870072	0.17739217535837848	0.18457262324408635	131.49920676890534	0.05837081675638591

drug_298.txt	-0.0677983025461808	0.6471412863191315	0.017680656478291312	0.08772405852335291	0.10387898823704031	0.11979812135888766	116.91485986250662	-0.2154910152167477

drug_299.txt	0.12191712431353	0.7507800391389199	0.36182274832755057	0.8151432135979744	0.13650518748430676	0.16688916219439986	117.30724484399788	-0.2599975354247245

drug_3.txt	0.197598474083746	0.6891880515151805	0.3316420607713675	0.8539840597267581	0.2589987322825973	0.2523420567946721	147.65415124272872	0.4646415191058046

drug_30.txt	-0.0102730519605206	0.796006859651254	-0.056400029190901896	-0.04000837713670907	0.10920033031154665	0.1731803819597822	139.6716023268112	-0.13935378434348958

drug_300.txt	1.80091017320174	0.7028199474331902	0.3408854282395313	0.8943295356463876	0.152603885187292	0.20776864521959088	111.20095187731359	-0.4858072877239078

drug_301.txt	0.115476784822766	0.5679223386091536	0.0797004081283143	0.19022556481820685	0.18211996890811283	0.23916938568485221	168.02802749867794	1.4384632618228825

drug_302.txt	-0.0367333614962172	0.4498026879151559	0.04844231592739512	0.13742604327781915	0.1414899495468667	0.16751285312497594	131.53781068217873	-0.2098296915286674

drug_303.txt	0.0907139291063405	0.943315007963241	0.04892128839098489	0.14283110794863157	0.11083647562772496	0.02046465057191514	121.23003701745108	0.053949400821435296

drug_304.txt	0.135197204193709	0.7848119087870098	-0.038367159532207096	0.036084412645914776	0.06696999411173611	0.15840227430553747	158.14383923849815	1.0666297165087675

drug_305.txt	0.0806789815277085	0.7637681563687156	0.35890085525458565	0.8799728365762873	0.1372194415105018	0.14840189539244816	152.02273929138022	3.904694835527794

drug_306.txt	-0.000649026460309621	1.2541797546056297	0.08587878583615	0.22270982410818546	0.17809002216548633	0.24100077927182983	179.97408778424114	1.2396891517461357

drug_307.txt	-0.10528054072737	0.7121617359860444	0.016944363854454414	0.09204305155093978	0.10525733891577914	0.13514120005275804	145.3707033315706	0.46617009282611943

drug_308.txt	0.0156764852720919	0.6150763561178413	0.0256440803134248	0.09965259910862012	0.13402680768611216	0.19596694574896167	185.09307244843998	1.6728046824802838

drug_309.txt	-0.0444333499750375	0.9556044051307164	0.01826806407873771	0.09237341282856038	0.13983991397426368	0.13528965494818607	143.28239026969857	0.6970740556887834

drug_31.txt	-0.21521563808134	-0.6061399228766323	-0.04641325064282731	0.002762262761475953	0.08880128375790314	0.11616210953178394	128.35378106821787	-0.8785784044318523

drug_310.txt	0.100399400898652	0.8888449757117878	0.0015284303422318235	0.0440230171870048	0.11411841756163187	0.11585400747670181	162.88630354309888	0.7157569590904884

drug_311.txt	0.00235800145934939	0.5285644687382497	0.07200843423028258	0.19266302058622892	0.18727456394354025	0.25127250852053	176.1835007932311	1.3207529099366841

drug_312.txt	-0.0862206689965053	0.5695220274448198	0.08063833971690579	0.1844965777126487	0.1635468468209642	0.13714218353497185	160.7334743521946	0.8550420840179976

drug_313.txt	0.017074388417374	0.5140337404375815	0.05338912831156259	0.12239347704296888	0.16184641365573157	0.05640161409170026	139.65309360126918	0.25718192569488413

drug_314.txt	1.84888820615231	0.7848167169197915	0.0219633145083884	0.1009065613011711	0.10883372017987461	0.09075776133969353	145.20518244315178	0.5058745221084424

drug_315.txt	0.0776335496754867	0.528256909105179	0.0043464431352862876	0.05353734623086576	0.12828428552460802	0.2465578977464588	173.71337916446325	1.1712261810805642

drug_316.txt	0.100810322977073	1.1804743791252195	-0.023528245858913666	0.023205609092020185	0.130194756344732	0.13714035661675103	137.70174510840826	0.6519602579387904

drug_317.txt	-0.0347978032950574	0.5447410605912418	0.3973693998038442	0.9756839853869252	0.2545778533602023	0.34021453620113595	182.7741935483871	2.2547653694573215

drug_318.txt	0.0209186220668997	0.4065313469559347	0.07316023031109317	0.18519992589814327	0.18522334884495226	0.2655626834915836	199.0851401374934	1.8198592902532122

drug_319.txt	0.0453819271093361	0.5274434319502669	0.1321416021968308	0.282316800255326	0.2782230927936078	0.37330735742492804	202.91274457958752	1.8094676018448042

drug_32.txt	-0.106540189715427	-0.7635336817057852	-0.009221662879035475	0.06773917183293887	0.12793363571144056	0.16945838163257312	107.84241142252776	-0.5183121769463501

drug_320.txt	1.72461308037943	0.2436545323349344	0.054130376570081934	0.1790978155925652	0.1784647799588667	0.12567904475835406	128.8122686409307	0.3398907839421012

drug_321.txt	0.19898485604926	0.5446852248619118	0.07805081717440965	0.22891964179975088	0.18484142532219952	0.11501961851854821	122.4399788471708	-0.007094233797684955

drug_322.txt	0.212864037277417	0.6710158414396523	0.12179711316303773	0.3143172748503844	0.2770601298233275	0.15962777623839752	109.92437863564251	-0.041935855314515186

drug_323.txt	1.62406390414378	0.6643045367866423	0.12053436368608433	0.26780098110877165	0.23314387248884846	0.15296094798135412	103.99894235854046	-0.9889308099315265

drug_324.txt	0.24816109169579	0.5139639411094942	0.1145298363166326	0.25703221721696334	0.24795057516899863	0.1856946439884808	138.77578001057643	0.21103557235479053

drug_325.txt	0.40133133632884	0.6532791948648217	0.1205509229643191	0.27795256412855845	0.28001674834714607	0.25610397387394	85.01110523532522	-1.5058180932183456

drug_326.txt	0.358207560454191	0.678583114434351	0.4585075860334522	1.0072735207437722	0.22083308639720364	0.14259882018689032	102.90428344791115	-0.4180973038714499

drug_327.txt	0.330587452155101	0.7193967416324728	0.4631941850764828	0.9292844104370453	0.21045286155411505	0.18700404165101397	113.02961396086727	-0.37981658928855455

drug_328.txt	1.61059564499405	0.62500904278813	0.07199977618774883	0.19038707720886672	0.20372389566857252	0.1000343875542467	151.01057641459545	0.6011664604144846

drug_329.txt	0.318122815776335	1.0544406204973837	0.022804136775815664	0.10620760533182472	0.1742983282505407	0.08401182231454941	103.24008461131676	-0.8353942034292419

drug_33.txt	-0.0166634663389531	-0.7346878422339866	-0.00274618837551599	0.09434639449673515	0.10517368491463501	0.09681817853074577	89.09836065573771	-0.6563100515640847

drug_330.txt	1.63190214677983	0.5473751694203863	0.10523520098968173	0.2413505041675098	0.3034825262382666	0.3096375007127637	179.00423056583818	2.3493619671819914

drug_331.txt	1.9473789316026	0.791844611190325	0.05231999267281945	0.23977176989819432	0.1671087008869215	0.15335744414913954	164.19619249074563	1.8085568511681183

drug_332.txt	0.29568979863538	0.7295846646601941	0.09612847352566772	0.2578862025144355	0.22668102134922746	0.19270900741857935	155.04177683765204	0.21264582383498745

drug_333.txt	0.337027791645864	0.6372887434843606	0.06562357979314296	0.18111497189763526	0.2234547398679752	0.1940906244578412	131.63299841353782	0.4607714361426691

drug_334.txt	0.453003827591945	0.8957469367143694	0.05561893590685346	0.17185735163162297	0.2326019380943325	0.2264523466467051	146.0343733474352	0.2901412899895148

drug_335.txt	0.294841071725745	-1.2129819984699206	-0.03899185441062136	0.028569851764016385	0.17141896179680755	0.1266288251584891	140.31570597567423	0.1288776345067195

drug_336.txt	1.71767348976535	0.7150960615986746	0.10990671568319282	0.23028211404609922	0.23011761223412422	0.10901489830944865	84.71655208884188	-0.6816167423375954

drug_337.txt	0.280612414711267	0.7047708412587373	0.08873796787656035	0.22619357354262537	0.22352310090691535	0.16475783193197444	106.42781597038604	-0.37524968226827676

drug_338.txt	1.63764353469795	0.5753862488405319	0.05782915267430244	0.18137766345953132	0.23054883239413623	0.16704281395844595	148.29190904283448	0.897053069934812

drug_339.txt	0.187552005325345	0.6586068947385486	0.08738278984541895	0.2418404139858335	0.21631254268546657	0.13292750091205743	91.54997355896352	-1.8280243518276098

drug_34.txt	-0.0286454932985137	0.8439583590490829	-0.014025396944719437	0.008140234228290633	0.09991110102893061	0.09442695019162196	100.29085140137494	-1.0025941336308941

drug_340.txt	1.78498406236799	0.5620068892970556	0.039830115458557	0.1094003607292548	0.21971713794917408	0.10168170017798198	145.81544156530936	0.5127417416452936

drug_341.txt	1.64133799301048	0.6342716677029403	0.10554302303678254	0.2763362102862804	0.25263981346747044	0.24855821927489452	164.69962982548915	2.609114363269943

drug_342.txt	1.85198356311686	-0.685611012389236	0.31319021571218975	0.915211954473097	0.0536380205132565	0.0124891930641727	36.272871496562665	-0.8403548704038498

drug_343.txt	1.62026959560659	0.9636539367372188	0.06398948537933274	0.17070550044396243	0.18942106575928988	0.10601112303448837	112.9074563722898	0.10234547172065865

drug_344.txt	1.62417527554822	0.9459590551709348	-0.04579515757120839	0.030004948819400523	0.21551151611445193	0.16180645094737697	153.55367530407193	0.5960184970549308

drug_345.txt	1.9155267099351	0.5671981743395248	0.40508218202077007	0.8702204308332862	0.2150702765793482	0.1284106759760091	95.43786356425171	-0.05461117108154785

drug_346.txt	1.49531856062061	0.5768852525103184	0.08697709792616087	0.20066645448977571	0.2767208185063742	0.17445339194096507	120.55314648334215	-0.4777259672020704

drug_347.txt	0.367532035280413	0.9095996025885326	-0.008953538172295883	0.060260529585382805	0.17386025267697836	0.11456640664779794	148.93654151242728	0.9688744558929827

drug_348.txt	0.40503731582114	0.6604383655582915	0.49716871540419144	1.0324853345764389	0.2989730310317639	0.24863460886133887	141.3453199365415	1.0443134932817149

drug_349.txt	1.89370943584623	-0.8174510641717211	0.32868696560393784	0.6609191970619808	0.05548434481913441	0.042384178828175884	126.61713379164463	0.895173793636626

drug_35.txt	0.0188332885287453	-0.789191294663954	-0.04414107654663563	-0.034107054601120734	0.05328502676501622	0.03597518213770253	103.7181385510312	-0.5084206638716022

drug_350.txt	1.82371442835746	0.7252397764069012	0.005713232845900196	-0.1709607923603944	0.05443115125579405	0.060038544802260285	99.80856689582231	0.7975207072025638

drug_351.txt	0.0765851223165251	0.8238224030072104	-0.4036139109855867	-0.9733987851388248	0.061928269237436724	0.04599599019272897	113.00423056583818	0.1296967189637754

drug_352.txt	-0.0265486385805906	-0.7320825909687352	-0.052623506982525325	-0.050218126218316395	0.021326337733587632	0.09571494444071652	143.90269698572183	0.4274490387815439

drug_353.txt	-0.0111217788701563	-0.5098043700153817	-0.3454502047956912	-0.8609906165954839	0.037552159839824226	0.06827114931332066	129.25436277102062	-0.3405911324855943

drug_354.txt	-1.80495410730059	0.6935780610346807	-0.3096498046817472	-0.853167592705669	0.019328852312718182	0.04881811220308101	70.2490745637229	-0.5220819924770932

drug_355.txt	1.84133799301048	-0.884195164037728	-0.02264392582958208	-0.003634115852135522	0.028764207207786916	0.052397441076332436	137.9925965097832	0.11848736211015447

drug_356.txt	0.0250124812780829	-0.41044949133731096	0.02061961176537236	-0.003997674443450727	-0.012429206719618145	-0.10463027953403613	79.70544685351666	-0.7932928648067262

drug_357.txt	1.82996658857867	0.6016619422093482	-0.05571883532681571	-0.05144259507107979	0.015840519566559262	0.02264604071279425	91.24114225277631	-0.2787862584785642

drug_358.txt	1.89011482775836	0.8233259819774007	-0.1491814624008143	-0.2553475360020888	0.0011083225414680366	0.011468696641684106	120.68429402432575	0.1739604777148571

drug_359.txt	-0.103794308537194	-0.6323458955831054	-0.4018595127500749	-0.93705700680985	-0.01697123338173723	-0.01393379878976282	102.79957694341618	-0.1810177305678898

drug_36.txt	-0.0393793924497868	0.8717289874663043	-0.09692329571281516	-0.1667054598066931	0.07439989899523891	0.06764609580693548	124.28027498677949	-0.06788468260809279

drug_360.txt	1.74783977879335	0.8044647614461786	-0.37806360941467754	-1.0081790148080159	0.025673664520825264	0.09140908189223211	94.22633527234268	-0.8985338293141132

drug_361.txt	-0.121905603133761	0.5508285214684578	0.002174541695981025	0.03686781834089131	0.06400751700232479	0.06066235594782672	118.9613960867266	-0.03292075788171748

drug_362.txt	-0.0561657513729406	0.70621709099652	0.3257082202714059	0.7239019436543487	0.08893632406373726	0.11703012020811282	115.5404547858276	0.21638045524781022

drug_363.txt	0.0260225047044819	0.6969518693693136	-0.02828446029024853	0.0050582072557774915	0.03300472040316753	0.012079490966030126	121.70068746694871	0.02963081302355304

drug_364.txt	-0.0295556665002497	-0.547668909999191	-0.33073736457288705	-0.7527111168047936	-0.00787532736230753	0.001510237005176009	82.44420941300899	-1.104602706963559

drug_365.txt	-0.0578516840124428	0.8467153930100915	-0.08971166941504755	-0.1284221286208324	0.013142430994358899	-0.005906511203453939	100.19513484928609	-0.705665136464746

drug_366.txt	1.75317024463305	-0.8262148476754217	-0.3667385834315363	-0.8297686839236498	0.039051436293798425	0.08270212893847818	127.16129032258064	1.1217780351390207

drug_367.txt	0.0415876185721418	0.7658342840484105	-0.06621159807984045	-0.07407545149719263	-0.006268321979237415	-0.0005032453491732055	140.50079323109466	1.207243876811857

drug_368.txt	1.76754867698452	0.8456288704432486	-0.05565799139871286	-0.010737354554859913	0.01248477157994241	-0.03747853521474136	109.34584875727128	-0.47842607316815267

drug_369.txt	-0.0845731402895656	0.7858255301311612	-0.3890317025522072	-0.8734492225449243	0.023091128555235325	0.050447215050089846	114.10523532522475	0.05222790284905528

drug_37.txt	-0.0729789930488882	-0.9838747212514484	-0.061802254016652125	-0.027919217987650513	0.1287723791031777	0.14836243384074763	119.9962982548916	-0.5351014590402897

drug_370.txt	0.0122815776335496	-0.5857528521525536	-0.13693543357985652	-0.1934541160307891	-0.04188705848735388	-0.08033384968643854	109.55579058699101	-0.26721435927076503

drug_371.txt	0.0331502745881178	0.7587360542239434	-0.3467183306233878	-0.8102435630027318	0.02563404437545102	0.06819912370742187	71.92755156002116	-0.50729466805256

drug_372.txt	-0.157663504742886	0.7598335803903603	-0.04434320748550771	0.0009937717093376208	0.044472099042331605	0.0004238417882817588	81.81597038603913	-2.187318647938148

drug_373.txt	0.0128422750489651	0.7339997024820248	-0.3685748001027193	-1.0560010100503199	0.05869698243138945	0.07638099857181295	111.4246430460074	0.8815684252002557

drug_374.txt	-0.0702945581627559	-0.7119771411837966	-0.12856516963019016	-0.21988272231626832	-0.043424815717926266	-0.014728502142791117	94.77525118984664	-0.30707729337465106

drug_375.txt	0.099800299550674	-0.859184656630274	-0.09270716959940639	-0.11490103503036897	-0.0014921831391076544	0.009375509223025357	96.76996298254892	-0.6925353433489693

drug_376.txt	-0.11063404892661	-0.7105777307159018	-0.14701473891787803	-0.19618636600356693	0.06652285532596845	0.09180254632812265	98.62665256478054	-0.08948086987759975

drug_377.txt	1.7854833134913	-0.4712692820590074	-0.008448200896485625	-0.2156232445837324	0.01319602426736527	0.007420777099273986	52.052353252247485	-1.848067752591679

drug_378.txt	1.73165252121817	0.6982839646248463	0.21060513320030227	0.6614606199312396	0.0998629207581299	0.14374276368226246	59.95928080380751	-0.4207822999697132

drug_379.txt	1.72567302891816	0.6191295990134601	-0.06501253268857277	-0.08099018825399151	0.06865852552718177	0.07411397182229433	97.68323638286621	-0.5740551226381158

drug_38.txt	-0.0301432466684588	0.8340189343001156	0.01062168623356069	0.05109259347620432	0.1599504031559619	0.16079682120419136	107.79746166049709	-1.0446692493735246

drug_380.txt	-0.09729252275433	-0.8055680278826987	-0.1003739376914497	-0.12707752330513183	0.08371438700361734	0.1373069227088418	137.78001057641458	0.510601485406308

drug_381.txt	-0.025999462344944	-1.1019611228652888	-0.1399074967630986	-0.15415488366140173	0.1256383064644127	0.22008573366982517	155.55050237969328	0.6781406591842476

drug_382.txt	1.83590767694612	-0.4753961268217335	-0.04108783639627023	0.030293719514451423	0.06429269725762073	0.035169470827221216	55.39026969857218	-2.656532038041038

drug_383.txt	-0.16439187372787	0.933668600747873	-0.03827302077493927	-0.0022923663959167895	0.1357238728328509	0.2372552056894015	139.15758857747224	1.0510956241249114

drug_384.txt	0.1172126425746	0.8864912259883663	-0.08791863951633108	-0.09787471889840044	0.06090051307544478	0.12233667248502836	92.45795875198307	-1.1943767209134741

drug_385.txt	0.0186835131917509	0.7238855000130163	-0.05692392767458396	-0.06070888903307736	0.1917565730819237	0.24829650399645944	192.56425171866738	2.5515165174106125

drug_386.txt	-1.61763508583279	0.8806708608654116	-0.09071564208179805	-0.0951534216653932	0.11341322751569938	0.10295479839682163	126.64727657324167	0.1438609391812768

drug_387.txt	-0.033937555205653	0.9801240673768643	-0.08656705930324285	-0.1134199845335318	0.06952458424994848	0.10832197014784135	67.89053410893708	-1.6305903184463366

drug_388.txt	-1.78598256461462	0.8605667557473349	-0.12742837531408013	-0.16196898750764366	0.07025645370534635	0.12042076382778542	81.68958223162348	-1.2194237690971756

drug_389.txt	-1.64848880525366	-0.5888041694663424	-0.10236388032400884	-0.1272853579805131	0.06531700166075424	0.02494941988056388	77.62612374405077	-0.6031188985000352

drug_39.txt	0.0284688352087255	0.7881958237267861	-0.02892831997441636	0.02768470918391297	0.17191088543131527	0.19453970998960496	114.61290322580645	0.0025732741632208574

drug_390.txt	0.0264219056031338	-0.8642012214034336	-0.053287684445536804	-0.06972754818523574	0.04505046902298923	0.07312303379888668	61.56107879428873	-2.450966447440861

drug_391.txt	-0.0463189830638657	-0.951244545252189	-0.08863135376769146	-0.08024799965008245	0.06491527653480657	0.12732166719900526	105.14066631411951	-0.8675380732815873

drug_392.txt	-0.0794692576519835	-0.750449766226094	-0.1109230294147669	-0.122660581969471	0.09439813149039532	0.15038660962050523	142.77630883130618	0.7338951299361993

drug_393.txt	0.0280195091977419	-0.5553811509126855	-0.12228227683445714	-0.10428964741916907	0.08183318358194396	0.1117135206115551	117.22104706504496	-0.8567305692836583

drug_394.txt	-0.0787703060793425	-0.7144720982851889	-0.0733595045354361	-0.07234447708187508	0.10056392063287498	0.15670359039877568	100.22633527234268	-0.4398512027883952

drug_395.txt	-0.0938476900034564	-0.6639982976527758	-0.09274436891316148	-0.09955665370921751	0.15456222182717774	0.21761443466242344	131.59968270756212	0.39707592231348854

drug_396.txt	-0.112369906678444	0.7652216483273715	-0.035386722531386694	0.04745348344847322	0.13272302634509456	0.2066024301599034	107.81702802749868	-0.014134104887880784

drug_397.txt	-0.126648488805254	0.8037425623237565	-0.10851053478032327	-0.10210702014139522	0.10499557927579434	0.14184010621460993	117.2781597038604	0.042745489472941406

drug_398.txt	-0.0717308652406006	0.9180852722983883	-0.08715486237005782	-0.11134468254799251	0.06655891035901663	0.07121106576403001	95.15970386039133	-0.5825778537579406

drug_399.txt	-0.125899612120281	-0.7208932727758539	-0.069145462443574	-0.0532547292370627	0.09458143970622845	0.09462074150159037	69.29243786356425	-0.6266038429882766

drug_4.txt	0.437189088162628	0.6538869644695614	0.3173384915899631	0.9094195612410416	0.23793024966239568	0.2210334925889372	149.95505023796932	0.2592349406099637

drug_40.txt	0.00939744229809136	-0.5450953169785775	-0.0766111951890967	-0.049820801556053285	0.05715457602838581	0.07476673747082344	119.9074563722898	-0.26253471751049434

drug_400.txt	-1.82702100695111	-0.7923681794202089	-0.09639717934088865	-0.09902428833283528	0.07185933410756383	0.0030522819839222705	57.884717080909574	-0.5709310056822742

drug_401.txt	-1.75797457659664	-0.9660216891057964	-0.07546551266068177	-0.12021786415865354	0.0881441441721434	0.15078273000576015	103.13907985193019	1.1133543001837773

drug_402.txt	0.159787242213603	-0.6868236518202937	-0.09196690882196457	-0.10872531172122163	0.0669113833052233	-0.04825323972645227	76.11105235325225	-0.4074744521286449

drug_403.txt	-0.131890625600061	0.713676508505611	-0.054659837037656256	-0.0344976651222903	0.08229020638771001	0.13358378456591988	80.05341089370704	-0.7141772695092412

drug_404.txt	0.156242559238066	-0.5002910872608685	-0.1016013962451959	-0.13894872881486497	0.06748458979632367	-0.010218509250522385	51.96245372818615	-1.3107860994801066

drug_405.txt	0.10093705595453	-0.3550395225690759	-0.06133348730578764	-0.04574372632759566	-0.011832562395209904	-0.028479117989118227	63.54944473823374	-1.6228110584621878

drug_406.txt	-0.0462690579515342	0.9060397611248989	-0.0858828467203846	-0.1185700233768256	0.10464055949476705	0.16177094514788032	66.47065044949763	-0.8249531200916698

drug_407.txt	1.84254771688621	0.7252131886418054	0.5067621000703961	1.4177787278014642	0.3459574762566779	0.22298461230677405	95.0137493389741	-0.956636573332789

drug_408.txt	1.85183378777987	0.18736716805649511	0.5759443253303641	1.218163281033071	0.4069827204097331	0.3599003421910996	158.25542041248016	0.798720136824579

drug_409.txt	1.67140443181382	0.3817558027307434	0.5939687713799806	1.390871908870537	0.3869037519279601	0.3213305312125426	151.06240084611318	1.5735429671078462

drug_41.txt	-0.101486232190176	1.0506107315534048	-0.020694341600108634	0.014453491148631148	0.13175685343459625	0.18029861676993433	114.10946589106292	-0.45807849284786

drug_410.txt	1.53640692806943	0.5601989917603587	0.6000759105757805	1.2817692195259278	0.403664150402774	0.30507336689443937	168.08038075092543	1.851765808990967

drug_411.txt	1.44066720432172	0.6714147089330477	0.6328649539745939	1.3454639326813191	0.3647893919842165	0.30312680654360336	131.1406663141195	-0.4254511965409674

drug_412.txt	1.76421521563808	0.4449057107303511	0.6501170690229132	1.242774731137297	0.39753423672448873	0.18695908365160935	146.50661025912217	0.27484854610737974

drug_413.txt	1.72402550021122	0.21147163770572414	0.5767057019602544	1.3719705682236643	0.3942708867708561	0.291521925448096	147.1872025383395	0.7728735772877295

drug_414.txt	1.68787971888321	0.47450003494132853	0.648970922243129	1.311878322443316	0.41362485177746344	0.2504965802197009	134.88207297726072	-0.2789716076327775

drug_415.txt	1.70849879027612	0.269881458124027	0.6228800240988133	1.2953816257631816	0.38891898230537575	0.1753867368780391	151.0676890534109	0.47547757753059205

drug_416.txt	1.57451643048248	0.6672603533777848	0.603631884865473	1.2624591350208387	0.3278047363764418	0.16366200157664246	111.0	-0.8130202009231063

drug_417.txt	1.72592265447982	0.6855491317072064	0.5577514145157344	1.0298267155269263	0.31091162688774615	0.14480103003201295	125.84822845055527	-0.7254245361684363

drug_418.txt	1.52309356478103	0.6860034675857914	0.5412498964645331	1.07309952951786	0.33189217389865	0.20448484312164125	155.17662612374406	1.1993552492465418

drug_419.txt	1.60435500595261	0.4469246014076405	0.5854266518221725	1.2326520351879418	0.37361376262165774	0.24491231527470858	157.3067160232681	0.37447050321534203

drug_42.txt	-0.161146741426322	0.8192594563010707	-0.03297971963383167	0.008590117971073119	0.09496477933835382	0.12604598527419555	127.31887890005288	0.2558593762449934

drug_420.txt	1.79307193056569	0.5113078239931358	0.5708099439338394	1.3416013311244108	0.40791575197019153	0.27315828732898684	72.55896351136964	-0.6328873648683767

drug_421.txt	1.7447444218288	0.5081193559015484	0.6291423311533895	1.1340127160348494	0.42984367781891947	0.3624765138678072	138.95029085140138	0.8633095515760729

drug_422.txt	1.71808441184377	0.6016271034389672	0.5354857755190797	1.066030634791883	0.33180405160102616	0.259055530437007	174.4056054997356	1.7106311965132441

drug_423.txt	1.80325665348132	0.43428855860566073	0.6539376527363698	1.288732050141766	0.3738696136607862	0.17611017480285596	137.33527234267584	0.4243121026011478

drug_424.txt	1.73061561503898	0.26311477604009453	0.5572441112943193	1.0641740113475806	0.31186743548109164	0.15593033221642344	136.23003701745108	0.4024764596476601

drug_425.txt	1.72672145627712	0.7025478655359155	0.4352721193113632	1.2291654057661798	0.3058919314189532	0.21533916545202356	73.32522474881016	-0.7682069650130027

drug_426.txt	1.76391566496409	0.45746946643680847	0.5560793741975882	1.3800730065858906	0.3626644107727657	0.20488263435420692	157.20518244315178	1.0359021647921733

drug_427.txt	1.7799416260225	0.37718204797886623	0.5854330388083542	1.1412459130931707	0.39073778905568474	0.2232579959776005	156.16710735060815	1.2061677370435735

drug_428.txt	0.0914512846115443	0.49724813529082357	0.5045894960303805	1.0843592966374302	0.29659267546157403	0.2275396423919005	163.45901639344262	1.4391073096117437

drug_429.txt	1.74888820615231	0.5323091536226071	0.5879462035697399	1.2567566718581713	0.3132659779436423	0.11914859842258091	124.40877842411423	-0.1274436143042707

drug_43.txt	-0.173178693498214	0.8773529065687196	-0.08974994978685652	-0.10108243876116135	0.09156899089654702	0.14799244055170097	138.22051824431517	0.8808713077395134

drug_430.txt	0.0274972157148893	0.6252539520541955	0.3790484229214041	0.9686263491890186	0.25252099972516745	0.20440603996051657	108.71285034373348	-0.08468145791593643

drug_431.txt	0.103832712469757	0.4677092098930734	0.5490859739770346	1.611869064630361	0.3103110436585744	0.20091101440678755	119.8937070333157	-0.1385400453955554

drug_432.txt	1.5257395957346	0.5042990658915614	0.6441379152411632	1.187459663908262	0.40321722247243497	0.33997066749909755	154.68059227921734	0.878950290935318

drug_433.txt	1.48145602109656	0.5873168093907699	0.5364826561296892	1.0123661868933502	0.3419040028489065	0.14026876721132772	107.8281332628239	0.23052463831800318

drug_434.txt	1.45408041783479	-1.0831644528794213	0.3528900327984377	0.7678083471553598	0.27183934897617723	0.12480982023049825	97.02273929138022	-0.0744407920931858

drug_435.txt	1.8163869580245	0.49322922019893545	0.6297796092146072	1.3673081822602566	0.4277685523567093	0.17053167010351505	133.22474881015336	-0.13294217474552728

drug_436.txt	0.0275471408272207	0.6801306851206499	0.08441856643574583	0.17220331411948786	0.25589465345438805	0.2758422440814328	111.2258064516129	-0.1784771711251899

drug_437.txt	0.138636916420242	-1.0065965920266127	0.08488851825414043	0.20535152924783828	0.26652080924432525	0.1946991252122132	135.50132205182445	0.135679497143858

drug_438.txt	1.82627213026614	0.4288191766810422	0.10864722040870514	0.34470017347098586	0.3166003075949573	0.29975375691105205	122.39925965097832	0.21581256502638707

drug_439.txt	0.350319392705813	0.7139438804714554	0.07206950520662378	0.16952492406309938	0.2202648572359426	0.15033056169506714	143.57482813326283	-0.19216546910023802

drug_44.txt	-0.0561542301931717	0.6611176718605714	-0.01648470023924653	0.0656027850569344	0.13330761920891662	0.18109569288297558	126.87625594923321	-0.07845537913217639

drug_440.txt	1.75757517569799	0.3715884742234124	0.12084840024819204	0.28698692198789266	0.3089573845749797	0.28519383324616493	133.386039132734	0.559880003672505

drug_441.txt	0.013667959599063	0.5839532326715091	0.35318694420838304	0.8377796283076768	0.20906002422476022	0.1996968012902306	81.98202009518774	-0.5344899794665608

drug_442.txt	0.254712802590985	-1.439820659616008	-0.02063729272623227	0.015987108180865905	0.2257498583191145	0.19735604558901743	139.88894764674777	0.5790234216017129

drug_443.txt	0.163200071687341	-1.2649359067613974	0.060223451809441275	0.21060227550818705	0.19922396798598907	0.22764493788458554	159.06663141195133	1.0068657383197717

drug_444.txt	0.325157136090736	-1.0554832274626782	0.09763360838191032	0.2970894299238065	0.2992767159055952	0.2583589374404423	147.71285034373346	0.4695413534691231

drug_445.txt	0.321662378227531	-1.2178485579982408	0.007356852892552723	0.09608439584063755	0.22478930691342036	0.24544630440917378	152.64198836594394	0.9473994788300573

drug_446.txt	-1.45559481290884	0.7483511357790773	0.07012094775824479	0.22274043149005346	0.19700576761287036	0.22780739412751957	158.06927551560022	1.4455738927171413

drug_447.txt	1.38408541034602	1.1443295540913152	0.03659241284356565	0.13468298453562577	0.2517652977980666	0.24300518155939982	104.9576943416182	-0.3849894371863064

drug_448.txt	0.296250496050796	-0.6789312470590159	0.024346847993617637	0.1358080920781703	0.11687446848733045	0.08337861362615542	104.40719196192491	0.4800233118996202

drug_449.txt	-1.43482596617894	0.827657817688647	0.049861543717489826	0.2205275774124693	0.18051007854519993	0.17073598258262662	115.56848228450555	0.5327496809566042

drug_45.txt	-0.00687814432197853	-0.9443064962307998	-0.049129656546630485	-0.041192661078438664	0.0847615708033202	0.1306159493271386	132.85510312004232	0.18814937785604224

drug_450.txt	0.353264974333372	0.4083560517612417	0.0725633202529351	0.20077684546040309	0.2817185096654185	0.28274946649950505	145.9862506610259	1.041967861818968

drug_451.txt	0.137888039735269	-0.8763543903848583	0.04289163214141484	0.12486186470396915	0.24192962373997287	0.20468914582899708	122.64410364886304	0.07733845638888909

drug_452.txt	1.62507392757018	-0.7838242424247446	0.08085991019066824	0.25781859019875975	0.22288966414787179	0.20814314231884257	130.97990481226864	-0.014363001455859269

drug_453.txt	0.329750246425234	-1.0339843731874165	0.04169790776535409	0.14588901507415813	0.22877282267946566	0.15468796928043144	126.01057641459545	0.12237118465065429

drug_454.txt	0.365596477079253	0.9154620811758649	0.12809061366358673	0.30235387292386445	0.2564620231195733	0.10797724411332348	89.49709148598625	-1.1791164140784665

drug_455.txt	0.175320352804127	-0.8778278488510423	0.08842571353385978	0.20749056489971823	0.26795735403559523	0.17615382098211976	113.86144896879958	-0.3248153567565329

drug_456.txt	0.317768219465673	0.931904197305019	0.11758883189084154	0.26909944700873406	0.25523421203795843	0.16260352706041822	95.409307244844	-0.6650917002516797

drug_457.txt	0.30139278262094	-0.8661989003515675	0.08531756284195208	0.2445606206669782	0.28314742620199146	0.21058750906550242	130.62030671602326	-0.3797984502662531

drug_458.txt	0.171637415671365	0.9873921275069223	0.09248114038516733	0.2518801877919429	0.24346199474784194	0.10510777010637493	113.8127974616605	-0.13672352002895047

drug_459.txt	0.397348848522089	0.8845632874783018	0.08076393054375355	0.18859903772257475	0.26958899429568695	0.197090353551337	127.011634056055	0.20039498184792537

drug_46.txt	-0.00163600752717075	-0.782110124516981	-0.05945062918467536	-0.08577541041789516	0.07959947747087796	0.112681497375182	128.3765203595981	0.7172558515465322

drug_460.txt	0.34557650703432	-0.9016506834825775	0.09168183148251638	0.20028999151150206	0.2720037063936303	0.18768485541745006	106.36964569011106	-0.5386092795255346

drug_461.txt	0.128851594403267	-0.9046566651178458	0.03825462406059163	0.13234606701272017	0.20210691098372713	0.10107060033369308	129.36700158646218	-0.06056266208019448

drug_462.txt	0.0836194426309255	0.8497318139826324	0.04851251954762115	0.1375432596651165	0.17374725280598352	0.09071210545560696	104.80645161290323	-0.9419838721262022

drug_463.txt	0.152982065363493	-0.7055697358025731	-0.0432894766928677	-0.0016818268817788695	0.17116010213511262	0.0857653897632402	84.59809624537282	-1.1851015882782312

drug_464.txt	0.253664375232024	-0.7558995337989632	0.08343638695794711	0.21869744592463858	0.268609301449096	0.18848193153049134	120.63564251718667	0.06578103278534626

drug_465.txt	0.25386407568135	0.9710110058084471	0.09810496384091216	0.23614613230544612	0.27812334576856906	0.1946991252122132	113.87678476996298	-0.7178587006532228

drug_466.txt	1.65413034294712	0.6093034772677193	-0.31779843795324847	-0.8227363239933039	0.00474901375561696	0.09204497115756938	102.36541512427287	0.19205706102096398

drug_467.txt	0.183689849840624	-0.674167913852424	0.29647831365571453	0.7537759601856631	-0.04800299460509622	-0.14474197069822062	42.59280803807509	-1.2181951279306724

drug_468.txt	0.0957179615192596	-0.8301162896062411	-0.09789344083122581	-0.14293802537761868	-0.04315595131539539	0.030033410900877834	105.6176626123744	-0.010814529899623799

drug_469.txt	0.0859825646146166	-0.6353753132674949	-0.09592020952722471	-0.09044052525337054	-0.06626006547673682	0.007362688033901269	99.93865679534638	-0.49404334397069744

drug_47.txt	0.056426898114367	-0.8032754834233669	-0.06182192976784173	-0.052320566332393736	0.10053557167253331	0.1814435146369059	131.26916975145426	0.18767146411339294

drug_470.txt	-0.144222128345943	-0.7925386475429959	-0.08410657398181645	-0.073183718914208	-0.1322057032326952	-0.16279367815459714	-4.2332099418297195	-1.7289886290047378

drug_471.txt	1.76810937439994	0.7047920448330625	-0.019048543933150724	0.05093844811014475	0.0012385258012071682	0.09338430937962545	138.830248545743	1.0255568137834008

drug_472.txt	1.61703598448481	0.7355122281556814	0.013006081387817364	0.09954585750033207	0.04391503909031491	0.10119222695226991	109.13484928609202	0.711854126628608

drug_473.txt	0.295950945376807	0.75835993288986	0.00022375700470955717	0.048174555166665856	0.0275353369774778	0.05111913283706772	90.27551560021153	-0.8989910926531965

drug_474.txt	1.61304197549829	0.7823254025615639	-0.027669477330359682	0.012988372740140641	0.03503549767417133	0.05016561533337112	56.64727657324167	-1.573632212611647

drug_475.txt	1.80305695303199	0.806422176373288	-0.026182673601689854	-0.011215350736438756	0.012781491530918634	0.0352318486509212	38.93971443680592	-2.991977519919507

drug_476.txt	1.57899304888821	0.8686921922003517	-0.316267527293017	-0.809703146453761	0.024961933068652284	0.059496791030051885	108.41353781068217	0.4404348300674675

drug_477.txt	1.71663658358616	0.8576035746468318	-0.3649554427967645	-0.9293912148585057	-0.02640203976252632	-0.03570393319397268	78.99312533051295	-0.4706607583580738

drug_478.txt	0.16185209365439	-0.8506414357635295	-0.035472573049611295	-0.05652277763222269	0.0159965204070466	-0.012077888380156932	84.3262823902697	-0.22304986077139405

drug_479.txt	1.5973654902262	0.7183955105277566	-0.31618471583037927	-0.8951626495588179	-0.0035277968024076236	-0.0030734647824634566	69.76203067160233	-0.7561216089136943

drug_48.txt	-0.0165252121817274	-1.0037934874357526	-0.06961546891640302	-0.06645132635441198	0.13471073529883612	0.12263308956816077	129.10946589106294	0.30197984356555535

drug_480.txt	0.296550046724785	-0.855055522276909	-0.45216139468168604	-1.0099275568086954	-0.0504051756688912	-0.012927174542593642	73.98889476467478	-1.3115013109997509

drug_481.txt	0.213574510029827	-0.37955156623926944	-0.013988610860294987	0.019115623601384468	0.01674573245645676	-0.03965043619538361	48.83923849814913	-1.6092413641926484

drug_482.txt	0.30269083554156	-0.8800621655095948	-0.14142830574117762	-0.21388476524024974	-0.050139290248542044	-0.0243146963442633	67.43363299841354	-0.5270871532169688

drug_483.txt	1.54055071239295	-1.0340337008881848	-0.15221210114085895	-0.2143906996799908	-0.016816944592465025	0.05021459177077988	79.47435219460603	-0.5886074934381048

drug_484.txt	1.65063558508391	-0.6725958923903894	0.030594680761411863	0.007970596910405914	0.024772282963789326	0.07290975278654295	157.13749338974088	0.907581762601551

drug_485.txt	1.70710088713084	0.7773772667124638	0.06298849435194356	-0.01411203762531743	0.05211290886367479	0.09017234045694418	108.80274986779482	-0.7141423926969732

drug_486.txt	1.63510887514882	0.6807075304392477	0.3303896884607562	0.7722897903743566	0.07145988006876326	0.09431877307398868	93.0058170280275	-0.45335249087648727

drug_487.txt	0.338337365746253	-0.7697324844827311	-0.3445551332905305	-0.7921735322830403	0.005165084264574642	0.04509514706683451	95.12480169222634	-1.1216284771138876

drug_488.txt	0.010445869657053	-0.6659363927527644	-0.19772495274032173	-0.3137363788718675	-0.057959309337537526	-0.008422737949319966	135.76361713379166	0.6796177446675791

drug_489.txt	1.49412035792465	0.6968310807469189	-0.014009287059223136	0.02881881828380206	0.04501311429372751	0.04402656575776769	104.73664727657324	-0.5497984252633681

drug_49.txt	-0.0995506739890164	0.8179501451795588	-0.04751007127756357	-0.06218363910966951	0.09397429617416321	0.09784045627585582	92.32469592808039	-0.3736347343160609

drug_490.txt	0.138786691757236	-0.682828513070346	-0.11900613479148642	-0.1650546150241281	-0.0214722010526761	0.016473352363620825	109.64833421470122	-0.40595230756291484

drug_491.txt	1.71883328852875	0.7331246333459701	0.3727892455309732	0.8305549751795669	0.06722333940668143	0.06701998277205311	117.57271285034373	-0.22029941313006537

drug_492.txt	0.0832904489419717	-0.7347784244376658	-0.0036318837003721516	0.06113227866930909	0.0037329930798240176	-0.013986779013298043	88.06398730830249	-0.24369117440880378

drug_493.txt	1.61848381274242	-0.8180221287134288	0.02102914783977014	-0.18211382867884152	0.06841938283443591	0.13727175917975462	143.02855631940773	1.0620521757588488

drug_494.txt	1.59661661354123	-0.6253859031815034	-0.016937041723566387	0.10157663258155225	0.011722674902644229	-0.010833018305886372	51.601797990481224	-0.09809668497886358

drug_495.txt	1.739052959023	0.9016900019890408	-0.03605959388359639	-0.022323874639676	0.09857047599561655	0.11815671066640367	137.0100475938657	0.2426884341212085

drug_496.txt	1.67769499596759	0.7713818326809648	0.022889988200181732	-0.09617865395811531	0.08551254550825005	0.16270226647666014	126.81438392384982	1.1906040750213893

drug_5.txt	0.260803666295429	0.5362052887514848	0.4052815984897793	0.932682590626803	0.25043629597177114	0.17081206614831593	153.87308302485457	0.7651172810420187

drug_50.txt	-0.00752717078228804	-0.5704564946738923	-0.029943602895303623	0.02983836924807215	0.09997458886651014	0.10699138530220013	110.28979375991538	-0.5257567377263545

drug_51.txt	-0.0923115327009486	-0.6552036246053875	-0.0364423084791739	-0.014521725815522135	0.11236608681401551	0.11965371732702541	111.32099418297197	-0.461054651053747

drug_52.txt	-0.0453204808172356	0.8348947439721597	-0.024003740403232332	-0.023775844626785947	0.10914192740522324	0.10901310218011341	100.58434690639874	-0.9425803867015987

drug_53.txt	0.0339605975651907	-0.9882996551401331	-0.008684378956949956	0.024702653752490145	0.12434422470207467	0.07107930918137215	137.47276573241672	0.22484682434481493

drug_54.txt	0.0162256615077384	-0.7945462859966541	-0.01168300971642905	0.033312420595381975	0.15805408917981856	0.11023677292200829	97.97831835007932	-1.396354923555012

drug_55.txt	-0.0798686585506355	-1.0417592262868793	-0.030394806527385132	0.030106314936840017	0.13660218019384462	0.08852991802230782	131.84294024325754	-0.12412481133245734

drug_56.txt	0.0407388916625063	-0.720960762573023	-0.06693817180934608	-0.0751573739581366	0.042267790458999685	0.02825083321505135	145.42517186673717	0.1427210882676233

drug_57.txt	-0.0848726909635547	-1.0009288198004282	-0.045546793140678055	-0.04222792478045945	0.11253870768654876	0.10427802843973757	122.0713907985193	-0.41126783271757944

drug_58.txt	0.0253120319520719	-1.084821222109869	-0.026658536778064457	0.0009937039806979797	0.12411426864406273	0.12236707418948799	124.13802221047065	-0.8246289436453127

drug_59.txt	0.0801797304043934	-0.8945482546300269	-0.05256154262388679	-0.016828790647457126	0.12514460652816572	0.1391260430458744	122.76679005817029	-0.693813057850701

drug_6.txt	0.320214549969917	0.5427123450250663	0.30975723098360763	0.9003757918153248	0.20777109034588528	0.2272774215859615	167.06927551560022	1.1810517000650222

drug_60.txt	0.0644533200199701	-0.8507337725867055	-0.042916032477385846	-0.022505680063356404	0.12348563691162374	0.09608475477661534	128.93654151242728	-0.7111038918176185

drug_61.txt	0.0227773724029341	-0.94305566821018	-0.0730682069193867	-0.07484916767471206	0.07980351037798357	0.06512056469910142	135.88101533580115	-0.26165661577498334

drug_62.txt	-0.0333000499251124	-0.9698516899589028	-0.0440341432537002	-0.001929801331893799	0.12186363124970695	0.06613142313805807	120.88947646747752	-0.30568448194570624

drug_63.txt	1.70710088713084	-0.7897049404562435	-0.033831299435509055	-0.0158434551197687	0.12387338622468458	0.15365048272140927	121.46800634584876	-0.8031435096739792

drug_64.txt	-0.0556050539575251	-1.1458714018671314	-0.07162272720827362	-0.0756394584696719	0.07434814470589489	0.06288603551824991	85.85245901639344	-1.6017251468629383

drug_65.txt	-0.117324013979031	0.5606700332556376	-0.08317408569148627	-0.13052827136900813	0.10464192158216579	0.0796450043746363	122.13749338974088	-0.3536610271143453

drug_66.txt	-0.0246130803794309	0.8488215945098767	-0.06768519665182093	-0.08552755101220089	0.11210585586775433	0.10140506235007135	97.12427287149656	-0.8727500021822995

drug_67.txt	-0.117823265102347	-0.704208985639567	-0.06814633752156396	-0.053628049210027506	0.11198276584963668	0.12082418499318574	120.18085668958223	-0.6583014696921379

drug_68.txt	1.7927109335996	-0.8724287578269313	-0.016092596702283746	0.04342251471454628	0.1285344263095977	0.168068516245475	108.96456901110524	-0.937627753078855

drug_69.txt	1.80384423364953	-1.1659380928730003	-0.034542296048854615	0.031555375119233564	0.16832678252994632	0.23404033015632938	157.82125859333686	0.7588610596704874

drug_7.txt	0.221762228452194	0.6457210211570494	0.28072242185302043	0.8323522680661829	0.2316178325960694	0.2329010626608265	169.1295610787943	1.098929221103812

drug_70.txt	0.113030454318522	-0.6793677484202189	-0.07008333647577833	-0.03908768250266592	0.10662789421977358	0.1328480801091963	116.84029613960867	0.15945505921744216

drug_71.txt	0.0841737393909137	-0.6645139470907747	-0.062440461955212856	-0.03641722566434796	0.09270818703356012	0.11582309587413711	126.32205182443151	0.3552461675191574

drug_72.txt	-0.0339490763854219	-0.53662199781629	-0.0721283110652981	-0.06132955143210622	0.05168953535662565	0.06940434103660613	86.41036488630354	-1.0357216627317143

drug_73.txt	0.0826375820884059	-0.5603428016832104	-0.07067313380732551	-0.07989318566657017	0.06829368166578449	0.08134859137215084	119.2934955050238	0.18199712862131387

drug_74.txt	-0.00988517224163754	-0.6851380194338236	-0.06769565198385868	-0.07073855106540528	0.09794914935063732	0.1222074649622843	109.67318878900053	-0.610144856432009

drug_75.txt	0.0038442336495258	0.6494183404406977	-0.033657232756721084	0.013755187302061933	0.15994314377282315	0.18142248825484958	135.33315705975673	0.6597390439133808

drug_76.txt	-0.0720918622066901	-0.7380839402587684	-0.022837272369025996	0.04521566517065345	0.1394356752041241	0.14753212901193485	148.613960867266	0.5526932532595915

drug_77.txt	0.0270709320634434	-0.9231766693724116	-0.07665643165062985	-0.06628458986654007	0.08690148334597099	0.15341312179306535	140.15494447382338	0.04882717223525868

drug_78.txt	-0.0923614578132801	-1.225364007368332	-0.020368013006938634	0.07512782781284133	0.1573386213786355	0.18227373746660253	152.9344262295082	0.383302688408648

drug_79.txt	0.168896655017474	-0.9134582879292289	-0.056966826648343294	0.011752570153826802	0.13793447756381144	0.17663421143873917	131.18402961396086	0.657444963826592

drug_8.txt	0.26349962236133	0.6405646303640609	0.3235021497063263	0.9362156755365613	0.20124034669094407	0.20694075312856872	163.0481226864093	0.6730955449622202

drug_80.txt	0.011943623026998	-0.8804132599795151	-0.020179717800456798	0.016278655236012796	0.1488284097205142	0.14551041213402158	117.22369116869382	0.008159731650659826

drug_81.txt	0.0772840738891662	0.9855628101813066	-0.024360413061151776	0.04072968611872074	0.12199852284689991	0.11348216054181645	108.07403490216817	-0.4499527103524836

drug_82.txt	-0.245769806828219	-1.0481279172147209	-0.09889683974004154	-0.10857407191392299	0.15872210544372337	0.15744910152941807	106.941829719725	-3.1778769334047

drug_83.txt	-0.13548523368793	-0.7730067023158388	-0.07457624745594765	-0.08020554158650178	0.11243976989992766	0.10290389986655975	144.54732945531464	-0.07059461888599748

drug_84.txt	-0.0378317139675103	0.7991555395718454	-0.07584821012991455	-0.08130785327319978	0.14825898808451332	0.17458856855749139	106.93548387096774	-0.48214889953634477

drug_85.txt	-0.0933484388801413	0.943636924663847	-0.10889295279903449	-0.10394731098381432	0.12885046909580114	0.1477001754087802	126.80539397144368	0.19704867964999656

drug_86.txt	0.0351588002611468	0.9718558360784687	-0.05047071270863468	-0.02821997960114908	0.12807234495144137	0.13348367973064398	62.91221575885775	-1.722153604558998

drug_87.txt	-0.051910595644994	-1.0606155916789408	-0.07808271506218356	-0.06750853600959039	0.15019348247167238	0.0697707290948788	91.6583818085669	-2.046335197412969

drug_88.txt	-0.0948961173624179	-0.9172694305041358	-0.07105822296136483	-0.10210115272474779	0.14950416519764073	0.16433271899681695	112.60179799048123	-0.5352593565878221

drug_89.txt	0.0533814662621452	-0.6460337748760085	-0.09059440517379286	-0.10216571097938393	0.13224457695745634	0.11241580179070858	61.859333685880486	-1.1167571817422735

drug_9.txt	0.146275458606961	-0.6353629219459298	0.4260023898287659	1.0635109339692308	0.2394264239466888	0.15925855194687089	130.13008989952405	-0.01449860773941142

drug_90.txt	-0.128745343523177	0.8348205849938364	-0.006746988168736978	0.09340420577485586	0.18701528975101275	0.24363959855294695	126.91750396615548	-0.5954995234602789

drug_91.txt	-0.123603056953032	0.9834912872220944	-0.05399753045413114	-0.02394560716571964	0.12335747424842054	0.06459059658549103	114.67265996827075	-1.4265336626158254

drug_92.txt	0.00450478128960408	0.9903106014320134	-0.021039528583399858	0.017763811541741892	0.1574123409388098	0.09740270101364269	119.71285034373348	-0.9107320717262254

drug_93.txt	-0.261246591650985	-0.8225141251897339	-0.11730594695084362	-0.12978632784568545	0.09644596763700776	0.08127627929042248	124.6197778952935	0.48407486094737634

drug_94.txt	0.0398517608203081	-0.8532340015789767	-0.05608784622290941	-0.06184306604962486	0.147030213352485	0.07163057335864174	104.69539925965098	-0.3781007115668929

drug_95.txt	-0.101985483313491	-0.8506163773399483	-0.11675965448707426	-0.1770432848610688	0.1637541220615418	0.1896509764962852	160.74457958751984	1.409352329016391

drug_96.txt	-0.157402358001459	0.8794186105114088	-0.05053290425888812	0.019047591373102635	0.1766079384377543	0.16998976570793395	111.10682178741406	-0.7325387522004881

drug_97.txt	0.00784976381581481	0.9951036443004215	-0.027420060488112685	0.003726327316155964	0.14912400825874028	0.023168345685732793	107.5039661554733	-0.19155186037885097

drug_98.txt	-0.0111717039824878	-0.4870668202217383	-0.10283465639490352	-0.14191232291420786	0.07609436387884186	0.10277516810260331	85.02273929138022	-0.448929489259101

drug_99.txt	-0.15974883828104	0.8881650316165206	-0.054442136849633505	-0.019278881445193297	0.17810685267424317	0.13029537527847893	117.7451084082496	-0.7129621500822682

