	SScmap	SSfisher	SSlincs	SSlincs_Norm	SSpearson_corr	SSspearman_corr	SSzhang	SSzhang_Norm
drug_1.txt	-1.26150335899659	-0.357491189612835	-0.5024764436550427	-1.228893564397904	-0.46136975650614137	-0.41687762395839395	-217.32802665679378	-2.9207040022904285

drug_10.txt	1.08869327587566	-0.6489381897615843	-0.2804626280991106	-0.6124332995870222	-0.16072386920180654	-0.07068556488127697	-101.25546094039245	1.6811770347217583

drug_100.txt	0.240540942971508	-0.927106443220362	-0.5697349768905131	-1.1089475968684044	-0.23001047451955117	-0.293419151503315	-155.28211773417252	-0.4184869886369509

drug_101.txt	0.0373439840239641	-2.9181668156420524	-0.35245308114580554	-0.6537879049168895	-0.23067010606970556	-0.14248681227330895	-151.38652350981118	-0.34246671356417424

drug_102.txt	-1.57651417610426	-0.9975506740140982	-0.4537927293419748	-0.8500872572342568	-0.22953653869602664	-0.06292627468600323	-94.836727138097	1.7612481232237778

drug_103.txt	-1.61435741125154	-0.27511071815534105	-0.6536848454787266	-1.1891414241398346	-0.36168328405072325	-0.4136595639747919	-122.96630877452796	-0.26397150981815715

drug_104.txt	0.129505741387918	-0.3353921603637181	-0.5715689226220145	-1.257216173755999	-0.20092934629549797	-0.14068468104443535	-88.00037023324694	3.239149718407263

drug_105.txt	0.318505574970877	-0.4975660016071186	-0.4241588175672738	-0.7596673022547978	-0.23270536609295916	-0.07141314351319837	-78.67234357645316	2.1018752535566576

drug_106.txt	-1.62693853955908	-0.8844017334926882	-0.4718617636526279	-0.9518142875120217	-0.27624392222543365	-0.14995525684124067	-142.75453535727507	-0.528848358540357

drug_107.txt	-1.4039896295907	-0.5956100113129263	-0.1535749619661005	-0.04358787776666351	-0.2407695454996235	-0.24407256773936972	-115.46686412439837	0.5902850706177684

drug_108.txt	-1.41926671396414	-0.4063331595544537	-0.4631936860352624	-1.0222886888582667	-0.2943035328934418	-0.23960745299761113	-92.73306182895224	0.7969109253641412

drug_109.txt	-1.35284967285913	-0.5934948277265891	-0.3966951054489263	-0.9093183746576163	-0.14368124385548722	-0.07602867429043907	-91.17623102554609	1.2500341638743453

drug_11.txt	-0.0254118821767348	-0.6914871869677732	-0.484404254059334	-1.1896470295828037	-0.3503710768364923	-0.20294464515966534	-72.81784524250277	2.5001306873963185

drug_110.txt	-1.48152770843734	0.9064041795084898	0.127826091003496	0.13837860597657686	-0.16466569986969898	-0.23967716125730518	-139.05775638652352	-1.795504751169097

drug_111.txt	-1.4472291562656	-0.8084734033116204	-0.0016061401179018053	-0.06080981056293555	-0.15199997898006012	-0.17319105625431286	-146.56127360236948	-0.35773919696184936

drug_112.txt	-0.10786977428594	-0.5423331471890462	0.07778521757935061	0.08791018594236027	-0.15630601396383131	-0.20056950339342808	-137.3143280266568	-0.5175264691682989

drug_113.txt	0.169214599153901	0.6864161793396324	0.13106941864435245	0.18055149470022558	-0.04349043308002465	-0.19344385812705797	-168.81007034431693	-1.3601096715191114

drug_114.txt	-0.27439104501143	-0.8699974913240592	-0.3187212827039333	-0.7704907182981484	-0.17557573944645413	-0.20837868842859847	-160.06701221769714	-1.9333508167290547

drug_115.txt	-0.0730719709908821	0.6228352951926992	0.41266777629939394	0.9366392420056846	-0.018913819530927484	-0.07192357896068652	-166.32469455757126	-1.792391064604855

drug_116.txt	-0.0885986809259794	-0.6148711272624634	0.02908374106829481	-0.00631522397333556	-0.08011946129123648	-0.1486557556629825	-136.60533135875602	-0.25764832153384903

drug_117.txt	0.0165751372940589	-1.200448407138275	0.00672242111241006	-0.04125247131547927	-0.1083889583572961	0.049247251871993615	-97.77230655312847	1.2753969660184186

drug_118.txt	0.0855716425361958	-0.5376721734621623	0.017461004196744956	-0.01655707321560229	-0.030032278435578704	0.10059574495549418	-104.86893743058127	0.8250512691770034

drug_119.txt	0.211582626060909	-0.8171741832898716	-0.37012203161868484	-1.0313453246125968	-0.17167930624791855	-0.036577464796643325	-88.88004442798963	-0.06795908931693437

drug_12.txt	-1.44762855716425	-0.7533409950327254	-0.59568224481394	-1.2064150686353954	-0.43873567431954974	-0.35128986120661815	-84.85449833395039	0.2912985243419013

drug_120.txt	-0.0454134587592295	-0.7819723511131758	-0.01746854906942405	-0.10627891247187043	-0.15855317428914512	-0.016698563198688815	-106.88930025916328	0.46318645959494603

drug_121.txt	0.0762356465302048	-0.6330879875413312	0.08523766683066669	0.08772547619733406	-0.08225185315813849	0.034416770673634856	-67.30025916327286	1.4150191546646684

drug_122.txt	-1.27743384922616	0.7530386203125855	0.06413265972972013	0.04565108230069942	-0.09800834265001822	-0.07054502924064017	-130.3924472417623	-0.5479536766702715

drug_123.txt	0.324047262439674	-0.6575658140941493	-0.2979991673267954	-0.5962189546628536	-0.12444314919209484	-0.03517219900227936	-66.13217326915957	2.263513002014108

drug_124.txt	-1.16623573411812	-0.6518564024545773	0.026368522925059673	-0.012433953871711922	-0.13819676623413535	-0.15637252038801275	-149.1169937060348	0.4566810526431109

drug_125.txt	0.263854218671992	0.9236429087820989	0.057642877498684575	0.057819670832348624	-0.12478949310944897	-0.002777949515493518	-104.29581636430952	0.9730065800999971

drug_126.txt	-1.28520114564995	-0.6015417469388584	0.017767690985259293	-0.026849498381145642	-0.19369381847425346	-0.18525836657768993	-162.95557201036652	-0.4944134140309861

drug_127.txt	0.278999921170875	-0.9685169701627645	-0.33609499042106206	-0.7485097170064103	-0.07121179896370655	-0.05593111072701916	-134.6978896704924	-0.13712239192886036

drug_128.txt	-0.0636860498725595	-0.9962484396784581	0.05021362720186304	0.02988820373856943	-0.06612301366651448	-0.06777176721381428	-125.43724546464273	0.16578092031247785

drug_129.txt	-0.00968547179231161	-0.8791829077435402	0.06785602671533547	0.06287530803138264	-0.06539980756252697	-0.026097493862595172	-130.05960755275825	0.43042768450908153

drug_13.txt	-1.42466300549176	-0.7486116037448307	-0.59651140440703	-1.344434574232237	-0.4267152250591799	-0.3442496771811023	-79.1462421325435	1.0610860161447058

drug_130.txt	0.154917623564653	0.6484554314824766	0.06391541248131585	0.05497802858797024	-0.05459135289436841	-0.027579078375196676	-100.12143650499814	0.6747843114232489

drug_131.txt	0.339890164752871	0.7346689768256071	0.10560198182985542	0.10862493518449029	-0.10198106353808149	-0.017562814159064574	-63.652350981118104	2.105462125524787

drug_132.txt	0.181795727461439	0.48199486375827516	0.06294484953874524	0.06080299751401724	-0.05594642037037258	-0.022655721604136026	-121.10625694187338	-0.09691301278521304

drug_133.txt	0.109853640591744	-0.8044150226237814	-0.04400248419272795	-0.1332201550809147	-0.10334658737652287	-0.07881720943599856	-120.94113291373566	0.12845248736500975

drug_134.txt	-1.56812675723257	-0.5374440284452986	-0.07603574086654263	-0.20976509171988644	-0.23090672704117482	-0.1959380391594761	-136.24028137726768	-0.22732851116029684

drug_135.txt	0.231702446330504	0.525900899561984	0.07424690234359199	0.06528862766208932	-0.0969631844789238	0.06772023596658643	-92.74676045908923	0.9556749089468681

drug_136.txt	0.16080878681977	-0.9844228970061328	0.01393262451091748	-0.0360421760638448	-0.07989045335407649	-0.003673180009114393	-133.95149944465012	-0.03257307048212373

drug_137.txt	0.113747799353601	0.9749188049065716	0.3901120615648298	0.9571861212878412	-0.012543619070689276	-0.035713187147439936	-143.8959644576083	-1.1843568150152064

drug_138.txt	0.01827259111333	-0.6307860742932351	0.02579027406375553	-0.007416863739196533	-0.13566428785705464	0.004352120907606512	-127.84931506849315	-0.7787563806202928

drug_139.txt	0.0111017684000315	1.0229123518473942	0.05003610932623692	0.051505115307804494	-0.0034510089410986935	0.08627742626399951	-123.51351351351352	0.2517191339625446

drug_14.txt	0.116223033870247	-0.9262687410442647	-0.3506461689585897	-0.7717923849756261	-0.376818170420996	-0.2912834397523592	-96.70270270270271	1.2956609474112672

drug_140.txt	-0.0654334288041623	-1.0986002975730407	0.08657043219640467	0.12182426830936155	-0.06514470499628061	-0.053784604441835714	-149.36690114772307	-0.7671656156574035

drug_141.txt	-0.275610268807315	0.6936712248520467	0.03141349911264754	-0.012900273184264899	-0.11660078242090642	-0.04500312957027057	-131.9537208441318	0.4930634397692849

drug_142.txt	0.155595554037365	-1.5290649349694043	-0.05461178013894874	0.15577047912280095	-0.009737183455083656	0.020271990322675546	-27.358385783043317	2.620236802890936

drug_143.txt	0.186149722784245	0.7870677375834962	-0.02848056164285484	0.18781320118158673	-0.010787262517435338	0.15768198416456194	-86.38245094409478	0.24444759173101324

drug_144.txt	0.122894605460231	-0.7196318174812744	-0.18650178773696663	-0.3870289323197661	-0.10723628115768978	-0.03635297664065243	-84.62606442058497	0.4665870350847078

drug_145.txt	0.276547459512486	-0.947986144911127	-0.14091519249448467	-0.151930070396319	-0.05736492022709054	-0.04391365514401393	-33.66753054424287	3.7165901668919674

drug_146.txt	0.116154715295478	-0.8842848472848724	-0.1717751550943214	0.026933178698726024	-0.07583256455116028	-0.0045364071020168985	-68.13661606812292	3.4860262957778843

drug_147.txt	1.32141787319021	-0.948043784405132	-0.007185482013554373	0.1905101517991189	0.004122546564381992	0.03420557327718531	-83.37356534616809	0.9404785126568127

drug_148.txt	0.292644366783158	-1.06954076731436	-0.030333551225458583	0.060724947532422746	-0.04213625652854313	-0.033140988452590905	-46.178082191780824	2.445243720085908

drug_149.txt	0.253681758064657	-0.6832112588931145	-0.09045517217750496	-0.041288265106878275	-0.09342812512663987	-0.09044342379380256	-60.142910033320995	2.0295424770557084

drug_15.txt	-0.110902943829869	-0.38300116353759944	-0.49472905971526826	-1.1439314234942823	-0.4112089214871383	-0.30773507410522644	-107.29766753054425	1.1839850405009518

drug_150.txt	0.253848175105762	0.7835407745812655	-0.06970905437819813	0.13646414605175716	-0.07031146061613265	0.024039871649463706	-48.65938541281007	1.7273399968880534

drug_151.txt	0.263184171111753	0.9246035344594367	0.03319607046460593	0.18523086619166662	0.010014016398209938	-0.02530512805206705	-72.11514253980008	1.1501067121224924

drug_152.txt	0.0603883648211893	-0.907151328398231	-0.14139814288155453	-0.19194091364828053	-0.11922783557166439	-0.019840474065437253	-134.38615327656424	-1.4703836143587958

drug_153.txt	0.291025742088621	-1.0054938943565308	-0.09127028146520041	-0.16799732276172286	-0.07398105986051876	-0.14396581156942542	-65.3557941503147	1.5313627262990404

drug_154.txt	0.0328796279265312	-1.29263713477401	-0.0886487944866951	-0.09881053285191488	-0.07802861037362026	0.006325501062853245	-98.93706034801926	0.3362958938118537

drug_155.txt	0.350557497087702	0.7040788555348405	0.10279098332936704	0.5631306650150387	0.026279063874491398	0.09396843282749291	3.3224731580895965	3.5051374521106635

drug_156.txt	0.302928939923448	-0.39503290104818756	-0.1183188510153336	0.017932127032202594	0.0026619618848591625	0.13039789020301376	-130.0162902628656	-0.708475561608684

drug_157.txt	0.262318802498007	-0.8741505711069477	-0.059635140918445156	0.04818456166275087	-0.07442593751023317	-0.10764649740862513	-75.51869677897075	0.864858083709143

drug_158.txt	0.305953350675741	-0.9668929361039664	-0.07161652226092557	-0.21187777093537769	-0.06941237797407349	-0.08715104515433346	-108.07589781562385	0.038543796182649845

drug_159.txt	0.335575583992432	0.6143064000175721	0.07462701083322812	0.4798654078033087	0.018888061853339307	0.05202579751496115	-73.76453165494262	1.9611495605147335

drug_16.txt	-0.914924980949628	-0.9873899893909326	-0.437380600178383	-1.0715361575712734	-0.3776350019755551	-0.25736158955761057	-75.40651610514624	1.6946578167431294

drug_160.txt	0.30597437177567	-1.1157881870962583	-0.126678521862076	-0.03731661794205232	-0.018440613893769293	-0.022603141565663728	-65.53313587560163	1.6746016257642655

drug_161.txt	0.249658845065735	0.9128009853461589	-0.1380319929701334	-0.2309619008902788	-0.09193632139646947	0.054818404083824726	-69.80673824509441	2.4355490231280013

drug_162.txt	0.295706440339491	0.7310976253825132	0.09361007825152189	0.41165243098812765	0.01730932904162894	0.07612552934128657	-25.513513513513512	3.3616405921337127

drug_163.txt	0.403024410752293	0.4905413959947136	0.4194535553367371	1.1474220420667665	0.06407453528276483	0.14248465007433755	-51.062199185486854	3.0543979616956842

drug_164.txt	0.239241138292561	0.7441321548097424	0.2593321754757539	0.7226662237445727	-0.14450030552426138	-0.0038877489740621078	-31.221029248426508	2.3514660571582278

drug_165.txt	0.302146779830255	0.6529524296770078	0.3426595749811555	0.718177383114539	-0.105599882526169	0.007868124097842107	-46.48167345427619	2.442497613115742

drug_166.txt	0.276663951441259	-0.9183040227310564	-0.01751656659311382	0.2516237432633016	-0.051649696572007145	-0.04952404490672906	-26.72158459829693	2.557504611978723

drug_167.txt	0.186898599469217	-1.3845804864663807	0.08115068428798242	0.17084010619206458	0.02655181040151275	0.03648903058211243	-39.29840799703813	3.1703329212467137

drug_168.txt	-0.0211393436161547	-0.90675107280014	-0.04272478193574847	0.06426795767464016	-0.08005583630466397	-0.07025771988543718	-122.0414661236579	-0.18819316876606734

drug_169.txt	0.260221947780084	-1.2437664258488337	-0.1044586077054345	-0.26933872562282096	-0.0477760004024279	0.06568025504780238	-48.202147352832284	1.8544240167016246

drug_17.txt	1.17413616417479	-0.46003605152371896	-0.41213467047367935	-0.9339438605459827	-0.42711851269373174	-0.3627076084062703	-145.0096260644206	0.6037186307615838

drug_170.txt	0.0771342985521717	0.9259079749701227	-0.006029229542165726	0.1329798764910199	-0.13677077865291615	0.0168469122209358	-23.626064420584967	2.8920857631921284

drug_171.txt	0.283225162256615	0.9830274797446596	0.054686299999950894	0.009996637622455451	-0.166115847234694	-0.03346609329192257	-20.18918918918919	3.9540519709702755

drug_172.txt	-0.441849506442091	-0.7677408563173218	0.0010936252114905065	-0.03762607079666369	-0.24033282952134483	-0.1085178209604316	-123.35209181784525	-0.18523231911839486

drug_173.txt	-1.30846624799643	0.7696887025374081	0.08873379174922391	0.09773975133378127	-0.16917949518887407	-0.11067891554570335	-90.05109218807848	1.0363746026189358

drug_174.txt	-1.49075947482285	-1.0147642288719068	-0.32389961218346885	-0.7164042113058777	-0.30827196557136693	-0.14420675439720512	-83.97038134024436	0.6329252734169243

drug_175.txt	0.292960559161258	0.9275115957478419	0.003912805467131797	-0.04031213222803459	-0.25533470779878087	-0.17514127974638077	-129.28878193261755	-1.3655052568409463

drug_176.txt	0.0446330504243634	0.7295643051106264	0.024826398593244953	-0.029798398076396226	-0.15684141715823088	-0.05853524256223496	-125.05257312106627	-0.38333229441493266

drug_177.txt	-1.66508132538035	0.9640389191748304	0.017646367338643693	-0.03133814053077161	-0.18555065819629968	-0.042017853293640786	-93.03146982599037	0.1100771268591846

drug_178.txt	-1.37658074292071	-0.4404600597569812	-0.35154582347339436	-0.6719288214750934	-0.2670083456110175	-0.16016798154842649	-130.62939651980747	-0.3642245906867715

drug_179.txt	0.21263105341987	1.0398622700304923	0.07383982172789991	0.06569004512554949	-0.22202417244574651	-0.08419007048622958	-92.23472787856349	0.7477770552241236

drug_18.txt	-1.47014478282576	-0.4378106044600461	-0.6190931560036554	-1.4021053009931412	-0.4455490700360972	-0.5281190690010455	-183.53720844131803	-2.51222782515837

drug_180.txt	1.34742885671493	0.9309777075969481	0.023638936978428393	-0.010963313297073007	-0.11284953189966235	-0.0033342859687349033	-118.21510551647538	0.6541829162425351

drug_181.txt	1.37518721917124	-1.0194086244004745	0.013077650410160069	-0.02536114619888663	-0.17096334558826445	-0.04492024152323411	-76.78674564975935	1.6332839854972783

drug_182.txt	1.34073889166251	-0.9878899445202829	0.003004729959344532	-0.06118145126739688	-0.22664611516395763	-0.11043193330738656	-44.626434653831915	2.570784085822715

drug_183.txt	1.35921118322516	0.8923930002497049	0.015892282370847027	-0.051768668193604817	-0.14197803601688538	-0.037942939403474034	-58.37097371343947	3.0713597543927613

drug_184.txt	-1.19503639277925	1.235905581495754	-0.030982108961417815	-0.12050849791983564	-0.23992450349409067	-0.055354894162746464	-63.13661606812292	2.043037753807617

drug_185.txt	0.498452321517723	1.069541526574472	-0.045383883811593195	-0.14870465064516536	-0.19710370654740064	-0.12519008891870398	-97.59311366160681	1.100208092413652

drug_186.txt	0.279630554168747	0.8178906268471291	0.003128716437580392	-0.053139698891438714	-0.2513634108392227	-0.13281469865484402	-130.59200296186597	-0.530483172771842

drug_187.txt	0.303777666833084	1.0136038629016682	-0.041811040425200396	-0.11859431258985614	-0.2208019328101581	-0.14473159165362828	-112.70899666790078	0.9258592298136675

drug_188.txt	-1.51011377670337	-0.8415066334166114	-0.3826941485670712	-0.8544821730433563	-0.3309343534660436	-0.24056070012053568	-126.2136245834876	-0.8915370644703501

drug_189.txt	0.279114661341321	-0.9340066718548077	-0.024404144935617128	-0.10615114049433094	-0.23271964506397955	-0.0681362249956394	-113.8407997038134	0.9053583154632938

drug_19.txt	0.973936463725464	-0.8693540882136634	-0.3328281262083289	-0.8522672941404639	-0.33582664887155017	-0.22507564296643037	-105.86560533135875	1.3080048373446136

drug_190.txt	-1.59234043671335	1.0333262647593813	-0.3302772316677347	-0.7823743880346739	-0.2716585041564029	-0.10956749547327786	-98.63087745279526	0.2095907329789038

drug_191.txt	-1.46165751372941	-0.48834881473039077	-0.3825680574891877	-1.0175310243907223	-0.08889868049989057	0.00966392646738423	-182.6923361717882	-1.7569726563655472

drug_192.txt	0.123664503245132	0.7658171881538741	-0.025842255473444653	-0.11702932670043087	-0.18786935276103578	-0.011175946283833922	-123.51240281377268	-0.8296819841716953

drug_193.txt	0.124812780828757	0.7494084221121757	0.02283843900570584	-0.01631447152925558	-0.2162245226007327	-0.20227845318143606	-129.45834875971863	-0.2846663973337107

drug_194.txt	-1.61815171978874	-0.6618394516182295	-0.3452064484123262	-0.7133434206731804	-0.2897297847525936	-0.2089469736159889	-142.7748981858571	-2.0290576178903605

drug_195.txt	1.26946247295723	0.5621733903466744	0.07116706473346199	0.06416228085992337	-0.12064745495095222	-0.0157451176926942	-80.50907071455016	2.3955570388792653

drug_196.txt	-0.14353469795307	0.900699798757221	0.008042818824365167	-0.056380959647513273	-0.23025499960866896	-0.07057517459901753	-131.3217326915957	-0.11572363545846498

drug_197.txt	0.433999001497753	1.381711010211827	-0.0013242666475425102	-0.03194604946468238	-0.19366716844997522	-0.05822606268317894	-88.18326545723806	1.1409623266375086

drug_198.txt	0.416575137294059	0.905212624811196	0.06402007158326595	0.062216630240655046	-0.13549518161147514	-0.09965810284329876	-81.64531654942614	1.1734765882494034

drug_199.txt	-1.04511128044775	0.33625645060865367	0.09199703863151565	0.11285501743607945	-0.05837020654919149	0.18946624956875352	-107.84191040355424	1.002049124514578

drug_2.txt	0.00354731061302793	-0.6574184364070984	-0.3115002958633717	-0.9282737136487491	-0.3151456113632514	-0.23720602251741874	-124.05368382080711	0.9160078372564263

drug_20.txt	1.00553905983131	-0.8550185153075258	-0.35322486572097517	-1.0546297338862611	-0.3871332547675861	-0.25998520854446555	-111.3346908552388	1.3926226332684872

drug_200.txt	-1.74111727146123	1.0747625069301023	0.010405738404001663	-0.07013552017650743	-0.15511328460061857	-0.05217499784441803	-136.1965938541281	-0.4269192690346642

drug_201.txt	0.00356307643797471	-0.7146611432139887	-0.4909625274906467	-1.0975938532100031	-0.23538825153965728	-0.1887156449723087	-138.57238059977786	-1.54707987623345

drug_202.txt	-1.42934545550096	1.1177793464769203	-0.40181294110900845	-0.8211026652572702	-0.18760602920988956	-0.11843039681585943	-172.37245464642726	-2.9972016637997587

drug_203.txt	0.090482697007121	-1.0627018422961632	-0.30554612808890363	-0.6095687747703262	-0.13659858867636268	-0.03416324104404672	-125.83635690485005	0.12415815287299307

drug_204.txt	-0.101886643718633	-0.791963239824187	-0.5156481925014933	-1.084107369308151	-0.21517521529873315	-0.11957226643988207	-133.8733802295446	0.26586647915921563

drug_205.txt	-1.50997451191634	-0.8906666477087841	-0.36857949252812455	-0.7628293523587069	-0.25134670234220147	-0.1755070928793981	-161.56571640133285	-1.5897280385964276

drug_206.txt	-0.150048611293586	-0.7285007457595459	-0.3694033770133721	-0.7399331669056035	-0.18134501642208917	-0.047217852020394774	-155.22843391336542	-1.1854194479101916

drug_207.txt	-1.4746380429356	-0.5768369359621788	-0.4226270981658076	-0.8167647932584984	-0.2560301562239776	-0.2726908107530773	-152.01851166234727	-0.9590441417230348

drug_208.txt	0.203478116159095	-0.5498870007439244	-0.5580977549222854	-1.167056801397417	-0.2168957298097541	-0.04474998080825518	-125.08293224731581	0.012782067610079257

drug_209.txt	-1.50654018971543	-0.6734781087720336	-0.31257541257054977	-0.7616097032692914	-0.2092915788670871	-0.18541923082482561	-148.6245834875972	-2.420376017598187

drug_21.txt	0.960159760359461	-0.8448240181933481	-0.018510717699112222	-0.12414878435573123	-0.3072673588709284	-0.2198284049927204	-119.92595335061088	1.6254971358733339

drug_210.txt	-1.34302493627979	-0.6708675200857808	-0.5236361067173632	-1.0935289847388954	-0.29128787967555264	-0.1760934538367937	-172.90225842280637	-1.6196093036040784

drug_211.txt	-1.20752818141209	-0.33566475059185885	-0.4505735302766637	-1.0389299656343123	-0.22926201820655198	-0.16165045762305036	-164.7904479822288	-1.3238883114382813

drug_212.txt	-1.43533646898074	-0.5776361098986098	-0.48524409644354594	-1.1189932662833237	-0.35651900464715586	-0.17387145441929472	-124.43576453165494	0.00018698374497998959

drug_213.txt	-0.0713456131592085	-1.0701515129784565	-0.35236254119521165	-0.6743531724824481	-0.25453559795776426	-0.11554396970994665	-150.74453905960755	-1.2647019963501234

drug_214.txt	1.46227500853982	1.0962456439480575	-0.2580022414705858	-0.49182754628369574	-0.07072627208991673	-0.034658088584600386	-137.35283228433914	0.14066168270042456

drug_215.txt	0.334250378817738	-0.4412734948159584	-0.10387536193872426	-0.024309874909207774	-0.040179048140866425	0.13650287249304321	-157.0455386893743	-2.295964867458861

drug_216.txt	-0.0437843235147279	0.7408049574614992	-0.2738094294576783	-0.6048691439848425	-0.16202218979883778	0.02484337965778941	-109.18252499074417	-0.25817187169546135

drug_217.txt	1.39277925217437	1.2302686059743246	-0.3195666481496359	-0.5686812073374028	-0.10645237953781607	-0.08948245877982657	-139.8789337282488	-1.6302892522195263

drug_218.txt	0.248046351525344	1.3732876342984366	-0.01589926307496639	-0.08439729865650958	-0.05021845866585089	0.16766966668418615	-116.24324324324324	0.7567545798024625

drug_219.txt	0.196288899983358	1.0151951934575751	-0.37264881635887137	-0.8408016971888929	-0.2223043697574468	-0.049994986893726924	-129.2958163643095	-0.49875731475585267

drug_22.txt	-0.173691217559625	-1.1426090188931075	-0.03704911823030524	-0.21872417269435745	-0.17593372304344793	-0.20992038505412686	-194.29026286560534	-1.5090221230929723

drug_220.txt	0.337826593443169	0.9745028518549337	-0.31373292224536237	-0.5687346241860811	-0.17205313060472294	0.04650768225237435	-109.40577563865236	0.6910496268530408

drug_221.txt	0.268016396457945	0.8040487461251216	0.10935621048217425	0.12651167435476368	-0.048168421490739965	0.10564081676321206	-113.29396519807479	0.27308344409947294

drug_222.txt	1.25360468069825	1.1498794028916086	-0.30259449109201186	-0.6168034068089304	-0.08988238691748246	-0.07423695623206511	-182.74601999259534	-1.8045118826840114

drug_223.txt	0.175804713981659	-0.5167719254546026	-0.15720481823051866	-0.4296959015896393	-0.07584535388604349	0.016697145362710993	-135.34172528693077	0.524213512772494

drug_224.txt	1.27627068169675	-0.7468949371010968	-0.34371166248547014	-0.6143514186649585	-0.13394750488916146	-0.11829060787879954	-179.8578304331729	-1.475877805999461

drug_225.txt	-0.156565152271593	-2.7973459709604644	-0.35416944029651015	-0.747883305698936	-0.1732233137133637	-0.015399690407388722	-207.89152165864493	-2.4925005264015216

drug_226.txt	1.38552171742386	-0.6724534890851555	-0.14731341871272424	-0.026951783470489654	-0.047079043051337796	0.13919431716418962	-102.62051092188078	0.22604954432189323

drug_227.txt	1.23845021940773	-2.7937491774000947	-0.3741337870750118	-0.7219979592795189	-0.23726302288909978	-0.004413137731977128	-133.39874120696038	0.18103985450289964

drug_228.txt	1.21715934869625	-0.7588707274480693	-0.3318118814508777	-0.6685082884409077	-0.09527814896193833	0.028361572553426664	-145.24139207700853	0.011636724826806657

drug_229.txt	1.1741239018665	-0.8961130100337139	-0.306172774208076	-0.6577533412651844	-0.03721035650450966	0.1888714080815791	-136.4142910033321	-0.14795023468825522

drug_23.txt	0.933599600599101	0.7959696833732552	0.02178758875336309	-0.03885009441383924	-0.2450246906491495	-0.1844867139344973	-124.0414661236579	1.4818534451608811

drug_230.txt	-0.22526210683974	-0.8051609637097674	-0.32346683608629556	-0.6312194673437544	-0.18353616269024328	-0.051430425092802545	-174.0762680488708	-1.724859996489982

drug_231.txt	0.269647283460774	0.8657867582880205	0.07606120319841497	0.0315514318100113	0.002223075195392178	0.047954083399254	-146.32691595705293	-1.373963059065076

drug_232.txt	1.41198202695956	-0.8564197477867102	-0.440927160067927	-0.8135654266456729	-0.07856630269824177	0.06205497392948732	-62.508330248056275	2.3206824888201387

drug_233.txt	-0.0460624852195392	1.2376334424686648	-0.0033277426996912163	-0.07702330341703101	-0.06270858233349981	0.028049495813226386	-76.14587189929655	1.8224856694134965

drug_234.txt	0.0852720918622066	1.0264806575542258	0.3369036561023636	0.7364811862319938	0.027596407826887485	0.08756500103382961	-140.7082562014069	-0.7972467520895179

drug_235.txt	-0.0647344772315211	-0.6626245662568951	-0.06374060020846081	-0.13147396749546353	-0.06943717417117772	-0.15942230672802246	-168.26175490559052	-1.3253163497688247

drug_236.txt	0.232602850110799	0.5047891365647035	0.3159381654803445	0.7255839366355412	-0.04539281152189904	-0.10411652341639832	-96.93298778230285	2.6936082862580917

drug_237.txt	-1.50334498252621	0.6939594937757538	0.0780552159962965	0.057981345015776786	-0.1334424092807034	-0.07689696761997816	-83.04701962236209	1.4672116400012365

drug_238.txt	1.36140788816775	-0.8846493874063188	0.05486476338869259	0.05306865552724521	0.008735471183589479	0.13199410789825064	-143.15771936319882	-0.6365147186999794

drug_239.txt	0.342336495257114	0.5588311976143202	0.0364420593656358	0.016744142010693186	-0.033066425652341316	0.008809893116294694	-130.4883376527212	0.07841870655241397

drug_24.txt	-0.110667332334831	0.5293145185815649	0.07031256436823208	0.028351737363899066	-0.10306942763609368	-0.16288043992510326	-171.3354313217327	-1.5683559920960144

drug_240.txt	0.0277583624563156	0.5453863823964683	0.12555288324874403	0.1869690364764549	-0.03285735394299635	0.00834702657778534	-128.6360607182525	0.07460108324634647

drug_241.txt	-0.0055416874687968	0.7638339882497553	0.42365902586850424	0.8967120809214326	-0.04342545012624763	0.05088563933421482	-97.74713069233617	1.6029403558124569

drug_242.txt	0.103113750426991	1.1344988381233327	0.09071194375799899	0.10814275660127382	-0.04597282490239237	6.171696705180695e-05	-150.129211403184	-1.1466150290296748

drug_243.txt	0.354536616128439	-0.6413539964380047	-0.30194788193438044	-0.7486827752500698	-0.08686227740761485	-0.1127877572871772	-136.09218807848944	-0.5236462410342166

drug_244.txt	-0.310867032784157	-0.6145035235058363	0.0020375385556970493	-0.07858937838576263	-0.11676062398582274	-0.12898448019723463	-172.1599407626805	-1.871675850255256

drug_245.txt	1.28430862478213	-0.4214831399237673	-0.010332678161805109	-0.11600477816985422	-0.0693180088643528	-0.14525088195642766	-168.18696778970752	-0.9573086437946717

drug_246.txt	-0.200401152656979	-0.44063628668833155	-0.4077388377395477	-0.9706762794052167	-0.1867668561921867	-0.1488424498999911	-164.83006293965198	-1.7531857088284428

drug_247.txt	-0.228290896987852	-0.4267890473403392	-0.3702849630100278	-0.861579867427867	-0.22216855338024574	-0.23652297624684296	-206.6416142169567	-2.672944268878432

drug_248.txt	0.0951756575662822	-0.5702385839524571	-0.14948679992755481	-0.20817219936267617	-0.13960002600785054	-0.07497415683231332	-136.43354313217327	-1.1581644572960088

drug_249.txt	0.278201119373571	-0.6712293418611723	-0.17722259244602065	-0.15553355395559343	-0.11391906067860236	-0.0914954036543038	-132.78748611625323	-0.738922786113158

drug_25.txt	1.35450771211604	-1.1652019209464928	-0.3410226927093265	-0.7067280683885196	-0.0785838256486055	-0.019936426408611124	-59.86560533135876	1.4959003260298904

drug_250.txt	-0.00386788238694591	-0.7655851118943982	-0.40219803049953895	-1.0528335220016416	-0.19980957726397275	-0.08371648200361184	-128.9170677526842	-0.99674018368972

drug_251.txt	-0.254251955400233	-0.5884483206443264	-0.365360519327119	-0.872328662344353	-0.2273248671370763	-0.2677199402371311	-174.27508330248057	-2.6860220672355952

drug_252.txt	1.21734240744147	-0.5873028910923259	-0.39185129752438963	-0.9552132739772422	-0.11403045961380215	-0.09789627289472827	-159.0559052202888	-3.0441092312167988

drug_253.txt	-0.153303378265934	-0.734686297218227	-0.3162536927071155	-0.8777715058188339	-0.1858145968958654	-0.14200635834154876	-185.56645686782673	-3.9236784124605073

drug_254.txt	0.259579052473921	-0.5900299821022784	-0.3778780726486999	-1.0399518523988063	-0.1616492350015669	-0.14968600441042837	-143.21769714920399	-1.3169991311037508

drug_255.txt	1.18059577300716	-0.3767024629084361	-0.03152230821714605	-0.13243390988281728	-0.17545423989355594	-0.21433641135167267	-137.79489078119215	-0.2136496873640196

drug_256.txt	0.284841159313661	0.5620416331238496	0.0021478974801601713	0.147057296753639	-0.029285821648768168	-0.042615565749272694	-107.40059237319511	0.8418402846264598

drug_257.txt	1.26593618344413	-0.43514883815322924	-0.07995066404965004	-0.13861884566310267	-0.04207965290011029	-0.018253638100972757	-156.97445390596076	-1.0967574807338898

drug_258.txt	0.442854139842867	-0.4814821794454178	-0.14612936312042424	-0.09377721451788701	-0.12479868814473843	-0.1434114825148147	-146.61791928915216	-0.3730910481484913

drug_259.txt	1.24177242907568	-0.44571863744194395	-0.3935414345498924	-0.8594415097505834	-0.13558230729264859	-0.2089427919538924	-162.1462421325435	-1.3948071873452834

drug_26.txt	1.35023079415964	0.8857554478177199	-0.35744774657180545	-0.8376590955817815	-0.05483781016702552	0.005817497505073173	-57.690855238800445	2.2368567953983414

drug_260.txt	0.514900456333044	-0.6229034161601082	-0.3773897543397657	-0.8462210562160932	-0.046899015921228	-0.09224218427646658	-169.30359126249536	-2.5058550198786573

drug_261.txt	1.36361072426448	-0.9364119447765089	-0.29276893249714914	-0.6460766033399765	0.03490451210231649	-0.09181233371960894	-124.76527212143651	-0.200402694361705

drug_262.txt	0.165141761042646	-0.4830679834823046	-0.1694188101539903	-0.33392912793533935	-0.024068577073300082	-0.07295925494203172	-145.0040725657164	-0.9990027385054716

drug_263.txt	1.3566711336504	-0.8154923868743534	-0.047567849639009535	-0.15945076029258992	0.029278374687264783	-0.14371895132024412	-162.1640133283969	-2.215637270885263

drug_264.txt	0.449015949759571	-0.6642851171117119	-0.3975353695893623	-0.8870855849854931	0.04188133196795789	0.016218761345849587	-163.42021473528322	-2.677677126596291

drug_265.txt	1.30065515761446	-0.6816225125879268	-0.15705407075147568	-0.03312633530616277	0.006887813166050748	-0.24970301146897508	-126.67345427619401	-0.2095377214208238

drug_266.txt	0.240279055101558	-0.6206380730490355	-0.4234660295985798	-1.1567568273973932	-0.06981077249180977	-0.12250439865622524	-130.76379118844872	-0.04933102322866381

drug_267.txt	1.31952685007576	-0.2930140931130369	-0.4834254175566284	-1.1128618298360138	-0.07039036602490444	-0.1214341923554095	-166.69418733802294	-2.4818453303737273

drug_268.txt	0.604882150458523	-0.9286129737612843	-0.3439726746012345	-0.7773572400661892	0.035487544790774365	0.0013730965721803386	-161.42391706775268	-4.19115859070551

drug_269.txt	1.32107452855804	-0.6749665078834138	-0.42055436943315144	-0.8652201321295823	-0.03206101847907957	-0.05285528070432756	-153.9529803776379	-2.205528652118319

drug_27.txt	0.313702253637088	-0.7469611787005365	-0.45555132723088576	-1.1309550565455881	-0.1274024461108429	-0.1404686466543265	-69.41577193631989	1.997719636743784

drug_270.txt	0.344156572159305	-0.6140812368497429	-0.15496444156941627	-0.1187935079589244	0.0516940371293241	-0.11625574859882332	-150.75934838948538	-0.7858976503024444

drug_271.txt	1.20534811817362	-0.42806049475824504	-0.3997153981735394	-0.9738605027521665	3.421703272568513e-05	0.023157505110592006	-129.65124028137726	-0.5363929645398429

drug_272.txt	0.408626533883386	-0.6547804484926522	-0.40972486608481923	-0.850985986055709	0.06679797012890908	-0.009704244313499248	-132.81414291003333	-0.9615023705440823

drug_273.txt	0.164143258796017	-0.5882240066039783	-0.26711477219632473	-0.611652433027569	-0.11314538286220409	-0.036331939817128026	-91.59274342835987	0.6755241505115276

drug_274.txt	0.194447801981239	-0.7507342377125392	0.020908773279521203	0.1980163545629406	0.11975553554521677	0.13875088880547023	-79.2802665679378	0.14210930409840355

drug_275.txt	0.298841211866411	-1.123702168608533	0.013353819815306173	-0.045660848174269575	0.10185261178004491	0.07490318941500614	-164.72935949648277	-1.0635497877646765

drug_276.txt	0.0670888404235751	-0.6394023611146441	-0.2217862717640146	-0.5804666022989882	0.023156165067386263	0.02534770175049918	-72.46834505738616	1.6350558777220408

drug_277.txt	0.121656988201908	-0.5881627388598403	-0.05630051846179562	-0.09939240713791953	0.07325302430762408	0.11008424236929056	-89.76342095520178	0.8720667724131914

drug_278.txt	0.146369918806001	-0.8623789321520947	0.003004609355049162	-0.04985537122718686	0.05993707310693653	0.013020973997213213	-93.68382080710848	2.0263362241712906

drug_279.txt	0.197193683159471	0.5328548158405777	-0.02141605842105443	0.16419049022663806	0.07757037037604077	0.08623137079214646	-69.54387263976305	2.3748551021985143

drug_28.txt	1.33992957931524	1.047995422104371	-0.03710532375729936	-0.13067867430908087	-0.08622758677622544	-0.0855630684487219	-67.91003332099223	1.9302864014219046

drug_280.txt	0.144722390099062	-0.7785791396505295	0.24585373852215917	0.7316567079925848	0.12983784287647715	0.16315164326749532	-59.6864124398371	1.8889374648588737

drug_281.txt	0.327498226344693	0.5622886064087576	0.2729248544717017	0.7697009701341466	0.16252321043329113	0.20514679910429173	-99.33691225472047	1.0546563182199786

drug_282.txt	0.27687416244055	-0.6672830466740282	0.29827059263976013	0.9083399542876371	0.14758830895749672	0.11876437232729276	-81.33320992225102	1.389535985085953

drug_283.txt	0.0663898888509341	-0.7407896364157855	-0.03782035219051119	0.03481583431738916	0.05463568395803598	0.0720781878139575	-51.054054054054056	2.5802782745638226

drug_284.txt	0.115116798486481	-0.5755490560443426	-0.30394677398725994	-0.7547751474084591	0.051348362426694376	0.09201076886182416	-73.34653831914106	1.8141669142833337

drug_285.txt	0.204632524896865	-0.4470912174211753	-0.35287369786025946	-1.1270749571310161	-0.08931005516154568	-0.11254763476466935	-177.94927804516846	-2.64183931938869

drug_286.txt	0.366889139974249	-0.8890651666357198	-0.4215870775364492	-1.1989583699284505	-0.08351357378341362	-0.1311083372307401	-199.25657164013327	-2.928523753522257

drug_287.txt	1.37324627094446	-0.4941676787512865	-0.10117037247981016	-0.2594075657167557	-0.06215141372474795	-0.15241371951201757	-203.81784524250278	-3.183757026268142

drug_288.txt	1.33809899186308	-0.7007273965885118	-0.33905981643650546	-0.7233963931077262	-0.011322189309809334	-0.11703448903182395	-180.84931506849315	-1.740158578731365

drug_289.txt	1.60795473456482	-0.3784871187669162	-0.07884956118940406	-0.31770877020578464	-0.06531863791906399	-0.2137865078730669	-241.92632358385782	-4.392134984301528

drug_29.txt	0.267398901647529	1.4018414180832792	-0.36189532661664914	-0.7408050302537108	-0.25296645692258096	-0.15108052983841982	-93.63828211773418	1.818938648858924

drug_290.txt	0.0315027458811782	-0.8936309051277036	0.1079763983846036	0.10420829183012542	-0.2035473601980994	-0.11478692849702557	-171.7060348019252	-1.24446452789462

drug_291.txt	-0.154092545392438	-0.8669023570255747	0.11174415456261058	0.1361201072625962	-0.22756111920067437	-0.316474695517223	-153.43317289892633	-1.1732368937655557

drug_292.txt	0.0370023911501169	-0.9407584198980176	0.12471387335632556	0.1557351929141511	-0.2419367356023386	-0.20718309181468356	-153.51055164753794	-1.4466599228925543

drug_293.txt	-1.4145781328008	-0.8897797550308044	0.0202427806249946	-0.01948603574014096	-0.258288234296644	-0.19356440892747603	-171.6297667530544	-1.3123219051761135

drug_294.txt	-1.32147392945669	-0.9053936378852308	-0.03541056386824143	-0.1645158694478876	-0.3164661005554864	-0.2917362749103168	-209.93965198074787	-3.1035126939970095

drug_295.txt	-1.39421656988202	-0.6184215089003144	-0.004875704015029403	-0.06187497450623752	-0.2927280028274472	-0.346491616286421	-167.23991114402074	-1.5941533569662067

drug_296.txt	-0.0949102661796778	-0.9027124297539468	0.10170232578091928	0.08310026739987653	-0.2419082693063075	-0.33710360814461426	-164.80192521288413	-0.9941512748750343

drug_297.txt	-0.153611687731561	-0.5569676854669717	-0.4041163198949682	-0.8720626121643748	-0.307182947472414	-0.28154542377022956	-177.95149944465012	-1.0587279133742447

drug_298.txt	1.39251123315027	-0.5670885861328963	-0.008201503587418835	-0.07370408029722825	-0.2535367168108329	-0.17247243520420447	-142.0429470566457	-0.9196586388133879

drug_299.txt	-1.38871692461308	-0.7515860281111109	-0.34307716345969647	-0.8715542462802245	-0.2525668794591635	-0.1254439906567857	-135.09403924472417	-0.8158151157425263

drug_3.txt	-0.124082297606222	-0.6288722503897073	-0.3363293449655531	-0.8505765176605986	-0.33837750001323424	-0.26578803642127424	-133.30692336171788	0.033925187801597256

drug_30.txt	-0.0224330171409554	-0.18997654570038724	-0.5337103211945792	-1.100644619802836	-0.24309565561176644	-0.25934928532563617	-97.93298778230285	1.210291957953789

drug_300.txt	-1.43544682975537	-0.6324130250250471	-0.3223737852242322	-0.9115799685177264	-0.30376929096070604	-0.1692298916596312	-117.55979266938171	-0.06544287694953102

drug_301.txt	-1.51481724781249	-0.9118807156835413	0.043319985237782854	0.024766005335457975	-0.27701307440311396	-0.32947330549573095	-174.9237319511292	-1.9649410576462032

drug_302.txt	-0.103894158761857	1.440318948664885	0.09517119711746652	0.10615741056599898	-0.22678929627193728	-0.24646609532815741	-176.51869677897076	-1.463242058138785

drug_303.txt	0.0657329794781513	-0.5161061071218291	-0.04875969012964859	-0.14626845783265224	-0.30323695900641107	-0.25100375171705885	-92.45242502776749	0.49288384181157363

drug_304.txt	-1.46605092361458	-0.6273945645175296	0.014499307305167297	-0.06473239188963303	-0.24409419125662932	-0.18312650685065932	-160.76823398741206	-0.7339532872821318

drug_305.txt	-1.36325511732401	-0.5686017944213515	0.022076268263210297	-0.04572874807338778	-0.27335358824421524	-0.20388036102700105	-147.10033320992224	-0.6663199618922562

drug_306.txt	-1.46044880048349	-0.7153630642452802	0.06530101722002826	0.03157927252036469	-0.2525238112404773	-0.1885616274587059	-176.8333950388745	-2.546337831707935

drug_307.txt	-1.49250072260031	-0.6174169269015901	0.0036653786503181573	-0.04915862268393495	-0.2358785729126027	-0.13936868665780908	-170.59977786005183	-1.4513032208879957

drug_308.txt	-1.33834861742474	-0.42300071648117843	0.028487141254712967	-0.022837467971425385	-0.2858470449511871	-0.3193750984569172	-165.53646797482415	-1.948851766677819

drug_309.txt	-1.49344929973461	-0.9191300227514416	-0.016826177627822292	-0.09704024252285554	-0.27805477005761564	-0.14239398365740139	-159.64753794890783	-1.5994917393733725

drug_31.txt	0.292633856233194	0.7821332304257027	-0.32191944452247323	-0.6306314948908976	-0.07085644883107332	-0.011156374840112884	-52.301740096260644	4.952141574179096

drug_310.txt	-1.21730912403325	-0.46183394522485655	0.05076865338137315	0.026735822570620738	-0.24997835659246162	-0.2401662477593134	-176.3209922251018	-1.1521993431558757

drug_311.txt	1.35976035946081	-0.5396664312576533	0.03415699645598144	0.007465755856668865	-0.23325344911007692	-0.1962371636089182	-155.11958533876341	-1.2755949665271689

drug_312.txt	-0.074827232834958	-0.8092027593774036	0.023362659054521367	0.005977719452433361	-0.2038630260330519	-0.09232056032872153	-190.2835986671603	-1.5059323136271516

drug_313.txt	0.0497665782028711	-0.8179799715457272	0.02680262601655095	-0.012684906062738921	-0.2768682734851689	-0.25968141586967863	-156.12328767123287	-0.6399525615828394

drug_314.txt	-1.35840187087789	-0.7957400078157613	-0.3656135085775746	-0.8289401208847935	-0.32399394181321045	-0.2415540533871598	-162.0333209922251	-1.8229941438961519

drug_315.txt	-1.35615524082298	-1.0164605612130178	0.03833941429424001	0.02166326352575043	-0.2521621525428187	-0.2691795163422985	-173.5871899296557	-1.383390573595762

drug_316.txt	-1.50083821635967	-0.49748494099047114	-0.35577070978337855	-0.9424668801099374	-0.3093808975351631	-0.204774345181572	-151.9803776379119	-1.0065388427299147

drug_317.txt	-1.39141288067898	-0.6751292703045071	-0.013560322368054989	-0.13979811223701877	-0.3040732826968268	-0.17840165768570979	-188.50018511662347	-1.5682919445553438

drug_318.txt	-1.38541135664924	-0.650219222278943	-0.020875505663646765	-0.12261727166501596	-0.30357962308931713	-0.22991177799378734	-166.63161791928914	-0.9112427856220171

drug_319.txt	-1.45440786189137	-0.7167915384021379	0.005864645602326579	-0.0427174267140632	-0.2800049339249567	-0.2934656314674226	-166.97704553868937	-1.9114521581604318

drug_32.txt	0.0423093430030392	1.2323866312378484	-0.2775220863548782	-0.5612757555334934	-0.17980029343250084	-0.19683363410854762	-60.16845612736024	2.424203021988572

drug_320.txt	0.0417058622592427	-1.2346278865915565	-0.04327351324253126	0.019860496978373443	-0.013239769386960216	0.1810396752651846	-78.3680118474639	1.384204142823241

drug_321.txt	0.170812202748509	-1.0487727178871755	-0.08233853280729234	-0.008462538014450405	-0.04450236918099413	0.033097255897368186	-70.51980747871158	0.9359151544981521

drug_322.txt	1.34719587285738	-0.793713691035711	-0.11665704680143157	-0.1667062785488635	-0.10651872514721773	-0.009626881249124461	-60.19955572010367	2.325873382931649

drug_323.txt	1.42790813779331	-1.325278437901713	-0.2063561233737165	-0.11367670325050538	-0.10809925326295805	0.12038508486205823	-43.29470566456868	2.488136696059061

drug_324.txt	1.39166250624064	0.8913000774820788	-0.0014282903088795318	0.0715443874124217	-0.06156472289305784	0.18006912301219202	-33.56423546834506	3.0596539848324356

drug_325.txt	1.30203203965981	-0.8873928099582388	0.0625821552102227	0.2879666892075643	0.02218094908593455	0.07886250577689922	-15.641243983709737	5.016574577864533

drug_326.txt	0.257247462140123	-0.704980508522876	-0.14241755995791852	-0.18415738504003853	-0.083546256387067	0.11278427634471115	-39.35431321732692	2.2373536238123295

drug_327.txt	0.181096775888798	-0.8652462014420212	-0.10796177525983028	-0.29053307994712535	-0.0544957203993577	0.10542475516599334	-66.99444650129581	1.9562858375287728

drug_328.txt	1.50793809286071	-0.7287391140005897	-0.16190209604630296	-0.20325086108873458	-0.03217080428063127	0.17391103553344375	-101.97926693817105	0.9370834351579295

drug_329.txt	0.300832085205525	-0.6804543941492158	-0.1260257252011365	-0.08100296183589284	-0.07086141252083776	0.007482604915814205	-88.06479081821547	2.1667455158914266

drug_33.txt	1.34716872060331	0.9336086038701423	0.03196185058613575	0.015956389788857273	-0.05926220355352367	-0.047773356161811185	-73.6856719733432	1.8891375006138718

drug_330.txt	-0.0660824552644718	-0.6508020660236561	-0.14876455358412244	-0.08526822384677601	-0.09118000666175409	0.052378234410699435	-58.589411329137356	3.0608717151710354

drug_331.txt	-0.128440672324846	-0.6043315772361749	-0.04445806700371141	-0.2081787050986036	-0.12983885158975986	-0.13978925973800302	-168.2014068863384	-2.2051899475208674

drug_332.txt	1.28137793310035	0.7197275775253178	-0.11042172600917416	-0.1426827862118082	-0.06561925997801143	0.052230401497711576	-84.29100333209922	2.797201179634898

drug_333.txt	1.23459810284573	0.9341957154512804	0.07666501900918643	0.11198780270920838	-0.12184661973614772	-0.11436814482666124	-124.8374676045909	0.19821404623478284

drug_334.txt	0.30963554667998	0.7868664619664033	0.07534169178749484	0.06752203677218399	-0.05520969823212506	-0.04598960195110771	-101.58126619770455	0.7825981144004204

drug_335.txt	0.151123315027459	0.9286570308035038	-0.06227104560539434	0.04160396908283226	-0.019822450368922058	0.12657759276771685	-86.58793039614957	1.6508365526559419

drug_336.txt	1.42777675591875	0.6820222547436632	-0.13868928626812868	-0.1381520737648712	-0.06816998446945724	0.0986823846102288	-88.53868937430582	0.8168822806126939

drug_337.txt	1.23190214677983	0.9714788915399273	0.3498059131760407	0.8299235256944189	-0.07639202896050011	0.042629679280497525	-85.57645316549426	1.3692444474983245

drug_338.txt	0.0695141498278897	1.0444608848549144	0.021748472972538513	-0.011764698913766414	-0.07264399439214209	-0.06422697786501967	-156.00185116623473	-0.7657364379450964

drug_339.txt	0.420968547179231	0.7811128354029016	0.03707983966113727	0.16074409413041124	-0.05920573379660383	-0.0015582331886540924	-48.368011847463904	2.699672947025032

drug_34.txt	1.28856714927609	1.0192637028417368	-0.3945020552305868	-0.9537152214310318	-0.2566604867151208	-0.1645976929615386	-55.06997408367271	2.351764785736719

drug_340.txt	1.50975379036708	-0.4815403086059569	-0.12792361433074867	-0.17941039778578022	-0.08058966886915538	0.033772004455087205	-109.00222139948167	0.004530131313149772

drug_341.txt	-0.0280894447801983	-1.247933471700775	-0.038792600037301755	0.11943243787401064	-0.065482285841242	0.03095010374110678	-125.12476860422066	-0.5436412015456384

drug_342.txt	1.40219670494259	-0.42028254417861116	-0.11096460175864278	-0.09380161885566762	-0.0871709242288871	-0.0029779815329566716	-140.34468715290632	-3.170633369287173

drug_343.txt	0.105541687468797	-0.9747176847862196	-0.39521895322938	-0.718347890551212	-0.21035457090506374	-0.022015319779648403	-111.81599407626805	0.15394643471741715

drug_344.txt	0.293992344816109	0.7534542565076707	-0.29280560316821025	-0.6976226507564302	-0.1617784767487076	0.03326210893126977	-126.6612365790448	0.08891929858967113

drug_345.txt	1.42617915232415	-0.6514089508126888	-0.1719997856739383	-0.23273346276016732	-0.06851068193782593	-0.03307927339029558	-142.54609403924474	-1.2846371601320603

drug_346.txt	0.309568979863538	-0.6280597970503082	-0.10963442024646003	-0.21237604715533065	-0.15216439096439233	-0.010413934676648638	-108.73232136245835	0.7421593785258458

drug_347.txt	1.39415876185721	0.6371951477395379	-0.12745368695804388	-0.06770956575731935	-0.14606853385735072	0.13519601417995852	-18.67863754165124	3.1331645389927547

drug_348.txt	-0.23382820506083	-0.4512473700484988	-0.4274407641233743	-0.8474802943302924	-0.20693553146705035	-0.14457292337427133	-184.56904850055534	-3.536257040562412

drug_349.txt	1.37361851958904	-0.6171997078002781	-0.33620060635507193	-0.7546592282708928	-0.06396292020517456	-0.032481561602265036	-146.4727878563495	-2.286609568144616

drug_35.txt	1.38124479946747	0.7616579091347551	-0.02006003209122162	-0.07751399485426547	-0.05088005320317407	-0.07713970829671299	-69.24324324324324	3.15538413612301

drug_350.txt	0.0772630527892373	-0.5680422223535275	-0.44946007293723367	-1.0562148686906347	-0.26347577131493577	-0.09414906086682048	-103.16771566086635	0.027018973313150875

drug_351.txt	1.3756155240823	-0.45555058434508017	-0.5280880199588491	-1.130985837810634	-0.17739713382203673	-0.15890872495290065	-112.17030729359496	-0.7252047960093896

drug_352.txt	1.31457375340498	0.5607135405107978	0.07152954400803285	0.09879170404014842	0.02035271638186095	0.07094967584486307	-63.88559792669382	2.5422281262104973

drug_353.txt	0.289598934930937	-0.5737478557248071	-0.32409549670102955	-0.7595919643756839	-0.05250198188827232	0.04206368341737641	-58.903369122547204	2.117871509820906

drug_354.txt	0.241766297921539	-0.7525608989942363	-0.17400282585932345	-0.18944240770917553	-0.15178287831313236	-0.04364096773174371	-105.49055905220288	0.024890174649360285

drug_355.txt	-0.20791707176078	-1.0262052349292734	-0.5099111142256387	-1.0132747774956175	-0.1997039362650819	-0.14927630733506506	-181.23361717882267	-1.8339341701360927

drug_356.txt	1.3911422340174	-0.6952958093216163	-0.1176601222726788	-0.06856476109282816	-0.014561537297061396	0.11136413747675893	-123.78119215105517	-0.7239009643356301

drug_357.txt	0.0732191186903854	1.1056633465553227	-0.269728836414703	-0.6321898690054979	-0.007217353175901524	0.1387515191816026	-106.95298037763791	0.05027797623143441

drug_358.txt	0.163633497122737	-0.7245503236459825	-0.4879609635713187	-1.0241666340151274	-0.0964487979064537	0.10598029937624019	-108.40096260644206	-0.04850097089533583

drug_359.txt	0.234560440041692	-0.6485920094371638	-0.503972471617959	-1.2267788659063918	-0.1246190598337076	-0.016299065490863435	-78.28174750092559	2.1603546976032018

drug_36.txt	1.35890112200121	1.0850126104607078	-0.002253266314207081	0.21723774064119844	-0.050761815500800264	-0.010601116143197004	-66.63865235098112	3.5149378163101335

drug_360.txt	0.144961505110755	-0.7037892886477385	-0.4525777341339785	-1.0414254924386104	-0.21746259832539042	-0.05780463038197376	-96.5905220288782	0.3259591793613363

drug_361.txt	0.368176682344904	1.0203517586305968	0.09357486900238965	0.06707970899640892	-0.02324368080242406	0.052325403987306764	-117.70233246945575	-0.5773858538554903

drug_362.txt	1.21901708840248	0.8685106842401316	-0.29560632672176446	-0.7132088553519618	-0.04865144007204353	0.03462615758935901	-121.42798963346908	-0.4432607363974406

drug_363.txt	1.35042436345482	-1.1073410228019303	-0.4492876192297567	-0.9341852055308073	-0.0745414786782783	0.02536860980992121	-90.11921510551647	1.8852704080664506

drug_364.txt	0.296317803995761	-0.4332386198841501	-0.4216946215305054	-0.9938810145475867	-0.13204904046522745	-0.12358424079455613	-113.42169566827101	0.15254025104239913

drug_365.txt	0.300311812982281	2.5708540864412854	-0.3187361289784481	-0.5974328335500183	-0.030679258802718636	0.08795482239093144	-96.72898926323583	1.2463261683785611

drug_366.txt	0.0896444806474499	-1.0935678696761042	-0.18224314265258323	-0.24843928993339148	-0.08047012057914406	-0.010494394932455582	-70.02887819326176	1.3562318258943566

drug_367.txt	1.32768741624405	0.844436187254745	0.05457238295463421	0.04062660914072258	0.02145135152654121	0.14953862873517837	-74.58941132913736	3.089685389971865

drug_368.txt	1.38050818509078	0.45038676713883824	0.4279960760744791	0.8920922031447667	0.037646840046811264	0.18091337068827024	-59.72121436504998	2.991057540362387

drug_369.txt	0.294786767217595	2.5233317033882066	0.26549987666789676	0.5861126613012076	-0.03334263384508777	0.1066592646022965	-120.8156238430211	-0.3705065401462499

drug_37.txt	0.204526543518056	-0.7531528550621358	-0.4724247007762187	-1.1558617098188093	-0.2489058973599625	-0.11312224613121376	-63.054054054054056	3.3581278965780363

drug_370.txt	1.45899046167591	0.7264425664966947	-0.4461004285074681	-0.9477935263348389	-0.09436123250350813	-0.08493237736849535	-64.2476860422066	2.4059867400560617

drug_371.txt	0.104472239009906	-1.1511875319169553	-0.39927624816431506	-0.8400970280843923	-0.09146995122529283	0.06234135257425894	-74.11144020733062	1.0777013912405549

drug_372.txt	1.49918017710277	-1.0792479662770997	-0.46373763198220214	-1.0366637123351679	-0.06984959920550587	0.0387318799409381	-117.61310625694188	0.5024982399224533

drug_373.txt	0.108715873558084	-0.6138797230727253	-0.1907566699371905	-0.2172108531748228	-0.15085917633257467	-0.0860628278076148	-129.0055534987042	-1.7624982830786025

drug_374.txt	1.28506801201706	0.7430165070625887	0.15079325961831447	0.2574010422723467	0.04188562381899778	0.04765101404685931	-79.50055534987042	2.724564275873534

drug_375.txt	1.34665895893003	0.9813319959556435	-0.24345656315441166	-0.6842839532185803	-0.060451774742488695	-0.06832648208809344	-111.74935209181784	0.0388818210888626

drug_376.txt	1.41760254355309	0.5952019638155122	-0.042841049311744234	-0.1396431061960877	-0.033013875289824975	0.11233441499578146	-104.89707515734914	0.44300368671042256

drug_377.txt	-0.332584456648361	-0.4877820309199179	-0.007403183331235186	-0.16548696029623383	-0.04243555072632053	-0.0015122407307617265	-149.25398000740466	-1.2159777343832043

drug_378.txt	-1.56962451060252	-0.5879918292265246	-0.2976449594667766	-0.7631307308519295	-0.23075820251012957	-0.0850531999253774	-102.10736764161422	-0.6374543034232577

drug_379.txt	-0.205341987019471	-1.1527868089666098	-0.04333487072401662	-0.029354113832725903	-0.1410656999468566	0.06467938147029367	-94.816364309515	0.09278851339230137

drug_38.txt	1.17204193709436	1.0412912070914058	-0.3283846001522204	-0.7283272192547405	-0.19790158658546075	-0.13953847730863347	-71.10551647537949	2.8592434296398714

drug_380.txt	1.41947079380929	1.3664042713920446	-0.00030666244684976474	-0.05558851040082746	-0.15286378848183638	-0.0004011602858367452	-93.60310995927435	1.0739593639421605

drug_381.txt	-0.000948577134298634	1.459660927705967	-0.0575922471176675	-0.15494994829238387	-0.20745039932590567	0.09059771144954089	-100.66604961125509	1.2934155288265246

drug_382.txt	0.344633050424363	0.2983845915551595	0.37432301994732675	0.7852137684180956	-0.04613815751135654	0.16511327247665922	-7.028137726767864	5.895439828712456

drug_383.txt	0.0891662506240639	1.1627744892077834	-0.29425077877754313	-0.5690600065040625	-0.27063889581089395	-0.06489338800353696	-85.23768974453905	1.3731133123446104

drug_384.txt	-0.197577318233177	-0.5508010122270456	-0.45974003805518526	-1.0431302595613736	-0.2915877234477589	-0.24945420648730757	-109.47241762310256	-0.4954586095867225

drug_385.txt	-0.143981396326563	1.2039279038437392	-0.029552160027656232	-0.1746043427309048	-0.24103483204302384	-0.2851412166063787	-231.78452425027768	-3.5405630600545575

drug_386.txt	-1.4119715164096	-0.6375030152697945	-0.40271547703637767	-0.8914338404751471	-0.2622667096049085	-0.1678816935173425	-148.49833395038874	-0.5224559311033742

drug_387.txt	-0.246553853430381	-0.6768794326381631	-0.18189589633715805	-0.18977943224405963	-0.28043521549235656	-0.19370964636616442	-124.42243613476491	0.2518082611393907

drug_388.txt	0.0140289565651522	-0.8640163793516126	-0.10529753650378207	-0.0506815656745675	-0.21418888885003404	-0.08961303615922368	-72.16882636060718	1.8779538711574468

drug_389.txt	-0.0531702446330504	-0.8926747171568236	-0.387994227627129	-0.7979236531743987	-0.2923037577900093	-0.12333755199721216	-100.32654572380599	0.14689527952850406

drug_39.txt	0.340611889183768	-0.8517916365540128	-0.38647001943996634	-0.9585201413498734	-0.12159041565077303	-0.09460544141733346	-55.73454276194002	1.294738637616342

drug_390.txt	-1.35222166749875	-0.5555251373728505	-0.19112771102827192	-0.28005279828996893	-0.2302002827766951	-0.10820320248657331	-137.5686782673084	-0.2405457606808477

drug_391.txt	-0.0185222166749875	-1.1407057719173346	-0.43877132689740167	-0.8315540119331568	-0.22979884093958466	0.026321677156565235	-115.92447241762311	0.21964095973336592

drug_392.txt	1.19483406469244	-0.7298414360978962	-0.4933386984890442	-1.0144163265521149	-0.26669795033150984	-0.07020088336093512	-153.52425027767492	-1.456488711885114

drug_393.txt	1.04075553336662	0.9134402082685315	0.35929692757560594	0.7532078620276261	-0.096129680634401	0.05287845965514257	-117.15068493150685	0.35969506578255794

drug_394.txt	0.026310534198702	0.5413492521086914	0.10136767264116164	0.10623212306996438	-0.18834671835844244	-0.05040616604366859	-114.46686412439837	-0.055371603211732

drug_395.txt	1.30281244799467	0.7862230709187157	0.005733876281786093	-0.05165610404536031	-0.24565715915325936	-0.11414200771520835	-159.57201036653092	-0.7461050508128115

drug_396.txt	-0.249549360170271	-0.8941919912301401	-0.2835761450028559	-0.728401289029623	-0.22743123685796302	-0.08294568370087613	-125.0048130322103	0.036134910835693534

drug_397.txt	-0.245581627558662	-1.1107699426282087	-0.3961093336770366	-0.6609444552185111	-0.27689285110234174	-0.06551053862649023	-106.37060348019251	-0.08604271404422464

drug_398.txt	-0.207811966261135	-0.6753354613441309	-0.21854411194462092	-0.43401361781785236	-0.29720140327619254	-0.21816947852813756	-94.9707515734913	0.5287682130676034

drug_399.txt	-1.2047113540216	-1.24328432361484	-0.28516115911488954	-0.5659719320246779	-0.20544867321452487	-0.05668572208277881	-68.31395779340984	0.9963724367032744

drug_4.txt	0.00319783482670732	0.8290405800851418	-0.2853080984625611	-0.7656208611924389	-0.25268888589214683	-0.1838385257142155	-112.64790818215475	1.0611388827938868

drug_40.txt	0.382898459328551	-0.5611952349093593	-0.17280030442275662	-0.3410736003600358	-0.1465172248974899	-0.15929450064952352	-85.7700851536468	0.5912086714476517

drug_400.txt	-0.082665475471004	1.005528021427047	0.05487860724127472	0.04621370714827666	-0.22483721922427058	-0.1886938029679641	-171.7537948907812	-1.8068891112448315

drug_401.txt	1.45393576302213	-0.30995985271649434	-0.34347619702825055	-1.1106942712911902	-0.1738538379209812	-0.2550703204878877	-213.6297667530544	-5.292288671058068

drug_402.txt	-0.281527708437344	-0.7091691869489449	-0.4163274035116984	-0.8586343813637073	-0.19551510132464675	0.15419984217893964	-70.83228433913365	0.8419385817542988

drug_403.txt	-0.217747063615104	-0.7455087841313012	-0.4360410393709747	-0.9849247496274782	-0.29564088009867007	-0.17885163048001418	-124.1462421325435	-1.168194818297923

drug_404.txt	-1.10196547284337	-0.8501455881347147	-0.3796599781774088	-0.7480589202356982	-0.2665843335334793	-0.13089764712838978	-80.94335431321733	1.226984310154601

drug_405.txt	1.31020136461974	-0.4340480146627087	-0.36732086405621445	-1.036014775840957	-0.07963065498637632	0.023362756498099255	-176.81451314328027	-2.601017576918159

drug_406.txt	-0.28546653703655	-0.767143275784362	-0.31340948643653094	-0.7105764233762037	-0.19181867935546013	-0.14336851446134752	-87.74787115883007	0.5309360043651741

drug_407.txt	-1.54466195443677	-0.5922962163147831	0.0180143223483355	-0.04043775025276741	-0.2505451597175968	-0.14048658443255874	-160.3054424287301	-1.0770721070226987

drug_408.txt	-1.71910029692304	-0.6225465357583378	0.040918896620908696	-0.014598853633911724	-0.17820587652923459	0.01171621993015186	-105.08996667900777	1.159209321965316

drug_409.txt	-1.53627453556507	-0.7800701322301107	-0.0050426691439451055	-0.05521657163359406	-0.17477979694555437	-0.06957395862358269	-143.78415401703072	-0.020790552857704103

drug_41.txt	0.536484746564364	0.9109026600818717	-0.2687898494387471	-0.5953839420810472	-0.06997100316110538	-0.05615221029484202	-68.1047760088856	1.9641489424911307

drug_410.txt	-1.40666894395249	-0.7834318290000235	0.04926987272734357	0.003183298929636813	-0.16946922942627732	-0.043823910911332184	-151.39059607552758	-0.4957546998057582

drug_411.txt	0.0858711932101847	-1.0496330363808737	0.09454553403975197	0.0932203960366666	-0.15593054510302629	0.07233548171060997	-77.56608663457979	2.361586295737004

drug_412.txt	-1.50981422602938	1.0572941439238703	0.18999282955363392	0.2350519170121046	-0.1462744385381834	0.06290377464164228	-129.82747130692337	0.2571150079242627

drug_413.txt	-1.46105403298561	-1.131662130498741	0.09493574814721473	0.10431013614597179	-0.17593149614739303	0.021194163325557975	-85.78896704924102	1.2189328930601981

drug_414.txt	-1.37516619807131	-0.9918805989826305	-0.025974216123525323	-0.11427066381749135	-0.22308051075395144	-0.2247092631799721	-133.7741577193632	0.15654567702243397

drug_415.txt	-1.47553231556175	-0.8834939507169313	0.013487866600145865	-0.032477719535488336	-0.1689310849293364	-0.03721713603635854	-126.34320621991854	0.5113131149869803

drug_416.txt	-0.20691856951415	1.2367751911887597	0.14613039999244815	0.15498177511587707	-0.10954127317956464	0.1597678693352141	-119.67567567567568	0.8742040737385766

drug_417.txt	-0.267927056783246	-1.0048957187939054	-0.010760009022352301	-0.06740477993477068	-0.17787441779083538	0.034793891544113296	-103.71936319881526	0.5259370296272866

drug_418.txt	-0.264332448695378	-1.000029011140821	0.044481829282222135	-0.0024819496399813845	-0.14876517215801177	0.04637127337999838	-95.54831543872639	0.45759033928082365

drug_419.txt	1.41957064403395	1.4662629170160888	0.10445721618694417	0.08726239440615535	-0.16642462620163115	-0.004677226138123865	-106.54757497223251	2.8898697669267603

drug_42.txt	0.183108670327842	-1.0488082728451271	-0.017369427337123877	-0.080307059078632	-0.16768696817036474	-0.2267382737214643	-81.0877452795261	1.5520642190196976

drug_420.txt	-1.54885566387261	1.040251374666214	0.12949777240759663	0.14918524444678222	-0.12229694822420235	0.11671544541483612	-57.692706405035175	2.0693668216329315

drug_421.txt	-1.62813674225504	-1.0302078567566233	-0.019741691578356535	-0.08527531483115525	-0.21741153025281407	-0.03610571596393307	-101.1299518696779	1.1017007497813787

drug_422.txt	-1.51066295293901	-0.561241238932306	0.03919199186200209	-0.009933877137627	-0.1962086048764557	-0.1857209443533	-183.62902628656053	-1.5681186864503582

drug_423.txt	-1.5027248600783	1.2502050267543465	0.17375665435222637	0.2116945882956363	-0.14534370622604179	-0.12681386068176873	-126.14439096630878	-0.3838756673837998

drug_424.txt	-0.0884462779514938	-0.9411170108597106	-0.03305581070398128	-0.11446304025203152	-0.21077395030224208	-0.20504790157467248	-177.02628656053312	-1.4365298469806915

drug_425.txt	-1.70292456052763	-0.699698999974981	-0.32820388889525665	-0.9145739640410084	-0.2548073949981063	-0.11216167522605465	-120.45353572750832	-0.021635940179186658

drug_426.txt	-1.64795701185065	-0.6803065074458521	0.022997955845562662	-0.012442610549128985	-0.21069158166720242	-0.19258588771266968	-143.7863754165124	-0.911074955391298

drug_427.txt	-0.229684420737315	-0.8367538193199398	0.036899005840175386	0.008990336934853127	-0.19589736303663702	-0.1782299342361722	-197.86449463161793	-1.0192346388887745

drug_428.txt	-1.53258007725254	-0.838178718699955	-0.022689465351935417	-0.12352946105161416	-0.2220001190031564	-0.10439630485852046	-112.2476860422066	0.5279996716793695

drug_429.txt	-1.28991074791322	1.4927566518219302	0.0739911534608399	0.05061824870040593	-0.21478339259212928	-0.12122196984385054	-104.83302480562755	0.8601924700082024

drug_43.txt	0.547351779348521	-0.9998902418176391	-0.28519417347956966	-0.5304097972418884	-0.10156554527268731	-0.09525352958231925	-76.1558681969641	2.6293990420591618

drug_430.txt	-1.64885566387261	-0.5203376439229026	-0.3123019905334459	-0.815420248516985	-0.27262019602200205	-0.15632432046462172	-148.03776379118844	-1.028900190013305

drug_431.txt	-1.24715821005334	-1.0374479019949252	0.15044782860604286	0.21892998069753056	-0.1312006275170856	0.009555420543154577	-63.61680858941133	2.3866203817794767

drug_432.txt	-1.68015870930446	1.031638327337864	0.10946726201115575	0.12262447392180043	-0.17407939474340486	-0.0005402778190079704	-86.52054794520548	1.2608495709664091

drug_433.txt	-1.36115388321027	-0.6661806052434204	0.1409770440338769	0.13653996647555916	-0.13747754845965998	0.07222909971150286	-43.66271751203258	2.3558174430355066

drug_434.txt	-1.43078277320861	0.8148955728379971	0.07817047802983873	0.08918485912840851	-0.1745779826948893	-0.06030997531897671	-87.92077008515365	0.07927813125836541

drug_435.txt	-1.43497648264445	-0.8315178068359483	0.028474265357236017	-0.00890396955245848	-0.19428839295535033	-0.13090159729107398	-165.01517956312478	-1.4582342740005798

drug_436.txt	-1.55649420605933	-0.6180146171236043	-0.023606103805721868	-0.180924526497597	-0.26000733464634035	-0.15876327006799984	-161.64716771566086	-1.4758187283602144

drug_437.txt	0.300149775336995	0.6827825007307531	-0.42266011346377275	-1.1396866425586494	-0.29085668716108093	-0.07185694992806006	-85.91003332099223	2.1799340763944968

drug_438.txt	-1.4881467272775	-0.5227978313024533	-0.46297088388273655	-1.154753766980857	-0.3654600153346516	-0.20600021413318184	-108.05886708626434	0.7376183051574398

drug_439.txt	-1.13287700028904	-0.89426234835837	-0.4609763658338834	-0.9684572241709408	-0.3329239428162629	-0.18052997409423466	-134.85412810070343	-0.45667696279886144

drug_44.txt	1.32351472790814	0.9015334150723827	-0.014717181231096887	-0.06245834854731752	-0.1831127247561933	-0.03507364358316089	-63.1714179933358	1.9270238484420403

drug_440.txt	-1.42859657881599	-0.5856206182942636	-0.43786695227271966	-0.9950276874848869	-0.37482521191422946	-0.25462521784389913	-109.31803035912625	-0.34732631050288837

drug_441.txt	-1.50227553406732	-0.7065935340611048	-0.3583515431720766	-0.8183612754806191	-0.3465252404774333	-0.21898062704760776	-72.52980377637913	1.6909478979671657

drug_442.txt	0.159111333000499	0.634381354983901	0.04042346612408099	0.027262355014693318	-0.2584644529570391	-0.033929184988766514	-96.28137726767864	0.7804880686081838

drug_443.txt	-0.452633330705696	-1.0446884088566988	-0.04485561136755589	-0.23127123412219452	-0.31916480066663494	-0.3053626648988987	-207.2795261014439	-1.9977795416749011

drug_444.txt	-0.459772621769101	0.8309023283097592	-0.009061333582706915	-0.10765380327384821	-0.31290700515595504	-0.24299964972391383	-153.79155868196963	-0.9635467110824781

drug_445.txt	-0.249887449527463	0.9343562847272209	-0.05385997290757383	-0.18315071570091074	-0.3695460366583198	-0.31416140713893365	-161.15290633098851	-1.1897687618152648

drug_446.txt	-0.343066102600485	-0.9660053139680609	-0.07938862125194746	-0.30731110280332663	-0.34472806238173814	-0.34321534365209183	-223.28730099962976	-4.683623577960286

drug_447.txt	-1.21970990882098	1.3895934322267063	-0.02115916900740339	-0.115941619259184	-0.24144920618512472	-0.1356560420983441	-115.25472047389856	0.21391046423132212

drug_448.txt	-0.28904975869529	-0.8010607210208286	-0.2874291288415399	-0.6517831506514556	-0.2084180353797854	-0.10089302357245984	-92.6271751203258	0.3045475977707765

drug_449.txt	-1.38497254118822	-0.3181467671472091	-0.4497619915561315	-1.1836344071857603	-0.36614015513698694	-0.3346095245451028	-169.58126619770457	-2.575183119898768

drug_45.txt	1.38587119321018	0.8639538346197848	-0.3155424561328483	-0.6598643442777479	-0.22986904393542668	-0.185336354191529	-68.46686412439837	1.6926408006017035

drug_450.txt	-1.4527104080721	-0.7606511824648858	-0.08474339406526463	-0.20681443976453087	-0.3071163057397238	-0.2477540578115117	-147.5549796371714	-1.4047808577770466

drug_451.txt	-0.0579262684919988	-0.8219734461949213	-0.304678731713245	-0.7288261195559788	-0.32523798852998814	-0.29863239890476667	-137.5109218807849	-1.230147366388446

drug_452.txt	1.62722582792478	-0.4086120022141292	-0.09850494772641427	-0.3602738243829995	-0.25925891279948965	-0.2668951812810615	-207.04776008885597	-1.7763464669554345

drug_453.txt	-1.39189111070237	0.8086851824539358	-0.30221126619196803	-0.6849986487959692	-0.335464243231736	-0.255379634419542	-95.91040355423917	0.9000282818132225

drug_454.txt	-1.11834879260057	1.0378209853462252	-0.07319000062444511	-0.20397929979564705	-0.31066721131402075	-0.19777102733215499	-143.88744909292853	-0.38725808536011985

drug_455.txt	-1.33279641940598	-0.47581110880460675	-0.42429261742948654	-1.004752768181433	-0.3585160123352714	-0.2170836276774025	-102.27101073676417	1.0340855921656085

drug_456.txt	-1.4165041910818	-0.8016319138123009	-0.05862064834204528	-0.16328490272067359	-0.34911336579236707	-0.2847087752196586	-121.50758978156239	-0.5214257058939222

drug_457.txt	0.0632630002364873	0.5502017956234952	-0.05258900130814628	-0.1300252288038155	-0.25412684024887877	-0.13775540733791794	-85.81377267678637	1.562830096730995

drug_458.txt	0.166957458549019	0.9397002374826744	0.010502591701008979	-0.02364535318047528	-0.22039575741661785	-0.09898118985897762	-88.25694187338023	1.6023166441656562

drug_459.txt	-1.30222560895499	0.7797533302992025	0.019837539388702974	-0.037168349196599004	-0.30707393120381016	-0.23052704668891685	-116.60866345797852	0.8811489376570886

drug_46.txt	0.293033257131846	0.807018961287955	-0.10045380144002808	-0.10505276918742246	-0.066110052127268	0.040259551699564744	-24.38985560903369	2.840681337645592

drug_460.txt	0.0311445113032205	0.5263608327876347	-0.04220892211628449	-0.13266586886608372	-0.24792832683411026	-0.10987707187710664	-97.1218067382451	1.734932904393028

drug_461.txt	0.159468691699293	0.5683397061040973	0.011174542938602983	-0.03281274776458876	-0.23639756634115883	-0.09774322081386241	-95.50944094779712	1.3345657360342533

drug_462.txt	-0.13920084785103	-0.5664526338663698	-0.4982416541932211	-1.0534904519470638	-0.32867120140104733	-0.2468354999758347	-27.094039244724176	2.097680898788721

drug_463.txt	0.241770677317357	0.6247185747545969	-0.05828544832455862	-0.15268326723591086	-0.31044548488731316	-0.14553428392815776	-101.29285449833395	1.369270150632861

drug_464.txt	0.324113829256116	0.7102013804173254	-0.005303054374372257	-0.11110253304405149	-0.2618812139373474	-0.12287366356259395	-95.7782302850796	1.3711370060780679

drug_465.txt	0.00168869502763402	-0.4211708241402585	-0.31827485585197024	-0.7175777194173025	-0.32067210275944547	-0.24111641015674842	-132.7782302850796	-0.07874631963342989

drug_466.txt	-0.143363901516147	-0.9195931176804842	-0.1002054560926483	-0.08726788102803784	-0.13632055224734244	-0.004104178308945162	-113.35246205109219	-0.3172071146597594

drug_467.txt	-0.382105788685393	-0.2862754595301272	-0.31549885499267827	-0.8049792782917492	-0.038325218871481014	0.04218354697991005	-155.48759718622733	-2.819927640658772

drug_468.txt	1.42396405391912	-0.5855599797433567	-0.27822512922799836	-0.6625102220021308	-0.04152549026977094	0.034504044603533644	-133.96704924102184	-2.178203609147718

drug_469.txt	-0.467810564854473	-0.7732971327390243	-0.3498416673092762	-0.7817256545666835	-0.17455580114207445	-0.24736160394364226	-213.31062569418734	-3.7684616758397183

drug_47.txt	1.41936043303466	-0.8435331576223278	-0.07609386020135694	-0.060251021614749045	-0.01844011039010556	0.04527673243456013	-53.70159200296187	3.226055008666043

drug_470.txt	-0.333533033782659	-0.7115869522472971	-0.06519728848492251	-0.2642118182359158	-0.14657391328088085	-0.12253620162804284	-206.95816364309516	-6.147135838259333

drug_471.txt	-0.234127755734819	-0.5055424900785307	-0.4589760100360232	-1.0333897336606244	-0.1837142425903177	-0.09112228947905116	-203.891151425398	-4.683398125728307

drug_472.txt	1.22992353574901	-0.6383473080082276	-0.380637649288629	-0.9199927117616379	-0.1619748739509358	-0.143905206822558	-204.20807108478343	-4.559073213541022

drug_473.txt	-0.0682791602070579	-0.9339564048462237	-0.1359981579824762	-0.08287600114895877	-0.08234409232752567	-0.0020983768797614363	-93.92965568308034	0.7901604464973013

drug_474.txt	-0.0107155056888351	-0.6107496724344739	-0.1999690182840428	-0.45378690005473077	-0.1896757951025321	-0.10174042018490374	-45.899296556830805	1.4499355387283768

drug_475.txt	-1.59184118559004	-0.7607128935779253	-0.1507847688733977	-0.37255791530273547	-0.13778092353599677	-0.05159538445531061	-46.74046649389115	1.9667917881625312

drug_476.txt	-1.60207583361799	-0.6569285173155796	-0.17030607745685247	-0.14022469165878282	-0.18432769475351712	-0.10856014504412842	-39.04072565716401	2.359440109695345

drug_477.txt	-1.59149170980372	-0.7772425910199685	-0.14325701663061405	-0.06212819744032905	-0.1379294188251351	-0.023331894204178385	-58.79563124768604	0.7107903637017269

drug_478.txt	-1.54461202932443	-0.7952083603917346	-0.14240384561327638	-0.2572032274684577	-0.11008501517552777	-0.03712733958680767	-90.33283968900408	0.37100308268589727

drug_479.txt	-1.57366844470137	-0.8615803479820627	-0.10158539928980687	0.03725237755982158	-0.10690261525965042	-0.04591954944082412	-57.021103295075896	2.825142041776475

drug_48.txt	1.46793756733321	1.1452664088228204	0.06895603798110647	0.05171976661916383	0.017929012568407243	0.01897738165581323	-30.564235468345057	5.292902396959526

drug_480.txt	-0.11056310271435	-0.8527305833286898	-0.08964453761596347	0.14050526518332374	-0.16571408904376286	-0.04520767836544859	-107.63383931877082	0.2244790399641781

drug_481.txt	-1.54066794545025	0.6745528179712172	0.008119934521623573	0.16359286162072662	-0.0549464407805118	0.04070233977066668	-85.33098852276935	0.5843210313241141

drug_482.txt	1.42785821268098	0.7325215712090374	-0.0210971096375574	0.14731292946010904	-0.13336234952205775	0.014472293770725784	-94.19881525360978	0.2733711132166972

drug_483.txt	-0.129734345849647	-0.6673196958142078	-0.11384037888297804	-0.14272320273342287	-0.1084518536761154	0.011711336702145667	-91.66160681229174	0.6728169550907535

drug_484.txt	1.53115327009486	-0.9029173072670733	-0.10151108688163593	-0.18381304777649315	-0.10499690789919884	0.07767080303469903	-43.279526101443906	1.998684987234058

drug_485.txt	1.54717923115327	-1.0003860139736402	-0.12231505596101633	-0.11558017257834807	-0.13883612892733707	0.08171137293151788	-83.65901517956313	0.8509037449298099

drug_486.txt	1.46185721417873	-0.7316056508408824	-0.16309465888431107	-0.25516054006649086	-0.14331279995881716	0.09310004479765079	-50.90559052202888	2.6113953666606697

drug_487.txt	-0.286249573008908	-0.4868867626062504	-0.28317636279110603	-0.6047264385912485	-0.14503784593197283	-0.06168420476417991	-139.05072195483154	-0.8042989047906994

drug_488.txt	1.47630396510497	-0.7890242802822497	-0.26314661718166127	-0.6006920949093966	-0.060431550402366585	0.049588435158968734	-115.91521658644946	0.4142839322030557

drug_489.txt	1.59076385421867	-0.7285497317683137	-0.48790126134747847	-1.1292083800891577	-0.1631249487134552	0.013284269655218445	-101.68011847463902	0.5996797259992512

drug_49.txt	1.44098851722416	0.5149882080382233	0.3316906938742976	0.8415392489385666	-0.029253497505876438	0.1727404593646219	-15.521658644946315	3.641655383772744

drug_490.txt	1.49930104842736	-1.2641833330155303	-0.1262313825744485	-0.08998659119919716	-0.04717211993853078	0.047987163562151554	-36.47463902258423	3.0775786562522645

drug_491.txt	1.56105841238143	-0.7533534802602095	-0.4699648211463455	-0.9972986506215216	-0.16360051645189444	0.07245348313471457	-100.56090336912254	0.45597421398429683

drug_492.txt	1.47523714428357	0.5687250800942966	-0.14606941452536457	-0.15903106915223925	-0.1480152321889659	0.04878613315888586	-53.83524620510922	1.351057276455511

drug_493.txt	0.293842569479115	-0.9939535979948233	-0.15097411294494928	-0.17646219956650988	-0.055042483416416176	0.1247049054370768	-68.82784154017031	1.3351027170025607

drug_494.txt	-0.43489765351972	-0.4844817630160996	-0.42640666445081604	-1.1007784659009663	-0.0730773189412292	0.015770632193565018	-141.16586449463162	-2.081075121677384

drug_495.txt	1.49116325511732	0.8930629618495216	-0.12811372744365138	-0.0897168525246198	-0.14202712467348233	0.09524250474060796	-55.0	1.7186416399915234

drug_496.txt	1.46480279580629	-0.8024709617326071	-0.10090019944082566	-0.010015342599263177	-0.14313446859186205	0.02325132911778652	-77.07330618289522	2.074782519407737

drug_5.txt	-0.235219977051966	0.8609120668704567	-0.43348436013262953	-1.046476812070552	-0.3237881458811492	-0.2678118338247274	-170.57978526471678	-1.4767741141534179

drug_50.txt	1.39495756365452	0.6879750228496011	0.07713500240479672	0.09002957913996656	-0.014418776087711046	0.14345666230548895	-31.19992595335061	3.652441050491489

drug_51.txt	1.44433349975037	0.4350854636593485	0.08900858854764312	0.12276898350300969	-0.04655595062552629	0.16845126253509662	-31.68345057386153	3.3315924358711295

drug_52.txt	1.32741501782414	-0.5421712509641292	-0.35934033933367976	-0.7268198832139559	-0.10299946532678877	-0.08617032058582463	-196.41799333580155	-2.421065165191359

drug_53.txt	1.61188830788904	0.7386699517873914	0.03703444361169014	0.023760580521591634	-0.03986747426576988	-0.1332736770267599	-235.3924472417623	-3.6447944633254354

drug_54.txt	1.43783272459731	1.3160366165895336	-0.2918115059894154	-0.6174726338103259	-0.07804096218430671	0.011031652501139591	-55.80932987782303	3.4961451967115162

drug_55.txt	0.249265575321229	1.0510193823517728	0.2795899263585948	0.7793436341674925	0.029260255534773814	0.2688791722200834	-64.61458718992965	2.0373079298138435

drug_56.txt	1.34597051790735	0.4958121764975686	0.12487742609881455	0.2281787457497196	0.05498843226036454	0.13089764712838978	-97.25990373935579	1.573878984438576

drug_57.txt	1.46878629424285	0.8722874970203627	0.06490267974100006	0.0854208985323956	-0.029001890025018358	0.06930601495765287	-62.3639392817475	6.046259171869233

drug_58.txt	1.41386867067819	0.8010083374654805	0.024907227652208486	0.011657945066129383	-0.07425936124478419	0.14916530556780674	-54.36023694927805	3.177348504887372

drug_59.txt	0.402635520403605	-1.0695072088940862	-0.45005692050900253	-0.9856719661690996	-0.07644100103267894	0.051842252323517836	-61.818215475749724	5.1357069383230485

drug_6.txt	-0.0205376146306855	-0.7345762716243982	-0.30436013368819737	-0.749307990175882	-0.29058547187440076	-0.17877648437487173	-133.49907441688265	0.9064791549249906

drug_60.txt	1.36009932469716	1.0023350839193534	-0.2609566748584191	-0.5960177532778597	-0.07136034334836393	-0.05651600435199206	-81.33506108848574	2.2717988300882266

drug_61.txt	1.31427858212681	1.0242991402748913	-0.08257715151615957	-0.25814215178788646	-0.11286202758556442	0.025581682842973977	-48.107737874861165	3.615570395837107

drug_62.txt	0.294381235164797	-0.5419853144149224	-0.1003701072375765	-0.342263683509189	-0.02560074676795699	0.06239874258692633	-52.323583857830435	5.291711585085597

drug_63.txt	0.189055889849436	-0.7441496222804027	-0.4242278087994374	-0.8020944643845791	-0.13148549567828724	0.0035794736131289995	-51.51980747871159	2.8044182595739198

drug_64.txt	0.33852554501581	-0.7181036707930508	-0.5336838570715045	-1.1753932307864472	-0.2201675424589332	0.07095744035348389	-62.27360236949278	2.6062708021332983

drug_65.txt	-0.00565204824342425	-0.8268491770952914	-0.2405053400325945	-0.3632435529676912	-0.15937651224910973	0.04594828197007027	-7.776379118844872	5.633477665382977

drug_66.txt	0.0105236881519825	-0.7015841165323689	-0.19952790355685454	-0.2736322198714283	-0.1124328918961014	0.040239462517778136	-23.504257682339873	3.7191042499759086

drug_67.txt	0.0779725149118428	0.76586719385841	0.026350723531110037	0.17591408979484885	-0.015898208141389432	0.13488243149172408	-29.117734172528692	3.5283398274586038

drug_68.txt	-0.0027064666158656	0.9359845339490773	0.04275260909892298	0.00708652478830385	-0.05876563464502329	0.24034931010915322	-65.42280636801185	1.5319643127302696

drug_69.txt	0.0726305278923719	0.6027054610315266	0.11762402516831771	0.1455372998605693	0.030423987482415364	0.2857583719910578	-40.24731580895965	3.0080737942033595

drug_7.txt	-0.240386788238695	-0.5856130690199397	-0.3307757836729756	-0.9126514769870803	-0.31596090803104904	-0.30992656761189347	-172.15475749722324	-1.4913230750768645

drug_70.txt	0.348976535197204	0.6231242899848637	-5.102673578388783e-05	0.1933211436378821	-0.0377468627643599	0.0867405200560829	-17.278045168456128	3.6745769183526185

drug_71.txt	1.43343931471214	-1.0081345274088798	-0.08609382651199957	-0.1335061090237728	-0.06708833812806762	0.043926034504537644	-41.233246945575715	2.8811080392011985

drug_72.txt	1.39579578001419	0.5996545732803551	0.08287699711519851	0.3840215479019506	0.09342545973874805	0.207456339736094	-24.1965938541281	5.56575664864825

drug_73.txt	1.33718369813701	0.7593849776231781	-0.07678934589897693	-0.015503016438052186	-0.02664769112922347	0.06461766450324187	-40.620510921880786	3.098676252222807

drug_74.txt	0.463843708122028	0.7724587753330394	-0.0028307119129270253	0.17463868594164172	-0.04002877142744024	-0.02468621538716552	-24.117734172528692	7.742354779323441

drug_75.txt	1.38635993378354	0.5440884380795317	0.037449940429210765	0.24065695535214016	-0.047844428665442265	0.05619199777503551	-22.563495001851166	3.9127229164773447

drug_76.txt	1.41696402764275	0.7777193938445363	0.03828183339882464	0.3460835897668269	0.024399493450118163	0.059988891974356355	-41.04294705664569	2.91700776330427

drug_77.txt	0.274860516243179	-1.0213377184263286	-0.47038320956217927	-1.0702152812291352	-0.10801011780770978	-0.04315758729367778	-60.82117734172529	1.866412079161064

drug_78.txt	0.34665282777588	0.5173404384610902	-0.017188394281606456	0.07490083371391187	-0.04276658764925855	0.037106467503833174	-55.18992965568308	3.5664565096995835

drug_79.txt	1.59206803829344	0.9907060322237792	0.027624723726410866	-0.05472265584839742	-0.02865826452449449	-0.12252077274342585	-199.80636801184747	-4.0338298786333375

drug_8.txt	0.0225687784113305	0.7680085905042926	-0.2858509194005693	-0.8265316447530344	-0.25469540489249587	-0.1378788942856616	-91.56497593483896	1.215808527447513

drug_80.txt	1.41456762225083	0.5645456153342829	-0.3509575097314622	-0.7700271799446077	-0.10653129036753729	0.022310167156150834	-54.377267678637544	2.2005009847427957

drug_81.txt	1.46560159760359	0.6831741489663766	0.030049074149388053	0.024578745905946414	-0.008124000935221181	0.1333672786291617	-63.66419844502036	3.4455060886148106

drug_82.txt	0.263654518222666	-0.7464449096049642	-0.43871426809498393	-0.8735719641764768	-0.13673421247905168	-0.05035144392321953	-72.6904850055535	1.9698165139772064

drug_83.txt	-1.5258568287919	-0.39852650855592514	-0.3672440531338639	-0.8267262535462091	-0.1363467287662125	-0.0689304014725779	-133.4305812661977	0.254994432881205

drug_84.txt	-1.48626621471302	-0.540611024248397	-0.43552549975445143	-1.029831961243719	-0.15652447087212995	-0.09000918553605257	-97.02702702702703	1.662557443923277

drug_85.txt	0.277367282409719	-0.6758833978504	-0.6085485790605795	-1.2819114099292106	-0.34649625122004757	-0.14549579303931448	-77.71047760088857	2.6919800028197627

drug_86.txt	0.182160093193543	-0.5451381647728711	-0.4878130584364776	-1.0937772058698327	-0.28526966856792213	-0.16263926807024867	-121.50944094779712	0.5622336682568954

drug_87.txt	-1.34193271496264	-0.6919674990217789	-0.4744134296654978	-0.8652477756034698	-0.21585072954396717	-0.11803193213873926	-87.98704183635691	2.4804676857826387

drug_88.txt	-1.51885067136138	-1.1066494517878949	-0.4961304204533017	-1.1171698598651076	-0.2024724105899952	-0.14920260842586874	-65.46019992595335	1.8645233584360452

drug_89.txt	-1.38974433087211	-0.6248504448968569	-0.5632030011236296	-1.1358819587742286	-0.2954404277474904	-0.18259535272554603	-47.2510181414291	2.1314327533457393

drug_9.txt	0.0367545173467869	-0.49609862837498353	-0.41676664962699367	-0.9589108978862617	-0.2244628622686748	-0.16862674277136075	-113.03221029248427	0.8936050030495688

drug_90.txt	-1.76767743122159	-0.9386255614837549	-0.5054372502194608	-0.9502878131330581	-0.2718394958478423	-0.1698916832498518	-95.53980007404665	1.2561122784549066

drug_91.txt	-1.33049986423873	-0.5566272511664886	-0.5141327305362706	-1.0270990978403753	-0.29125713695557476	-0.22904274659894197	-134.18141429100334	-0.3189690421165697

drug_92.txt	-1.55634443072234	-0.7224601068126476	-0.4708877369440845	-0.9473227190412483	-0.1654085117712466	-0.08383677439008634	-68.03665309144762	2.863630656839235

drug_93.txt	0.160442669329339	-0.4867212374383759	-0.5748688836824081	-1.3009892730457988	-0.31620123264994365	-0.07070333266583297	-96.68048870788597	1.8143915629864973

drug_94.txt	0.305874521551007	-0.6817661379041489	-0.4536053260116344	-1.1170355003289403	-0.28756957581861275	-0.13566645587036302	-70.94779711218068	2.394230163913496

drug_95.txt	-1.50164314931112	-0.6270817634968685	-0.5361806582346911	-1.229807518580149	-0.27492097105446256	-0.17445916174594225	-133.69751943724546	0.3722405803915204

drug_96.txt	0.179314361790647	-0.43330207899024076	-0.5387572975044221	-1.056442048516276	-0.27179813882558645	-0.1004405603727355	-79.68530174009626	2.8792205522781398

drug_97.txt	0.284606423697787	-0.5308047223034958	-0.47423802617935096	-0.9822719371998161	-0.3510320483306109	-0.2253323437065105	-91.7571269900037	1.3734282580558415

drug_98.txt	-1.60896549911974	-0.43958655662208324	-0.5428958881424346	-1.2279710237682187	-0.3283010329712627	-0.33932044638185654	-86.20251758607922	0.9703124842913226

drug_99.txt	0.107671825594941	-0.6450547275133438	-0.6598057807503073	-1.5814327894886264	-0.37793159671508225	-0.14995525684124067	-63.61977045538689	2.1486461051086487

