	SScmap	SSfisher	SSlincs	SSlincs_Norm	SSpearson_corr	SSspearman_corr	SSzhang	SSzhang_Norm
drug_1.txt	-1.28019812386683	-0.6072913567040206	-0.23318837209318688	-0.5314836181625058	-0.21792184127586553	-0.2753530701449375	-100.47701736465781	-0.8399979343343749

drug_10.txt	-0.389429014373177	-1.1073392727610756	-0.2785503120378311	-0.6554312011627337	-0.25996169239264016	-0.1408233647880795	-65.17058222676201	0.4059954387304069

drug_100.txt	0.308694852458155	-1.1803006855934837	-0.014819650673284612	0.07193681099483396	-0.008055427478360756	0.03102748307451336	-60.804392236976504	1.689495669709949

drug_101.txt	0.131741860892871	1.2966754843133192	0.12617299323360864	0.22019660273834968	0.038670992037289936	-0.06053053464112347	-67.80771195097037	0.4933680392207933

drug_102.txt	1.36150773839241	1.2834354060461313	0.1107328751375225	0.17198494058063352	0.04358164035066424	0.061622331671181495	-39.900408580183864	1.5005645014846671

drug_103.txt	-0.0882176734897653	0.8738123785430392	0.05727049182149277	0.07854423942082905	-0.024781690280594276	-0.22016627898929808	-69.9341164453524	0.3504552907898293

drug_104.txt	0.412980529206191	1.0261411786228	0.34457874156693075	0.8376567939221797	-0.03733706671494541	-0.0896124440202025	-73.00944841675178	0.17891831865951094

drug_105.txt	-0.190424888982316	1.333099844689003	0.14777695736854954	0.2252691390255796	0.03142966949652473	-0.07676184198050809	-54.866956077630235	0.20525911507602757

drug_106.txt	1.53869196205691	1.1697399465414215	0.09007005601737914	0.14474955541966694	0.04306787183559772	0.059279940152684715	-25.811287027579162	3.1818231185216614

drug_107.txt	1.20889455290748	-0.828585856861614	0.29804829499726837	0.8601928669716721	0.02227549476294324	-0.07617177275004755	-85.30515832482125	-0.9304745048936163

drug_108.txt	-1.23115327009486	-0.7266307430253688	0.059512556150080276	0.08074842450873243	-0.03174538624400935	-0.15013298763672803	-80.85316649642492	-0.6124524099174297

drug_109.txt	-1.20244633050424	0.9609623193597892	0.3242626045442494	0.8895256144878034	0.033321184997498796	-0.07869161546147513	-76.6105720122574	-0.4993850489463105

drug_11.txt	-0.423527866095593	1.1798006406912602	0.2362767605861431	0.7269143164166548	-0.14231268518617593	-0.10503371079950222	-82.62334014300306	-0.048557874713418284

drug_110.txt	-1.20973539690464	-0.9370356671621524	-0.08714737221573421	-0.17406883341752272	-0.09892351662934251	-0.04518067291826781	-34.73161389172625	1.7155652578865768

drug_111.txt	-0.377236776414326	-0.6206804627759404	-0.37784634603358147	-0.8730839755766513	-0.20144433033816989	-0.18765472859436777	-49.04954034729315	2.1994295355549327

drug_112.txt	-0.304293559660509	-1.0781843385637424	-0.3900048701443417	-0.8968749620902632	-0.2626803944657081	-0.09621924162336504	-37.95505617977528	1.1470940109020378

drug_113.txt	-0.290106944845889	-0.7888380079158506	-0.33007030485342675	-0.6659816916560516	-0.1917502865006491	-0.12256709940484996	-49.95760980592441	2.635133801822936

drug_114.txt	-0.390175263420658	-0.7554011839628951	-0.4465608237151853	-1.0128844286747372	-0.238678523751557	-0.13063605607114598	-61.0097037793667	0.8912866790175841

drug_115.txt	-0.357024988832541	-0.842554784790444	-0.41782854757629007	-0.9618550123231313	-0.24964994030830276	-0.16183719636811153	-41.31690500510725	1.172029187320437

drug_116.txt	-0.265344089129464	-0.9838401436852446	-0.3341746641793047	-0.7624366821567616	-0.19315239932589937	-0.017829223026837458	-52.826608784473954	0.9539957424734304

drug_117.txt	1.55836245631553	0.942228818961214	0.06781512780977608	0.10356905348896722	-0.01481450167004234	0.04530399704009579	-56.70403472931563	1.4377294848754436

drug_118.txt	0.400698951572641	1.2618470962162607	0.023010694208784627	8.93110852635548e-05	-0.05483825516200054	0.1614936490864679	-20.53855975485189	3.6319173753519043

drug_119.txt	-0.225361957064403	-0.9584746211322459	-0.31912689675730777	-0.7625363654954633	-0.16432871062859675	-0.02441828371066869	-37.81767109295199	1.1090223572994593

drug_12.txt	1.47998002995507	1.1751304987903937	0.03810950010296976	0.05179397062243285	-0.016551585901345627	-0.0664928759698068	-31.644024514811033	1.4035005609030258

drug_120.txt	1.42181727408887	1.1154794535113541	0.013677356237654648	0.004569640078589399	-0.005546187951040803	0.07772062334916686	-34.32201225740552	2.133574357643358

drug_121.txt	1.34702945581628	1.1221614512090357	0.029031747497042293	-0.0018818575771304413	-0.0264136051516436	0.15609379053140301	-18.494126659856995	1.5306353352708524

drug_122.txt	-0.364952571143285	-1.129928580315299	-0.3723858566813044	-0.8891681211502596	-0.18006711122452176	0.05676458161311293	-23.657048008171603	3.041282714737477

drug_123.txt	-0.413104028168274	-0.7219115220303098	-0.3790864839716822	-0.9175641508347552	-0.22381218779105935	-0.12959660532155762	-47.505873340143005	0.6646441330731553

drug_124.txt	-1.21136978742413	1.029057985856723	-0.05768297626378127	-0.13893754354857074	-0.05659280592787645	0.17236307798630263	-4.751276813074566	3.2193699573791372

drug_125.txt	-0.344982526210684	-0.9208243666447091	-0.3810534777772737	-0.8714357249436837	-0.19164544167326406	0.07192438962325144	-20.055924412665984	6.1226955499442015

drug_126.txt	-1.5501615997057	1.2020714177816085	-0.3802285390584927	-0.8817762036245691	-0.1708137594945888	0.11749317032211361	-7.37461695607763	2.4654701717259626

drug_127.txt	-1.20353154478808	1.234458593451169	-0.05461233399740881	-0.13130278263720524	-0.05518776936478761	0.13180764039059725	-21.616700715015323	3.0314561194917666

drug_128.txt	1.1128307538692	1.975765308861735	-0.0006414751422989529	-0.006662154842450196	-0.06438258935195686	0.14762778269394622	-44.17977528089887	1.3612867951951888

drug_129.txt	0.121457287752582	1.6717442582198339	0.009946975399604763	0.0015360866719053567	-0.042053855759434135	0.12454855418042281	-20.1938202247191	2.2478070420714147

drug_13.txt	1.40913366791917	1.1252891525003452	0.14571595107493934	0.26254450475862356	0.018487456150306177	-0.020432247980126064	-18.278600612870274	2.2587865764636863

drug_130.txt	-0.030777517933626	-0.8813604047835915	-0.014821775891187328	-0.040812227920273225	-0.04760797333261979	0.09791097526842803	-30.035240040858017	1.7339231351349707

drug_131.txt	-1.18860393620096	0.9684853325612355	0.06522717924304455	0.086619563375186	0.02261523582172473	0.12061980001361688	-9.541624106230849	2.8242841010677475

drug_132.txt	-1.33413563864729	1.4633980129944717	0.028600159608109493	0.010831601671775437	-0.03753727145665668	0.14482656335528193	-5.384831460674158	2.3710992172228824

drug_133.txt	-1.09075071603122	-1.0290572169106196	0.002553846040891955	-0.032511736932338275	0.0006456346628170038	0.08795652546088985	-13.576608784473953	4.675268014358458

drug_134.txt	1.38332501248128	1.0663669883237823	0.04361758643816313	0.04919367796383961	0.021529711628959645	0.1778069570784238	-21.900663942798776	3.817629057641754

drug_135.txt	0.133000499251123	-1.46427724427149	-0.3611394127238575	-0.7638798711200188	-0.14281129734246276	0.1034253495840408	-45.69484167517875	1.348662631296557

drug_136.txt	-0.219670494258612	1.329301443784736	-0.40938450655020225	-0.8606587569545148	-0.16334346342934392	0.0840369504328208	-32.416496424923395	3.6786793505299427

drug_137.txt	0.186170743884174	1.0060382755915955	-0.339432756176839	-0.8342452840220156	-0.1200505527572461	0.17206433467550197	-2.517364657814096	3.2954948311951564

drug_138.txt	1.10193656883096	-1.2191242014981571	-0.04769780592645492	-0.10533249942412837	-0.07492277304118	0.11633869121301674	-12.02093973442288	4.063543218435057

drug_139.txt	-0.221717423864204	-1.0143987237290177	-0.4111590581600165	-1.0209863155347392	-0.19837962891553904	-0.034399227390122945	-20.07967313585291	1.910301934274189

drug_14.txt	-0.406353627453556	-0.9388615864371737	0.006847354941961814	-0.002886395527773533	-0.14024934957899507	-0.12278886432723965	-73.43922369765066	0.4942063457994405

drug_140.txt	1.29680479281078	1.0516204927261272	0.012467843677217955	-0.012104616418670833	-0.0438139322744533	0.1336745391956939	-28.56179775280899	1.5093689694104775

drug_141.txt	0.187626455054261	-1.4765304225957074	-0.37555646054929526	-0.7765335549556379	-0.12779650435249612	0.06514184994242242	-19.44943820224719	2.0948304032402825

drug_142.txt	-0.403079591139606	-1.0626230763996602	-0.08282440653543119	-0.06163928050724843	-0.2500865854940877	-0.28228476978818967	-73.67517875383044	-0.453642680643263

drug_143.txt	-0.031142759544893	-1.336910813447025	-0.03466313991096018	0.1360911763231425	-0.06530052096970536	-0.15710140308917667	-48.423391215526046	1.0777899707537928

drug_144.txt	-0.306781932364611	-0.8614670009312142	-0.18240228060264502	-0.2999039758534785	-0.22423527696340798	-0.2981386196532575	-69.1608784473953	-0.042973761451608465

drug_145.txt	-0.105415560869222	-1.2339404035069332	0.035377829574241265	0.14246548558175753	-0.06342483838362555	-0.08855464673340901	-42.47165474974464	1.299645898702629

drug_146.txt	-0.0717318758704049	-0.9674014026232045	-0.05180118016938584	-0.09651073491631645	-0.07862832777586609	-0.2104410325968235	-86.56562819203269	-0.9264138069119222

drug_147.txt	-0.443319231678798	-0.7712638051493005	-0.1260995823824046	-0.37550376158771487	-0.2190427030068524	-0.2013879115092132	-77.43718079673135	-0.9392612398680565

drug_148.txt	-0.0975379036708096	-0.7869928037761855	-0.07607204678325177	-0.17638150539007785	-0.07142063026045047	-0.07686888537548997	-41.440245148110314	3.1194490911637778

drug_149.txt	-1.60962503613002	-0.9691083692173355	-0.139583870762472	-0.38625079545402285	-0.20796778691981654	-0.2504921015059066	-81.50255362614914	-0.7438627260457319

drug_15.txt	1.34726594319048	1.2001501196556479	0.06916955543365835	0.12101246719603104	-0.031803214820051835	-0.11498373049863449	-81.24897854954035	-0.2912389343694601

drug_150.txt	-0.142220879207505	-1.2489993842343163	-0.04307055946627264	0.031560853654206245	-0.06401555994820989	-0.13314603721841978	-56.93539325842696	0.4905700230031284

drug_151.txt	-0.430039151798618	-0.8788374423534129	-0.11069840913984222	-0.12176524510022824	-0.15788283270239803	-0.19268237500405316	-72.83758937691522	-0.13901741517293612

drug_152.txt	1.32312320992196	-1.1737650397993122	-0.005401351495738005	0.1797280857384123	-0.01792562976537046	-0.10596026549234099	-16.059244126659856	1.6777974132490971

drug_153.txt	-0.0150616180991671	-1.0697145753657111	0.03739293598308649	0.2145406153400688	-0.04997032047365892	-0.07513208881025762	-45.52860061287028	0.7645639072507326

drug_154.txt	1.38267598602097	-1.1541218416095387	-0.09094195291494744	-0.33703999914380517	-0.110428197530969	-0.13046005427223567	-43.54851889683351	1.1564247953215891

drug_155.txt	-0.0862049031715585	1.1490896076302355	-0.05506706382827359	-0.1264185667412513	-0.11535830338893002	-0.17734606270651285	-40.54111338100102	0.8324825606075058

drug_156.txt	-1.63633497122737	0.8588913105593277	-0.3659657770719471	-0.9089809585725311	-0.26614152569238475	-0.17871201280904955	-67.07022471910112	-0.3246969067815328

drug_157.txt	-0.148461518248942	-0.7600002324663857	-0.10997746291692265	-0.2985427059459277	-0.1902168225315006	-0.26350021745851976	-47.32328907048008	0.3856113720379447

drug_158.txt	-0.0501537167932311	-0.7500601104428253	-0.02049411913227983	0.03021744902335166	-0.08440176726465895	-0.17669540440591205	-62.31664964249234	0.28565685257019635

drug_159.txt	-0.174002154662743	-0.7570891682150713	-0.09218991708728191	-0.23360371423584486	-0.16019302965714835	-0.20797520195039268	-50.31767109295199	0.40416672775588847

drug_16.txt	1.33962740100376	1.1917200262571255	0.04953340030846726	0.06196915939936887	-0.03791060639420315	-0.05904189102809787	-76.33094994892748	0.38968461175159114

drug_160.txt	-0.0971385027721575	-1.257606496389526	0.018660996235750155	0.24100129920355862	-0.049006460517145085	-0.1903445128284124	-59.75434116445352	0.6300584017566359

drug_161.txt	-0.0314370549438999	1.1220586750480979	-0.0821103356904126	-0.04093550663464984	-0.11170163818508334	-0.12859621183850156	-71.982379979571	-0.20569828309436175

drug_162.txt	-0.130727592821294	-1.1289729132991722	-0.06260174868813759	-0.13136011723167906	-0.09695612765106956	-0.09068972856051591	-50.04162410623085	0.570001326973627

drug_163.txt	-0.132884883201513	-0.835751156388463	-0.05188795105896274	-0.13854101554266196	-0.08722347412955478	-0.11411511970160859	-41.929009193054135	0.19477883696319886

drug_164.txt	-0.0724754972803952	-0.6629461089809922	-0.09530646520438896	-0.10591971635217245	-0.13931119220018431	-0.17773453013329296	-69.80183861082737	-0.2657902668829168

drug_165.txt	-0.129889376461623	-0.8622885849274895	-0.38664613113577795	-0.9921221982274695	-0.1849784310251826	-0.15645267105757926	-56.72446373850868	0.2962913302677314

drug_166.txt	-0.163089576162073	-0.7129248692015316	-0.03241505102868131	0.0022144198554998606	-0.06443107766457705	-0.12027969631768559	-33.56511746680286	0.9430684490934089

drug_167.txt	-0.123498962083191	1.1784283930994457	0.02101362558950126	0.18795523309604611	-0.03694725316784755	-0.06477547409802178	-72.33656792645557	-0.023676953006363917

drug_168.txt	1.41432850723914	-1.5389586269829358	-0.005375869267468275	-0.05830154601531523	-0.06874904084519975	-0.14835493953490494	-40.375127681307454	1.271163113899507

drug_169.txt	1.16097432798171	-0.7584711016639902	-0.07458667939719452	0.04997970987468214	-0.12956959458433276	-0.2542952002506615	-71.9108784473953	0.019888785559295772

drug_17.txt	-0.127322174632788	-1.0710394845241702	0.03364993359822449	0.02378194613650031	-0.06060146091465809	-0.15361107746301955	-77.7344228804903	0.36736284340004405

drug_170.txt	-0.0631395012744043	1.2458057971420802	0.08224004109449665	0.30511912825701737	-0.009732610314308216	-0.175607608421725	-85.63993871297242	-0.9612781157450088

drug_171.txt	0.0132301547678483	1.0122155869892475	0.0786772167276667	0.14022084427151937	-0.0033118672353021905	0.03762266602338113	-25.194841675178754	1.648354497879363

drug_172.txt	-1.23723099561185	1.165421957875255	0.05682139531694985	0.07953937815853412	-0.07887130242161301	-0.024761721889890974	-42.18437180796732	1.5193994518288851

drug_173.txt	-1.1867567070447	1.1913148864193137	0.04626726138695325	0.05980338014361064	-0.06471592602998029	-0.08582477992643464	-42.1608784473953	1.3492436928334453

drug_174.txt	-1.24297238352997	1.2539392893882497	0.041383574615406954	0.05782730217238091	-0.00730941070813643	0.010174240050808992	-33.09856996935649	1.8365041539517215

drug_175.txt	1.53235147279081	0.8662491276431085	0.06128172460322165	0.09680567375284649	0.0048775739481324975	0.06325646563191288	-21.84984678243105	1.7813055523281505

drug_176.txt	0.136345481777334	1.0155845201690568	-0.07045833263149026	-0.14921469800962506	-0.0819633059227356	-0.11734290191933038	-17.56026557711951	1.0480316335930142

drug_177.txt	1.61907139291063	0.9183339807251567	0.0574428771427668	0.10688239084518258	0.00975826782201564	0.07196875105200692	-0.7443820224719101	3.5367435247372

drug_178.txt	1.1426360459311	1.3531873910811947	0.07274792692714632	0.12985846630862646	-0.02897295366878	-0.011090362098674042	-31.0097037793667	1.6042588124692896

drug_179.txt	0.017174238642037	1.240491614449732	0.027860267651338977	0.03225509568990925	-0.018322437341143052	0.013239725364818973	-32.45990806945863	1.9718275297795629

drug_18.txt	1.6698951572641	1.129045523292239	0.11613454135982676	0.1844699919349715	0.035804203263732605	0.024712342813968172	-35.70403472931563	1.1925770885085976

drug_180.txt	-0.00187087789368579	0.8167180133682144	0.0805508269726978	0.11443168088720779	0.027019013185528414	-0.00758446691013194	-34.6161899897855	3.1203955060550252

drug_181.txt	-1.26713613789842	1.2140392985095243	0.0704136727110507	0.1344904508717953	-0.0484116688226906	-0.05687909737366079	-25.594994892747703	2.0147642849946554

drug_182.txt	-1.28346164963082	1.1526289367096998	0.04991782037297085	0.08630194853087875	-0.08590263037044647	-0.12488329108252734	-56.69739530132789	0.8949586723956695

drug_183.txt	-0.0594345324119083	1.3804937858018484	0.026986456049416546	0.03194638199016958	-0.050247251942424555	-0.08316450244128805	-60.22701736465781	0.6365482026208954

drug_184.txt	-1.04246524949418	1.1742313920674157	-0.040321907237508975	-0.09913850088626808	-0.10947001893417542	-0.08517292385391527	-53.21348314606742	0.6486447032915145

drug_185.txt	-1.22105525921644	1.085338331616436	0.11276305069589468	0.17267812422589712	-0.005492177394183731	-0.03670654397551608	-41.93718079673136	2.7880844778263

drug_186.txt	1.45791313030454	1.1955180639326375	-0.009709115522082146	-0.031906571102592596	-0.0574894750593962	-0.01072038973319008	-29.911899897854955	3.6608668907487663

drug_187.txt	-1.14016869432693	-1.4546193263207938	0.044043613679960875	0.02951434627604943	-0.03515988557139987	-0.08881979431368578	-61.29545454545455	0.4429893727754901

drug_188.txt	0.345531702446331	-1.18582474910962	-0.021489973504440596	-0.05949191473130949	-0.09434549229123489	-0.1262398564226352	-28.382022471910112	1.8673355054354979

drug_189.txt	0.0922694905010905	1.4226916795648532	-0.05786656258142289	-0.10173944006028784	-0.09354287939681243	-0.05030743283997415	-47.21092951991828	3.478984132235853

drug_19.txt	-1.52577975142549	-0.9440344982598119	0.00034236178745142287	-0.031603027105748194	-0.1448256507460621	-0.14791067873637667	-79.432328907048	-0.11085763871766163

drug_190.txt	1.38796804792811	0.9835333143087652	0.07167458586645292	0.11994999814563906	-0.030553803146404913	0.0652648870445401	-12.387640449438202	2.7588911353795655

drug_191.txt	0.483125312031952	-0.74692374447141	0.012126243587077298	0.01572383817638856	-0.03317034697389898	-0.09659844847445628	-45.02093973442288	0.5183685132967047

drug_192.txt	1.53225162256615	0.7565139358791227	0.07648153047269071	0.1550560136117265	0.021536894108976322	0.0030566764481651256	9.116956077630235	2.124605746722408

drug_193.txt	1.4882675986021	1.2040666876135384	-0.015438462852956053	-0.09579071511290294	-0.019080760182334667	-0.016868978092899757	-40.93437180796732	1.2848490393421457

drug_194.txt	1.37569435320703	1.3931803226609083	0.14633203216767146	0.2809175272313222	-0.027596833778188272	-0.045268761576716374	8.963483146067416	2.650443348721389

drug_195.txt	0.0743095882492052	1.0257282899890345	0.03417416475186674	0.041695313163719216	-0.0322128058286774	-0.039137790948696405	-79.55362614913177	-0.6002495595458567

drug_196.txt	1.58372441337993	1.278298537100595	0.018335709872123573	-0.003911314890407802	-0.04009572187347029	-0.02682299649758734	-15.855209397344229	1.38567946233082

drug_197.txt	1.28627059410884	1.3202109187489786	0.01369060514711809	0.0008333602320791389	-0.03518761320433565	0.004078504886168453	-40.09933605720123	1.3357968303566854

drug_198.txt	-1.24167433060935	0.8431050931533153	0.04742907031524185	0.08748612597164679	-0.046382815503168605	-0.10701891114915882	-54.079417773238	0.829909783340194

drug_199.txt	1.65936095856216	0.685211328739306	-0.017311779938563504	-0.07793211463282512	-0.062286633155755285	-0.04639629640485797	-60.644790602655775	0.48998657821812586

drug_2.txt	0.0291930525264735	-0.9716940176620874	-0.0035398154572752333	-0.050476403708833384	-0.10673934039504503	-0.11354869534817472	-83.93615934627171	0.5076128507989704

drug_20.txt	-0.0602228236592479	-1.2153574537144427	0.018327306180107694	0.030061426568758765	-0.05323530587110472	-0.08535710140875961	-79.75995914198161	-0.13685818075763664

drug_200.txt	0.0325511732401397	-1.3607118309769446	0.0017471644170575784	-0.03192283864306439	-0.05169622035960163	0.03883828950997129	-68.54775280898876	-0.15365295997692996

drug_201.txt	0.227059410883675	-0.8757570365932961	-0.43576681440332005	-1.0273864721031043	-0.17409089412310255	-0.10282770328422668	-62.80541368743616	0.06712769541730622

drug_202.txt	0.167898152770844	-0.9268133572777169	-0.46760645985912613	-1.0857863648156298	-0.19441489534743708	-0.08119131649204024	-71.54902962206333	-0.32171554651497264

drug_203.txt	0.357763354967549	-0.9337937031752319	-0.4722927950380437	-1.2408619827317078	-0.20820888218292083	-0.12879442751764353	-67.95045965270684	0.10364630067542048

drug_204.txt	-0.144782825761358	-0.9656914510563781	-0.5411628510688579	-1.2256119788585589	-0.3030103742297091	-0.10191156508996987	-58.48697650663943	0.5237420760540409

drug_205.txt	0.176535197204194	-0.9064730437340951	-0.5374060469077648	-1.1872479126715008	-0.2702586357337971	-0.1666725506505255	-64.23391215526047	-0.7840938056855001

drug_206.txt	-0.161507738392411	-0.7103282771007124	-0.6078649535193248	-1.2774483148230589	-0.40464452016049046	-0.2502962169390116	-67.97854954034729	0.2234825096903567

drug_207.txt	0.25946080878682	-0.7670472709677252	-0.4825314389792196	-1.1884351388998893	-0.24110415982703673	-0.12354434347410917	-55.3953013278856	0.6217175923353203

drug_208.txt	1.59425861208188	-0.9859042695314262	-0.5043846446126602	-1.1630982150617195	-0.20439263417308134	-0.17367636422782967	-86.10725229826353	-0.7430275271792179

drug_209.txt	-0.182426360459311	-0.6343742114720399	-0.4446206017404821	-1.2749786841936228	-0.2916695931104202	-0.14190264512812478	-61.44662921348315	0.07690152440216844

drug_21.txt	1.36493943295583	1.151152744084304	0.03264270210823514	0.05216189818476086	-0.06126436740079343	-0.08866852011797274	-65.2888151174668	0.4804442272282024

drug_210.txt	-0.19400898652022	-1.1003486726915117	-0.5336293537549492	-1.3763474240396516	-0.3065688813072435	-0.08652948919402315	-84.44228804902963	-0.965341485541072

drug_211.txt	0.250873689465801	-1.3129690380263745	-0.5077563883705745	-1.2041912891750757	-0.2583535240922362	-0.18221139000085193	-69.02553626149131	0.21945396621304203

drug_212.txt	1.49136295556665	-0.922413695541229	-0.423362754562728	-1.1230303952451144	-0.19661729664093314	-0.06831275462686037	-69.21910112359551	0.5551138018224938

drug_213.txt	1.46040938592112	-1.3236107447830172	-0.5002068791527439	-1.0532811605151084	-0.21357803311251145	-0.13780650446237408	-80.17492339121553	-0.6156025410769548

drug_214.txt	0.18771842236645	-0.7803144618267289	-0.5492920927962608	-1.3061647117028388	-0.17488895319816397	-0.01506322696437354	-52.054392236976504	0.48642692866507825

drug_215.txt	1.55591612581128	-0.9054921841297836	-0.34847818979236145	-0.930246393762604	-0.1337855815618879	-0.1271703906669934	-83.9262002042901	-0.5761610942806235

drug_216.txt	-0.233150274588118	-0.8832450372496621	-0.5904653644863738	-1.2671557379736949	-0.2923579747351552	-0.025026428941188037	-48.75127681307457	1.5772458801546188

drug_217.txt	1.39646319993694	-1.0263001768564861	-0.6211423985845361	-1.474644333798515	-0.2524808905913385	-0.20629482922068898	-96.59550561797752	-0.9391248975073684

drug_218.txt	1.66315526709935	-1.4036474717532275	-0.4518297614907655	-0.9986450064915771	-0.14750137569239935	-0.10407674995697681	-64.85291113381001	0.46535750112467683

drug_219.txt	1.4690963554668	-0.5312238709136673	-0.40529911652902656	-0.9275724020103274	-0.20924785542642316	-0.1466235719876326	-73.43667007150154	0.47962043276644395

drug_22.txt	-1.50572036681819	-0.9854888152445181	0.01715057586083993	0.009845497103423806	-0.03806454375329196	-0.0732211041180796	-89.12997957099081	-0.33598090976468314

drug_220.txt	-0.090164752870694	-0.9142356327049923	-0.5634605029417157	-0.9996701780874583	-0.26430722425600084	-0.1035486742492462	-45.291879468845764	1.7685486589700508

drug_221.txt	1.34808576608771	-1.245403472680148	-0.6150745581008673	-1.2950412625342975	-0.21175155767278173	0.003937563032650753	-34.43845760980592	1.097064172581335

drug_222.txt	-0.0946080878681977	-0.9461863415809153	-0.5954032123482322	-1.3548625608349525	-0.3141256842029956	-0.22636242298450696	-80.12078651685393	-0.14832192132964742

drug_223.txt	1.59226160758862	-1.3999917088497602	-0.5200715282042122	-1.164458148803185	-0.21501816894689438	-0.13744473377729235	-73.7829417773238	0.3584817167255165

drug_224.txt	1.55506739890165	-1.319142829609025	-0.4449544553467599	-0.9046993305495701	-0.12300872368338389	-0.10813811357581847	-104.69918283963227	-1.5628495033559076

drug_225.txt	1.66345481777334	-0.7720068750908164	-0.3823720033805039	-0.813701743721426	-0.18717425911954846	-0.09003541780027592	-73.12334014300306	-0.48281196200553234

drug_226.txt	-0.00349475786320519	-0.36685181683496637	-0.444642518134024	-1.2409051703307825	-0.3164801378511701	-0.3103465199893826	-114.40270684371808	-2.173060965862515

drug_227.txt	-0.064353469795307	-0.9580492331909134	-0.5409890732424152	-1.1181164074879935	-0.28157882401741396	-0.11670866357850071	-72.88661899897855	0.0316337210152439

drug_228.txt	0.235247129306041	-1.4153544754927032	-0.49337354251532606	-0.9985303957929051	-0.16095569035626406	0.10446434005415049	-18.84729315628192	1.7867823255489457

drug_229.txt	-0.0390913629555667	-0.8351985072614634	-0.5795265497794981	-1.30675905669466	-0.3201104814110367	-0.12451386733416374	-95.26174668028601	-0.6751750259778178

drug_23.txt	-1.25804188454161	-1.0086085423187832	-0.021908896136251604	-0.08664614701823536	-0.1656232228015353	-0.18681333420167243	-93.37538304392237	-0.33825393709755813

drug_230.txt	1.54663005491762	-1.1493430688084736	-0.48258476106628645	-0.966389352208825	-0.17084698040008586	-0.059627212903832084	-85.31562819203269	0.1738652591754919

drug_231.txt	-0.225821793625351	0.7726679192627472	-0.3015927519405567	-0.7953735136092115	-0.20680770426122427	0.021321755327536725	-28.888406537282943	1.209894302602782

drug_232.txt	0.204382899335208	-0.9206688124575989	-0.4097178116879532	-0.9804111656191616	-0.2067603852793927	-0.0052137460363080295	-13.76608784473953	2.7139599258578206

drug_233.txt	0.280029955067399	-1.1101090211086537	0.0003704847992455351	-0.01686572073969922	-0.1975728748558683	-0.2795342891763799	-74.52655771195097	-0.014432346362406666

drug_234.txt	-0.0853719420868697	-0.9664804107083558	-0.045381047780103545	-0.11474752126493581	-0.21678289851683308	-0.21386927152990576	-52.5194075587334	1.0010591199291359

drug_235.txt	-0.305983130567307	-0.552599514420783	-0.4078417109177114	-0.8311572827257532	-0.29574559844361803	-0.1883985878390617	-38.830949948927476	0.8281647384534988

drug_236.txt	-0.0670494258612081	-0.7375578539396103	-0.02457123139645931	-0.09482762983510895	-0.16380147082038216	0.012347364442331924	-15.974208375893769	4.842444592986444

drug_237.txt	-0.139002023280868	-0.980109086873406	-0.3891961379567962	-0.7893592003926513	-0.23822121564512275	-0.21126146807607574	-56.163432073544435	1.9369529340669946

drug_238.txt	0.125968941324855	-0.7421815182946915	-0.09715594774832906	-0.21792286365068986	-0.2529093119310782	-0.25318261982036955	-63.500255362614915	0.11945266537664669

drug_239.txt	-0.262098956827916	-0.9039877844993657	-0.33482765951062526	-0.6908462913382107	-0.238253809322948	-0.18993099968853797	-34.45275791624106	0.8713375297552161

drug_24.txt	1.21248916099535	0.839534183426168	0.036837606964466696	0.046569237305576494	-0.04764517335086839	0.010092781491378305	-70.37717058222677	-0.17200739635062612

drug_240.txt	1.29681267572326	-0.9754084882924745	-0.041492177477188474	-0.10871077534513007	-0.11280076620202727	-0.010920636168681585	-18.160112359550563	2.08845781310749

drug_241.txt	-1.10970386525475	-1.25321817547193	-0.016488850638495894	-0.04631406285135753	-0.21061714448795102	-0.2878292187619771	-67.72063329928498	0.8520496246072605

drug_242.txt	-0.191504847991171	-0.7068726305056324	-0.3258292893094855	-0.7098968942708521	-0.226443815724012	-0.236327130301165	-59.25510725229827	0.48093628091699075

drug_243.txt	1.46979530703944	0.9008798737631215	0.01820863934684004	0.006373558589487072	-0.03094895967647231	-0.041357506006555425	-51.71833503575077	1.5685671181489618

drug_244.txt	0.242386420369446	-0.7838781655911584	-0.02406313483944647	-0.09570337526566702	-0.09942766894252056	-0.10288296106656314	-96.95607763023493	-1.955121324176385

drug_245.txt	0.525112331502746	-0.8745234646984339	0.01892730756503884	0.011816943112729295	-0.013013823196020837	-0.02629759645135743	-65.28549540347294	-0.4603909200343828

drug_246.txt	1.63624563155267	-0.6731849476319125	0.05141681915959567	0.078534840888417	-0.02990933126425875	0.0005284178791297542	-52.68590398365679	1.7436429409248695

drug_247.txt	1.55701447828258	0.7236384652162906	0.07291819431127991	0.12593015918376216	0.03195777981766105	0.02011510726553931	-46.78651685393258	0.7277805764745661

drug_248.txt	-0.0664003994008987	0.8635031577938561	0.19599038671985441	0.6220571616808738	-0.03986184341061915	-0.04178923132142162	-30.3023493360572	1.954636386925973

drug_249.txt	0.102446330504244	-0.7422861772989492	0.04042823235728499	0.07107195005625455	-0.05914389119482088	-0.03767619478195147	-56.3682328907048	0.684642504753629

drug_25.txt	-1.61376619281604	-1.163213905647963	-0.03885367456155814	-0.10576584606432476	-0.22440449052891684	-0.1690340714733122	-56.43054136874362	0.9048314521538452

drug_250.txt	1.69211183225162	0.6491665658893575	0.10342653844048436	0.21523280712471848	0.07113911634206978	0.06797215318539071	-41.38355464759959	1.134231353713055

drug_251.txt	1.51412880678982	-0.9177827733779209	0.22347688540518323	0.6879098061557496	-0.04067827445373979	-0.06430873911675884	-59.85112359550562	0.6248255229021292

drug_252.txt	0.0253120319520719	-0.741791925856216	0.04362146451733061	0.06308410377418622	-0.0593955307338158	-0.05634695984453612	-37.7732379979571	1.633250936382608

drug_253.txt	1.60399400898652	0.8322585518119072	0.0748226840606993	0.12460550433353113	0.03297680350003993	0.00699272993381708	-57.71833503575077	0.092732071212053

drug_254.txt	1.38981527708437	-0.9035908322175294	-0.015967732321203812	0.006738756478295305	-0.053434658060073054	-0.05578355978712003	-41.985444330949946	0.7652762658043275

drug_255.txt	1.46345481777334	-0.7447488621131573	-0.06888835455008932	-0.15085394074839548	-0.19535937966262215	-0.2166689443725035	-83.19075587334014	-0.37047464260134283

drug_256.txt	-0.063354967548677	-0.7529151484361268	-0.2989810185246805	-0.7830759388019426	-0.20207823191333218	-0.07672627604964032	-39.4244126659857	1.8070661244472024

drug_257.txt	0.110384423364953	-0.8675497073669676	0.011836697752182407	-0.009593174651065406	-0.1499148600210861	-0.18670765062584646	-88.23365679264556	-0.9353394051615607

drug_258.txt	0.0222666000998503	-0.6497319518200263	0.03950666956557622	0.0645699660957198	-0.04018838476811968	-0.015341732424067195	-48.11797752808989	1.2914584674732692

drug_259.txt	1.42730903644533	-0.709771525865041	0.013234748745048847	0.005483068780506861	-0.046372349637502405	-0.006746134923556528	-45.86159346271706	0.5149801204781376

drug_26.txt	-0.394671151167985	-1.1316213626279894	-0.03499175624309214	-0.08744145698189204	-0.14579501753379834	-0.11654129512744844	-47.89274770173647	1.0053211620386644

drug_260.txt	1.71892161757364	0.604771435831887	0.09780857752485436	0.15007967419119522	0.047282322265290166	0.10320955781731277	-61.983656792645554	0.13054728188517004

drug_261.txt	0.322466300549176	-0.9381665215869011	-0.07908748722424377	-0.21467710587713573	-0.22833625603191338	-0.1904770351047283	-78.30362614913177	-0.8579509307440965

drug_262.txt	0.308387418871693	-0.8846776706464483	0.004620427686781101	0.12430652237046014	-0.039568427308103636	-0.05843183743723206	-71.94816138917263	0.06819790188789249

drug_263.txt	-0.108786819770345	0.9456835036505992	-0.3355668801309579	-0.725276101642298	-0.24331444787253742	-0.15318557233602081	-81.90040858018386	-1.4420097305582023

drug_264.txt	0.00269595606590123	0.8753610280859239	-0.041783568673400245	-0.15760052126250734	-0.19677970741506923	-0.15431229330596688	-93.26098059244127	-2.106148868675754

drug_265.txt	0.00983524712930595	-0.8665121385381074	-0.11117749486612719	-0.24001627317868268	-0.20767534459108555	-0.1251761593872375	-62.030643513789585	1.3146964695790542

drug_266.txt	0.056015976035946	-0.8582773588651211	0.05684260515483329	0.08909520321806164	-0.06523969910916444	-0.03172562103242538	-59.809754851889686	0.7454989747117161

drug_267.txt	1.63944083874189	-1.2402160136703877	-0.05383697097667775	-0.16216797323277654	-0.13070167748610698	-0.06390924658836163	-83.82431052093973	-1.1479933371769702

drug_268.txt	-0.0234148776834747	-0.702911019105754	-0.3173881548464788	-0.7289693532094108	-0.2605803654358405	-0.24358794427339153	-110.58248212461696	-1.9921701592282781

drug_269.txt	-0.0556165751372941	-0.6848846723688864	-0.06612999429143557	-0.171285735017644	-0.1694457122815733	-0.04759744899401199	-66.7635342185904	0.050005330510325116

drug_27.txt	-1.5804162177786	-1.1353311916844326	-0.08694407804128473	-0.16714246606978744	-0.22723695601050703	-0.14959215977734916	-60.728038815117465	0.8744984874418508

drug_270.txt	-0.0477284073889166	-0.8560647942469666	-0.058807038055987165	-0.12257708383232974	-0.20558653635535679	-0.09029735336602582	-68.15398365679265	-0.039463055185410115

drug_271.txt	-0.0454318522216675	-0.6671660237310091	-0.09261713463171023	-0.25493240501443026	-0.2566439211990419	-0.1561619269586069	-85.69637385086823	-0.725457173618107

drug_272.txt	-0.194208686969546	0.5928734501706177	0.11028912595632237	0.21899169576706234	-0.015850879580584946	0.05019575533250821	-32.7288049029622	1.2810871260198784

drug_273.txt	-0.0622566150773839	-0.7662892405085713	-0.33839629097484725	-0.9255613075134738	-0.2615367664018877	-0.1310597559584924	-54.8488253319714	1.179639328576527

drug_274.txt	-0.0719920119820269	-0.9154799878484576	-0.3348206844702461	-0.7763033079994294	-0.2381109912080789	-0.10886415212681223	-34.25255362614913	1.71456080241423

drug_275.txt	-0.264095961321176	0.7083203616434494	0.0486731448494408	0.04813729635084435	-0.07961091644621879	0.020205134713594284	-43.44152196118488	0.9387353738923587

drug_276.txt	-0.0836245631552671	-0.7809902274314477	-0.3314992798966313	-0.9373573443538974	-0.24925626057300804	-0.14811422646133468	-52.258937691521965	0.8394599258106806

drug_277.txt	0.0402895656515226	0.8731712044607687	-0.2898687403659066	-0.8539242668411859	-0.17362505503137943	-0.10660936062645107	-59.08273748723187	0.45748838450156315

drug_278.txt	1.33399900149775	0.8637851749332668	-0.23496544014733556	-0.6460425686896374	-0.12781819897884078	-0.0321483944387431	-53.330949948927476	0.7098777023320929

drug_279.txt	-0.0668996505242136	-0.8280742682750846	-0.4083874805014609	-1.0989250304500098	-0.3159430423916546	-0.12208516663693564	-46.85035750766088	1.935587963690391

drug_28.txt	-1.59744068108364	-0.9466265242518661	-0.023770429620405625	-0.05655519143993892	-0.14502206017003225	-0.1292612974074209	-54.44739530132789	1.3733947196058527

drug_280.txt	0.280778831752372	0.8831960342643472	-0.3225509698048177	-0.8232074810995254	-0.1548968711826495	-0.022160372714487026	-45.312308478038815	1.934432724167264

drug_281.txt	-0.0284573140289566	0.7415470000399643	0.009346188631867036	-0.03468783570986678	-0.0386876063567169	0.08679185720530806	-38.70403472931563	1.4594485613833947

drug_282.txt	-0.194508237643535	-0.6974603366969723	-0.3470516217490757	-0.8944254093446045	-0.25894358112624083	-0.1275366442391781	-80.71629213483146	-0.6344110937183165

drug_283.txt	-0.0593609585621567	-0.6937248741061585	-0.4034343650080394	-1.0105298544356025	-0.2710167311913237	-0.10791291196259738	-57.68309499489275	1.3795409084070767

drug_284.txt	-0.0958562156764853	-0.8634462838863624	-0.3082750112065986	-0.8193893316570303	-0.20329594340415424	-0.06582934247538792	-57.79954034729315	0.4736137535445623

drug_285.txt	1.60763854218672	0.7477865121349638	-0.015405438234252042	0.024016688986273904	0.02727340559403965	-0.002395715969133732	-36.95607763023494	0.7237793595500088

drug_286.txt	1.68856714927609	-0.9313107188157067	-0.18133432650575387	-0.583297072531293	-0.05176302614401904	-0.03882469114684372	-48.126915219611845	0.5600558682491882

drug_287.txt	1.66065901148278	-1.1771475325495773	-0.04747007408240056	-0.09774897750893785	-0.12199851159254693	-0.1432144913901268	-90.51838610827375	-1.6813444001251687

drug_288.txt	1.73414877683475	0.8829672698514126	0.029195166432831487	-0.001288092014882225	-0.03658899942972662	0.0018496336526400137	-68.59422880490297	0.23949742467770307

drug_289.txt	0.0161468323830045	-0.8673929916615299	0.027192146554861657	-0.010294543879861118	-0.0975190506833931	-0.14663255567215241	-42.23697650663943	0.35082355386166697

drug_29.txt	-1.46928291772867	-1.037199742023207	0.007628161388209348	-2.1681097188752663e-05	-0.13244167922497982	-0.09622805048920989	-43.94688457609806	1.389358871388914

drug_290.txt	-0.100869748009565	-1.135486649826639	-0.3199141218712562	-0.7740579816024133	-0.10609698972314706	-0.036954186433021105	-61.27247191011236	0.6304911267398581

drug_291.txt	-0.0693170770160549	-1.0751309256049755	-0.3574869846391451	-0.7027450322903342	-0.16669635653418577	-0.1385007660601184	-41.97191011235955	0.783414543964667

drug_292.txt	-0.0969256641353758	1.3374313175805617	-0.3932669884463166	-0.8662761081466828	-0.20352175811019413	-0.14939319934779244	-48.16368743615934	1.6432539530570425

drug_293.txt	-0.0853220169745381	-0.9397283389228549	-0.33764671016320286	-0.8304228204035761	-0.17619624129394737	-0.1372659556113124	-60.40449438202247	0.2471730231310662

drug_294.txt	-0.0727119846545971	-0.8448225305135497	-0.2976203513866488	-0.8649991113446862	-0.22245911286968842	-0.32456449776361457	-67.26659856996936	-0.19419808438388408

drug_295.txt	-0.132921670126389	-1.1736056164576492	-0.3850486226885793	-0.8332036961529354	-0.2199686120348361	-0.08501400420351589	-63.423901940755876	0.2582787399115497

drug_296.txt	0.120498200068319	1.2990501227002114	-0.37548134497555447	-0.8279399456566314	-0.08522700452153881	-0.09313406137492808	-58.70020429009193	1.841457782612352

drug_297.txt	0.261657513729406	1.4389616748602614	-0.36839197571044546	-0.8704316166121293	-0.18868218138167328	-0.185545131291761	-92.01327885597549	-1.2146809314785856

drug_298.txt	-0.11200304805949	-1.1997753801737152	-0.4112319184023523	-0.8961131484844702	-0.21840950995077404	-0.2136667104507924	-84.32431052093973	-0.681545064204476

drug_299.txt	-0.0512941114643825	-1.1589578849802948	-0.05155954475026353	-0.07780367655417986	-0.10733858049146809	-0.028235253027708688	-50.00306435137896	0.7166966641764168

drug_3.txt	0.00418057124839066	-0.8616996855736082	-0.2301502666617214	-0.6577519448703175	-0.11887849988955541	-0.11062477020619116	-72.55132788559754	0.32144427646141066

drug_30.txt	-0.117723414877684	-1.1375879180525448	-0.03476906358328724	-0.09162887967484723	-0.1793418451085049	-0.2740085809700991	-48.13406537282942	1.158382372037434

drug_300.txt	1.52531203195207	-0.9705179775483338	0.00016658434990945992	0.0648454945339837	-0.021808582072651655	-0.013228119166443687	-26.810010214504597	0.8729248807366485

drug_301.txt	-0.0844443860525002	-1.0535811652387672	-0.33509420916537136	-0.77107474297387	-0.1663467327669873	-0.18741550945945054	-79.48340143003064	-0.6911313703133771

drug_302.txt	0.243884173739391	0.867522933858462	-0.27332690566005563	-0.6332288592191138	-0.10499245992062049	-0.10630006335160222	-66.55311542390194	0.0947608367727587

drug_303.txt	-0.0908847255432641	-1.1049686780814336	-0.4340567278022781	-0.846189856629772	-0.1266839383776949	0.06950487114618746	-30.179775280898877	2.293801452293085

drug_304.txt	-0.10436450587277	-1.0814972429862741	-0.35403772973639613	-0.8377405305113454	-0.18632615199987002	-0.15270187852395492	-70.841164453524	0.38957301366864844

drug_305.txt	0.00781722153611686	-1.0460065244450858	-0.004886628841010349	0.08237194268233122	-0.09358787891209334	-0.0847068782885806	-44.41317671092952	1.4294148802523103

drug_306.txt	-0.101918175368526	-1.0599913371993355	-0.33682588551024395	-0.8213948083762861	-0.20347505796301096	-0.14398259949876657	-65.14172625127681	0.33761954857926096

drug_307.txt	-0.0820979057729195	0.9030201395383671	-0.27184003167030174	-0.6633559237454537	-0.15512447235355195	-0.03459436659571061	-38.86772216547497	0.8201010221197654

drug_308.txt	-0.0773550201014268	-0.9645904994368648	-0.29969353454404984	-0.6887278808156885	-0.12390914258956712	-0.1907773085109874	-92.18054136874362	-0.9738574928207382

drug_309.txt	-0.0966050923614579	-0.8732551622751057	-0.3962631034231943	-0.789295111007762	-0.22581434591504923	-0.25817190997623746	-84.12282941777323	-0.8350103938313105

drug_31.txt	-1.52070578343012	-0.9670763590449774	-0.020881884295162717	-0.05761518437065105	-0.15149457143875047	-0.21682142390529222	-47.83273748723187	0.9557316739863804

drug_310.txt	-0.0879890690280369	-1.1717340366590379	-0.4302685017749832	-0.9772461019529501	-0.1979946569161625	-0.09915055476947811	-78.16419816138917	-0.042609826494998636

drug_311.txt	0.293388864072312	1.2053404638627971	-0.32771369451859467	-0.6709876808125013	-0.11800158838370857	-0.11688654965182464	-76.10929519918284	-0.1513778717903621

drug_312.txt	-0.0215676485272092	-0.9251796270146867	-0.33788190740709634	-0.9228074926640542	-0.14670587366898208	-0.11031603923298834	-54.917773237997956	1.1364230512821403

drug_313.txt	-0.101868250256195	1.3460349040944213	-0.35785273902373316	-0.8739123236659327	-0.18773928994178507	-0.11378798788609498	-56.658835546476	0.94108905838431

drug_314.txt	-0.0380429355966051	-1.028558187889926	-0.37379977230410405	-0.978554552079014	-0.21587687820245863	-0.0070279577924257305	-54.81843718079673	0.7428588724265075

drug_315.txt	-0.0836455842551961	-1.1582208817394561	-0.37460666326622616	-0.9234506342998219	-0.10126003246133328	-0.18024651393783434	-96.20965270684371	-0.4853922429079533

drug_316.txt	-0.106561210815356	-0.7427330713104245	-0.053446032868391294	-0.20379904390854048	-0.159715619461992	-0.13211909561298002	-32.97344228804903	1.5183233817542416

drug_317.txt	1.39149170980372	-1.1878609202116879	0.17989439617068248	0.5983690772138406	-0.022690314652199374	0.016962213920065108	-33.719867211440246	1.9991176139156166

drug_318.txt	-0.0664713456131593	1.1097588168303194	-0.24899348658518605	-0.6187464251618464	-0.09493862099159724	-0.1519025263205	-56.55643513789581	0.600773640542795

drug_319.txt	-0.089287121948656	-1.2830365976544815	-0.03365347072626748	-0.07092355321772648	-0.0689647233017112	-0.1538231220779663	-100.164708886619	-1.0353208777214813

drug_32.txt	-1.57901831463331	1.406523517759334	0.027607731842684752	0.03149764336612171	-0.1400742048918259	-0.16699847868678513	-76.63687436159346	-0.19358085400745056

drug_320.txt	0.412680978532202	-1.3176221921109441	-0.42524040973775606	-0.8502180478619191	-0.10340678346092566	-0.0737058117869289	-56.053626149131766	0.9005410928825717

drug_321.txt	-1.23133983235673	-0.6971307543307014	-0.3858170093454242	-0.9507199356998965	-0.21017515785768687	-0.20337401054688123	-64.55081716036773	0.5719120652387223

drug_322.txt	0.177912079249547	-0.8439980991881927	-0.41482766514776537	-1.0623274436063073	-0.1383276466262367	-0.09786471527788602	-52.40832482124617	1.1040758751766422

drug_323.txt	-0.179530703944084	-1.2322850767756748	-0.5505083264820972	-1.2961376046002664	-0.24108473963401095	-0.16623218992451702	-62.30592441266599	0.3104713138233959

drug_324.txt	-0.0923851065507002	-1.3040507580623475	-0.4656457113267486	-1.1201061372675736	-0.17262538124071422	-0.11907225976935017	-75.61925434116445	-0.31356618699689937

drug_325.txt	-0.0778542712247418	-0.7865179147255648	-0.501562853094325	-1.3311610226772823	-0.18809421816052393	-0.17763960647542845	-73.06026557711951	-0.13117209937080307

drug_326.txt	-1.28790498462832	-0.983366761772674	-0.5024122239682027	-1.266973347707426	-0.26099256905871804	-0.27452310421918513	-84.61006128702758	-0.96432037137854

drug_327.txt	-0.114149827889744	-1.1515346350653697	-0.5608831847158404	-1.3379270284966407	-0.2683599986114234	-0.3038670472667994	-82.67849846782431	-0.9828349257504234

drug_328.txt	0.325690411750795	-1.1405013695644777	-0.49173557483717445	-1.3873621866464672	-0.1637238763690822	-0.07956352032221224	-66.15730337078652	0.5880793210414863

drug_329.txt	-0.043726515489923	-1.1692011886297973	-0.3664480413273635	-0.858445396284162	-0.1384054977036541	-0.03397786820933084	-68.93896833503575	0.31015275849209184

drug_33.txt	-1.58086554378958	-0.8458149648097644	-0.28209477206781763	-0.6794330335366789	-0.22636237189031194	-0.16270927792920684	-62.01378958120531	0.20138758055557132

drug_330.txt	0.370273537062827	-1.3423942316583257	-0.4399826622437214	-0.8784065737689133	-0.0943536621857285	0.0018318809195284637	-32.85725229826353	1.1715745217156512

drug_331.txt	1.54408387418872	0.9453067736167118	-0.0114441462571086	-0.08207059237289976	-0.06213499428209239	-0.023250386681709184	-69.89683350357508	-1.2497899422773209

drug_332.txt	-1.61186903854744	-0.8623318348153632	-0.42853689874492895	-1.0654428563642182	-0.2053872262770967	-0.006684515610739518	-51.901685393258425	1.0078298635657523

drug_333.txt	0.17037338728749	-0.8728393000206829	-0.3920603236992639	-0.8692564381179295	-0.09191756547086641	0.04149914852316405	-43.03217568947906	1.679355753717417

drug_334.txt	-0.109556717555246	-0.6728123665478005	-0.49481632922204843	-1.2097115502752753	-0.25112845141508255	-0.06570574413363257	-71.0929519918284	-0.24803722569160577

drug_335.txt	-0.0115248180361036	-1.0717389299107387	-0.5372903777357096	-1.1369997799505027	-0.21341648917717215	-0.11486974586413114	-75.40781409601634	-0.5892788029536951

drug_336.txt	0.307517670862128	-1.3497856270743407	-0.3713521720329949	-0.8384708173880804	-0.03949315749475998	0.10191599038838167	-40.84244126659857	1.5243117377313014

drug_337.txt	-1.34686654229183	-1.0979416644026798	-0.416818923402851	-1.0041819832710397	-0.17241176717300477	0.00771490103529441	-61.755873340143005	1.0133120131666

drug_338.txt	-0.152521218172741	-1.2395931205664392	-0.4736619809457068	-0.9904499493323318	-0.19413675517999823	-0.03798460583546712	-63.09856996935649	0.030289592171431963

drug_339.txt	0.237622513598024	1.3812531464149187	-0.3334933339832191	-0.862384210664964	-0.04629719049781376	0.015835201410154702	-59.47165474974464	1.8902185576670463

drug_34.txt	-1.64182410594634	-0.7311033131766516	-0.023803347662622182	-0.060888071887853945	-0.22129594932226715	-0.24633112448556074	-85.63610827374872	-0.3775494591480286

drug_340.txt	0.31355860945424	-1.4428078683479812	-0.3400569274846811	-0.7567183244829796	-0.03887778325597079	0.047797502292623334	-33.126915219611845	1.2624217731904468

drug_341.txt	1.2782221404735	-1.2636304725834064	-0.3383348428084265	-0.7516992973115526	-0.15030839953105524	-0.08349002490250115	-40.46067415730337	-0.06483147035493245

drug_342.txt	0.269495756365452	-0.7328344775172593	-0.06972986271127596	-0.17759536113724955	-0.11378621775351785	-0.2087694848616811	-74.29519918283964	-3.0551457647865328

drug_343.txt	0.271500643771185	1.8100693846112013	-0.354452372121402	-0.72158643156978	-0.16443101446837483	-0.030595395201612766	-35.11287027579162	0.6045531620948155

drug_344.txt	-0.0406600625377722	-1.1520098247152175	-0.41265019167714456	-1.009157346208613	-0.1054271035455101	-0.1104970451010231	-78.31128702757917	0.4446951931360971

drug_345.txt	0.0618072890664004	-1.1991419798760816	-0.35917253626406254	-0.995379073318027	-0.1462473788170995	-0.07334569373958197	-69.54877425944842	-0.9642126815687855

drug_346.txt	0.0629634495624983	-1.1694766133221615	-0.46837560519471166	-1.1527365536329772	-0.16512944076841912	-0.11274874774905479	-47.56128702757916	1.3283701704560509

drug_347.txt	0.249954016343905	-1.0827502652868393	-0.45439820937938	-1.0291269708278155	-0.13779587384957265	-0.061931666471750774	-50.7732379979571	1.0183013558747995

drug_348.txt	0.213408834117245	-0.9286646915273418	-0.46533507336472957	-1.1107073043451487	-0.19958179421019573	-0.2592639928321102	-74.02298263534219	-0.4205808833732023

drug_349.txt	0.407189216175736	-0.9615447380504891	0.00473453823758796	0.11135742111530594	-0.21205693415596552	-0.3180697430645224	-57.739785495403474	-0.5126508295519255

drug_35.txt	-1.53393593819797	-0.8630822785930177	0.00830271527543136	-0.0013526418660616546	-0.16663708676601033	-0.1807587235724825	-57.24310520939734	0.8460521669152382

drug_350.txt	0.436395406889665	1.012173951427496	-0.05249717792904279	-0.07254730410008248	-0.16072261799902157	-0.15594767039466592	-27.98569969356486	1.314132364409021

drug_351.txt	-0.152021967049426	-1.0106557878223774	-0.09676807670468149	-0.23959305136444042	-0.24990436442096675	-0.21216711404932506	-19.658835546475995	1.2135295243476028

drug_352.txt	-1.20720760963817	1.2843318840155322	0.23073866109227256	0.6668837332794337	-0.15099659453834113	-0.3199235657225706	-92.45403472931562	-0.4534168210310509

drug_353.txt	-0.141487768347479	1.1734759857668902	-0.05551132191101965	-0.17118147933598427	-0.207411024066959	-0.23803883410103524	-81.88049029622063	-0.4224466896866911

drug_354.txt	1.31877184223665	1.0581127599227917	-0.06782923498745418	-0.09163209449422133	-0.14970991532762962	-0.11263946761804242	-8.61491317671093	2.270961235648116

drug_355.txt	0.404443334997504	-1.370446782864776	-0.34617720473511815	-0.8368144009945571	-0.1157275088077545	-0.0011095456153413575	-59.512768130745656	0.35799398971471996

drug_356.txt	1.64553170244633	0.8957877928278593	-0.027251306788915824	0.09800807783297466	-0.12698946370203654	-0.15690764645345728	-62.865679264555666	0.05676610739045748

drug_357.txt	1.47703444832751	1.0814163992335828	-0.010355470641145614	0.017692376402986043	-0.07794680013697561	0.05181401905292497	-23.344994892747703	1.4035361682471148

drug_358.txt	0.538392411382926	1.0686445956118749	0.022365717983994227	0.043252567365454186	-0.06415862387088574	-0.020816822531891092	-27.925689479060267	1.5545909088245853

drug_359.txt	-0.107651680374176	-1.1219918101965842	0.0016674500767873829	0.02965262501847654	-0.07193561259471401	-0.060460631478659266	-49.23774259448417	0.39440801942516346

drug_36.txt	-1.53852904853246	-0.7895338140468893	0.006891026395121236	0.006276752553528664	-0.18815673283516826	-0.28122428119159376	-81.11746680286006	-0.39962558300435974

drug_360.txt	1.25152271592611	-1.1535401438782613	-0.05460774090045298	-0.022130847665318698	-0.07473023312096193	-0.06807453891753622	-22.537027579162412	2.708627836592947

drug_361.txt	1.33694458312531	-1.228574536664666	-0.050274694759907396	-0.04193607876071759	-0.06861239654173079	-0.11941139714648231	-14.310010214504597	1.8968444969910594

drug_362.txt	1.33070394408387	1.3575342822450156	0.06809760163480391	0.13469664141401438	-0.03658766742617029	0.019656192867262723	-20.336312563840654	1.5814611171259834

drug_363.txt	-0.0914233912289462	1.171646224397981	-0.058206368663872576	0.11549118719758955	-0.12812481413893445	-0.10093342732573522	-67.30311542390194	0.3560405491199632

drug_364.txt	0.0242714875055837	0.9218662512337548	-0.010225182920647807	0.07698538715566716	-0.12596016892367332	-0.07017049496700241	-48.61363636363637	1.3742331303059356

drug_365.txt	-0.0416611924218933	-1.1964985593849322	-0.0940566877828338	-0.05552464632519688	-0.15097539657821793	-0.18824026736011842	-84.1976506639428	-0.6684786451695104

drug_366.txt	0.350124812780829	1.0989869367549525	0.0007955383668764304	0.023739267071788306	-0.11884502333186227	-0.0111485861937645	-32.00791624106231	1.3045012281679214

drug_367.txt	-0.0461807289066399	-1.1737738947047318	0.02971488518646416	0.21042884142484014	-0.1086357159460856	-0.10424445233659514	-50.73876404494382	1.2967005481125122

drug_368.txt	0.235047428856715	-1.051025114176054	-0.12879628461231574	-0.38469889765137	-0.18558715610234988	-0.16293856650093855	-67.08120531154239	0.5712594805027011

drug_369.txt	0.419570644033949	1.0501462021442518	0.3453239108804588	0.9263126252514167	-0.006866293950235397	0.08487367593641568	-29.11389172625128	2.8492293655987626

drug_37.txt	-1.57712116036472	-1.05809210535597	-0.02203344368594362	-0.061469046591428766	-0.2514474497570764	-0.2595091877894657	-79.68820224719101	-0.26030059876603373

drug_370.txt	-0.0986126074046825	-1.0716312092812637	-0.07976215574507636	-0.11702155432299338	-0.18297473265899752	-0.13951583812623297	-64.5250255362615	0.3498286385430485

drug_371.txt	1.38696954568148	1.2257788276713324	0.04019619692130258	0.09562652260574722	-0.07666733320752397	0.02994697728166853	-14.92849846782431	3.5643222361500646

drug_372.txt	-0.0451953648474656	-1.3469488921226378	0.06361455822960499	0.20722202488702762	-0.12035969550078635	-0.11447114686630705	-67.55158324821247	0.7251030048320735

drug_373.txt	-1.6844732900649	0.7742179265794462	-0.1050945083681546	-0.22919616311729807	-0.2315158567961448	-0.11117373600193754	-4.911644535240041	1.2315042732700963

drug_374.txt	-1.59173082481541	0.8293387980692559	-0.308808995228618	-0.9141033600587343	-0.22865031026922314	-0.08713188719923717	-44.00306435137896	0.5613656219325549

drug_375.txt	-1.29981869301311	1.0888016531245834	-0.25697098208668495	-0.7013584418196357	-0.14426784581593285	-0.11615005290755955	-56.597037793667006	0.3968820953843904

drug_376.txt	0.260159760359461	1.3988536714479818	0.30460313400967043	0.7456847309008543	-0.010889239961334382	0.03319918637479634	-36.4844228804903	1.8055366482540611

drug_377.txt	-0.0568647029455815	-0.6918414980999792	-0.27314674643478465	-0.8869970661693354	-0.29203137498834997	-0.25644593182516673	-91.0408580183861	-1.0095426191045702

drug_378.txt	1.31662506240639	-1.0243047151405171	0.020662269038173142	0.33036686314026764	-0.026519788146164444	-0.035633606732750796	-26.913432073544435	0.6524921777844174

drug_379.txt	1.51612581128308	0.8180205946140358	0.25660357094794495	0.7836410775289688	-0.002158163136084964	0.01636341239098027	-10.37053115423902	4.233148479155948

drug_38.txt	-1.46309220379956	-0.9802673564661877	-0.0027181536154002595	-0.03849625566048831	-0.1809056316975384	-0.20968624257095864	-63.12385086823289	0.35964637178991904

drug_380.txt	0.0116325511732402	-1.3053893286443883	-0.3309361334644433	-0.7361021777124945	-0.08383731285257348	0.028464235117141138	-35.18845760980592	1.3980396998710771

drug_381.txt	0.206939590614079	-1.1633686110332855	-0.041825071755134696	-0.11599658102284496	-0.11396585423162899	-0.17163012714134415	-40.689479060265576	1.441032998119063

drug_382.txt	0.549775336994508	-0.9674883121590838	-0.025161373148381294	0.047424852438395115	-0.08687330298052327	-0.04107749229644283	-25.26762002042901	2.715728603369957

drug_383.txt	0.442775310718133	-0.610475808885658	-0.33191078518690276	-0.6940347067527465	-0.13666456737397661	-0.25739234892410323	-43.31511746680286	1.1947622376487594

drug_384.txt	1.35836245631553	-0.833680078190858	-0.25679215458156546	-0.6810977395812952	-0.1298026817066802	-0.18928261885820072	-61.91496424923391	0.44664431227412354

drug_385.txt	0.294108836744883	0.9516231072491819	-0.03674224114337471	-0.07737636538583004	-0.09144564374560306	-0.12026843897267307	-50.361338100102145	0.9852005232706628

drug_386.txt	-0.15217174238642	1.0101912996278302	-0.29753748888919207	-0.6869745103288223	-0.23479912237082534	-0.1433094534738806	-66.2520429009193	-0.053750019407739734

drug_387.txt	-0.0759860209685472	-0.770281884881691	-0.0748840602602811	-0.019508471954427842	-0.21177929986371694	-0.13914736294843488	-43.09576098059244	0.5306639007673543

drug_388.txt	0.363354967548677	-0.8618157285638304	-0.2913795672360662	-0.7362269129028646	-0.23040700222674865	-0.2885337759341501	-56.14759959141982	1.1074816766168514

drug_389.txt	1.35142286570145	-0.8715203881112425	0.00012182058609624957	-0.024394613944240362	-0.08430425681561374	-0.13007944080450945	-56.94126659856997	-0.6660581602071128

drug_39.txt	-0.289029613474525	-0.9935816649993987	-0.006966603167937208	-0.03126035895566037	-0.15533766948055525	-0.1833829691582178	-60.947650663942795	0.6269045042335887

drug_390.txt	1.61387918122816	0.7683036925630569	0.24793222609722715	0.7397099252812738	0.08677677763168803	0.05565145473552439	-32.60061287027579	2.0969347015990616

drug_391.txt	0.511183225162257	-1.1565510348581993	-0.4046819382753012	-0.8506692034646571	-0.20807706724234365	-0.179045591378465	-57.42798774259448	0.6685297394485554

drug_392.txt	1.28437343984024	-1.3621029983815083	0.03210718211072364	0.044045212322326444	-0.05986436848015716	-0.11829723322647273	-43.853932584269664	1.427146943349258

drug_393.txt	0.0154846677352393	1.4017794295178527	0.040261224145734825	0.007336609755106416	-0.09976151504157117	0.003927906234864506	-73.08120531154239	0.08249043213794821

drug_394.txt	-0.250923614578133	-0.8285651427279355	-0.3897235260928467	-0.7751300974862869	-0.2527267337645444	-0.24237193704530446	-59.51046986721144	0.49092734921805237

drug_395.txt	-0.137693459810285	-1.072758373622763	-0.3817028954143046	-0.778216442732295	-0.1751243646172283	-0.221322920710338	-23.674668028600614	2.0353748578674917

drug_396.txt	1.35666500249626	-0.8413398991114223	0.015714261447421357	0.19232215196031527	-0.021560247155105305	-0.08326104382154494	-41.560010214504594	1.27125404763636

drug_397.txt	1.01885855427385	-1.1077375367828324	0.03137650584492585	0.03580048480992715	-0.06856555394035599	-0.03654906427479447	-2.4961695607763024	3.670667221118202

drug_398.txt	0.292561158262606	-0.723845831392327	-0.27416276626772307	-0.703378732620213	-0.20319864790037417	-0.2531121641031523	-55.0194075587334	1.1604192860841158

drug_399.txt	0.34218671992012	-1.241087965134546	-0.028410102680887978	-0.08733004331780889	-0.1596807072091673	-0.08697758290475753	-27.56894790602656	1.4022527995151897

drug_4.txt	0.0395275507790946	-0.9226322744377297	-0.0007528555731586561	-0.020579485607198522	-0.09687630570306612	-0.08763849122854935	-72.73978549540347	0.7206364558793533

drug_40.txt	-1.53009170454844	-0.7750548389379778	0.017794814901421013	-0.0010067077787062062	-0.15252224449847113	-0.16876099542892883	-62.77808988764045	1.3551837279859646

drug_400.txt	-0.265693564915784	-1.1000474784711876	-0.36285794513860353	-0.9689582749581638	-0.2570725049963924	-0.17803357453372778	-31.21859039836568	0.8443006026189702

drug_401.txt	1.46155766350474	-0.6871625048288788	-0.1835319747753902	-0.5994438168023051	-0.13086041456866235	-0.20139766766565365	-53.219867211440246	-0.8224506566056077

drug_402.txt	0.253519720419371	1.1539697716777395	0.00028666809443642083	-0.022077188146517768	-0.09296247095988923	-0.011167231178942139	-49.93335035750766	0.6929622392370663

drug_403.txt	1.3291562656016	-1.0543396486876855	-0.2557685415665707	-0.5915663259004516	-0.19894676395251207	-0.15406903962493199	-67.03702757916241	-0.14924332880545374

drug_404.txt	0.277933100349476	-0.9571858719042046	-0.05525057377766024	-0.1452553152491841	-0.20950894803848422	-0.15516110324180013	-44.48008171603677	0.21164078341121778

drug_405.txt	-0.0481278082875687	-0.6079475762263631	-0.2706798533012453	-0.7872064366825626	-0.22390587459395822	-0.17252843753586472	-51.829673135852914	0.687496571431479

drug_406.txt	0.128407388916625	-0.7644235751722934	-0.2894902214388588	-0.6080472351337118	-0.1990870156738246	-0.21194841131894437	-47.17849846782431	0.29027473937486126

drug_407.txt	1.56500249625562	0.8529936169505146	-0.0669680962274232	-0.27381044620600525	-0.07701996983976665	-0.004500259839000652	-44.79034729315628	2.847409614476151

drug_408.txt	1.50489266100849	-1.0199015644372844	-0.08408162639566166	-0.0634216803682287	-0.11287287527912908	-0.17262271761460704	-57.83043922369765	0.5701099486381139

drug_409.txt	-0.239490763854219	-0.8196861646482414	-0.20169714095423322	-0.5881802710073636	-0.29188487359772647	-0.33708191828049755	-67.14402451481104	0.3875118037064967

drug_41.txt	-1.52050608298079	-0.7651881165736866	-0.025022066339028676	-0.05509493730050652	-0.2233575762730315	-0.26391362071189384	-73.5753319713994	0.343270084424229

drug_410.txt	-0.211083374937594	-0.8477048814219263	-0.1735608471213769	-0.28072211497913013	-0.2915132523887825	-0.30254328454493545	-87.76532175689479	-0.2468861838796908

drug_411.txt	-1.21566334708464	-1.2586766553412798	-0.10336453444368765	-0.3030840173166435	-0.1657628914434761	-0.24023812552425672	-80.00255362614914	-0.046230140320346336

drug_412.txt	-0.0927608587119322	-0.8533757649036041	-0.15083101484273173	-0.14147896576456265	-0.24533400741123748	-0.21820535818183792	-76.41598569969356	-0.0007473628121268188

drug_413.txt	0.394608087868198	-0.6863988453419438	-0.13439071875019773	-0.3114340996845344	-0.1430257108804694	-0.10403860758590795	-51.18564862104188	0.948906340965652

drug_414.txt	1.47259111333	-0.8532018810712123	-0.04122049853000226	-0.09770495521080053	-0.16826292298966503	-0.21235657256030027	-70.9476506639428	0.5374365887537902

drug_415.txt	-0.0525212181727408	0.8360669924966662	-0.03328289889032102	-0.01484509227606623	-0.13034557629585297	0.1256192694305669	-35.09933605720123	2.127884462734676

drug_416.txt	-1.65859894368973	-1.099169145243346	-0.17246313082808803	-0.34113627442535355	-0.3055010821377379	-0.2255931107608095	-64.01481103166496	1.8950199960153238

drug_417.txt	-0.147428856714928	-1.349724623799819	-0.16849981446936418	-0.2741477374246645	-0.2288789707798438	-0.12726103929439272	-73.50306435137895	0.5206674786201779

drug_418.txt	-1.57272775047954	1.1163514361233837	-0.07708139274119605	-0.28420120377897273	-0.22062367815178474	-0.23923592666624802	-95.8973442288049	-0.8062675672026041

drug_419.txt	0.298102845731403	1.3273455885692353	0.013737160650802355	0.04369658890295536	-0.075590306334721	-0.16395723684056493	-59.674157303370784	0.6101510510811945

drug_42.txt	-1.48231337204719	-0.843467002942383	-0.029366265173415756	-0.07460008693906356	-0.2007317748835055	-0.2494142275312604	-63.796220633299285	1.1822012648337037

drug_420.txt	1.47598602096855	1.1113714061456037	-0.07732917883828525	-0.08167515506986744	-0.0841006166067953	0.09393520452518635	-1.303370786516854	3.7074523174664065

drug_421.txt	1.44363454817773	-0.9162296930737128	-0.09050593455603567	-0.00762534925291547	-0.13361365022651553	-0.19671221921977927	-64.2888151174668	1.0484114764099979

drug_422.txt	-0.157164253619571	-0.8957436178202594	-0.14926919767310845	-0.2787404552910609	-0.27790697777768536	-0.33221333821222626	-74.61593462717059	-0.5353307985361354

drug_423.txt	-0.0901148277583624	-1.157223325190392	-0.12434656005369688	-0.08317547993512142	-0.19140227323742723	-0.07655350837064345	-46.8758937691522	1.2704474082697692

drug_424.txt	1.61742386420369	-1.18290598626718	-0.04786148901062276	-0.13316727373242088	-0.09148776737704607	-0.07251864716086148	-60.24208375893769	0.2959794487104682

drug_425.txt	0.320419370943585	-1.056636646030086	-0.10920428485611497	-0.34383878189970873	-0.14403864994522203	-0.12013315942036772	-37.39811031664964	1.6129845140814427

drug_426.txt	-0.14253619570644	-1.281123183425119	-0.053540100585063644	0.009062124057337861	-0.21909891348123045	-0.26680111902646725	-78.89530132788559	-0.22044626773635584

drug_427.txt	-0.0470294558162756	1.0934029354680113	-0.0816038970824649	-0.1593600888722283	-0.1454419286015554	-0.07556526730509354	-58.47165474974464	0.6397419129321777

drug_428.txt	-0.062755866200699	-1.3271114404442805	-0.08236708804330928	-0.1291148694903168	-0.1643965756444427	-0.05756732502023702	-65.591164453524	-0.04052497762650586

drug_429.txt	0.326110833749376	1.2101299679422033	0.3822135199045708	0.8098660711811003	-0.05632069303174189	0.14981705482156177	-11.743360572012257	2.3471589188381157

drug_43.txt	-0.259311033449825	-1.0829293055531566	-0.050900911619451455	-0.1087520558364278	-0.20037550195624496	-0.2701550590525712	-65.72701736465781	-0.14312028984016253

drug_430.txt	1.46894658012981	-0.7938207521582283	-0.03882677119133979	0.023196728240087228	-0.10272461468393236	-0.11419788910252215	-44.170326864147086	1.1177562198542246

drug_431.txt	1.45981028457314	-1.1020511041337913	-0.11695854778524814	-0.21423255425812082	-0.12153071144084772	-0.010620497777941848	-19.45582226762002	2.996854848535308

drug_432.txt	-0.00954620700528142	-0.9711503566965297	-0.09417610360162937	-0.3313552760321511	-0.14854486608425962	-0.24383306098319193	-40.106996935648624	1.600009858960221

drug_433.txt	-0.323425388233439	-1.0194358523321898	-0.5322373131596763	-1.1189308355612981	-0.34761778363576634	-0.24906434701282884	-81.68769152196118	-0.41723020039941233

drug_434.txt	1.27119321018472	1.4278877443875473	-0.280596406836903	-0.7674309673661268	-0.05827340133567429	0.06734854730355049	-39.5717568947906	0.9506350781726973

drug_435.txt	1.48277583624563	-1.1045262523931834	-0.032832085827553065	0.043833072757620384	-0.09192726872333812	-0.23579813159639892	-77.28600612870275	-0.1869421849868321

drug_436.txt	1.31028457314029	-0.8030988534685859	-0.04890286602610561	-0.12113167479938924	-0.0457209596160733	-0.08276754822700652	-57.14964249233912	0.6820842132776742

drug_437.txt	0.42605039808708	0.6218302850239851	-0.015734551618296178	-0.07699258458067965	0.03443094358029334	0.2127781544825032	-14.554392236976506	3.3699264897888623

drug_438.txt	1.42181727408887	0.7554995520817074	0.033064635153115904	0.06240674383792971	0.0739754478937008	0.13758567563081006	6.430541368743616	2.7833071124268622

drug_439.txt	0.234188191397115	1.0634847800536518	-0.010843590347436788	-0.043278340255716086	-0.016100232565027777	0.09123342355517637	-24.223697650663944	1.50468911468311

drug_44.txt	-1.45789999211709	-1.0965062230254323	0.004547809155614813	-0.023171127168464756	-0.17623174665654065	-0.18998961854186003	-66.26072522982635	0.4553272993413101

drug_440.txt	1.40244633050424	0.9827607615566736	-0.0031860270274753077	-0.03343601773268012	0.036639095705231044	0.1541815788825193	5.064606741573034	2.409643948994301

drug_441.txt	1.38322516225662	0.8939667904291209	0.33986206773656424	0.9188895997393447	0.0939605865187569	0.1714998091335067	-10.67288049029622	2.637914379910914

drug_442.txt	0.36424310902068	0.7080978406009115	0.014126691057870788	0.002228535020094735	0.014178164200490267	0.07343951454856672	-30.60674157303371	1.499300612616364

drug_443.txt	1.33850014452006	0.6325939210319317	0.07923629670934895	0.16506409048257892	0.08474848585356318	0.07780871200761542	-24.347548518896833	1.5093580787792025

drug_444.txt	1.2872585858055	0.5265907561566604	0.07277836454724555	0.12499412240215724	0.06534161887631464	0.13013394850566684	-28.52349336057201	2.1156121600851843

drug_445.txt	1.25969992379851	0.5982474553115628	0.10286119836512336	0.18508198127684067	0.1390126984521669	0.14586600952497497	-1.0464759959141983	4.217984715313307

drug_446.txt	1.49137083847912	0.5455563269381792	0.09573993159177835	0.2042419094028447	0.12492935993411529	0.1041741064799307	-8.071756894790603	2.1272636543426895

drug_447.txt	0.316233544420212	0.7020157350031981	0.03727140871042689	0.0507979775927373	0.027569584345594114	0.11230423065607259	-14.92849846782431	2.4923625762030497

drug_448.txt	0.321625456552014	1.0347965228522098	0.014887781867221561	-0.01909588019357422	-0.017628802328356136	0.06459541324033104	-30.877425944841676	0.8045896772453092

drug_449.txt	-0.210084872690964	1.0101058649600447	0.02014021080734929	0.00316790406880757	0.008632892215883984	-0.02486742828002925	7.396833503575077	2.1435717690282328

drug_45.txt	-0.414291720314265	-1.005888537841468	-0.08285209606866781	-0.1987631418097606	-0.2554469760214653	-0.20591604798936017	-70.8158835546476	0.1706576378184342

drug_450.txt	-1.0156134219723	-0.9464896877244794	-0.052527448645583036	-0.11708581052916034	-0.1349592767089509	-0.15458678671138268	-57.11057201225741	0.8586513222732589

drug_451.txt	-0.203182069001761	0.7694644233006385	0.08432987992936103	0.14727018364096212	0.012140755104461515	0.09780483747543917	-26.10291113381001	1.3589790896531038

drug_452.txt	0.192400872375647	-0.8450226248335406	-0.0024291919029203884	-0.02976066597725857	-0.08717804644891174	-0.1210602433058597	-51.95505617977528	1.7641141101906006

drug_453.txt	0.144822240323725	0.7331381391105287	0.04909441225876368	0.042723499293544964	0.0462903279572873	0.15019997152064424	-20.349080694586313	2.073702884654989

drug_454.txt	-0.22774522426886	-1.0355138427708157	-0.019419162705103438	-0.04656507471681859	-0.011170552482462686	0.1429949493056583	-9.77655771195097	2.938008557252697

drug_455.txt	-0.267735239246394	0.992431875656439	0.03818624613752436	0.03276015895676909	0.01896641303735819	0.1314547050027901	-3.2668539325842696	3.9032112443619265

drug_456.txt	0.943124786504454	0.8561308468430413	0.04004470708838631	0.06152931037415926	0.018775309183763817	0.0809799037117637	-12.650153217568947	2.599201941803837

drug_457.txt	-0.0431221588669628	0.44917023667453104	0.10187594840990549	0.19933783796697213	0.06313071766505989	0.17574568247072744	-1.8935137895812053	6.040100499438563

drug_458.txt	-0.117660351577896	0.7342997440137577	0.03584165231465314	0.03642625345026729	0.053589023463901056	0.14232484545534274	-26.80209397344229	3.225717950707939

drug_459.txt	-0.15001182436871	0.7187609110817441	0.05760762373155151	0.0980278147057369	0.05463446859064615	0.14383997038065802	-6.567160367722165	4.547751862055873

drug_46.txt	-1.59998686181254	-1.0377100723340424	0.0009316999983478569	-0.0061651450077333525	-0.18792226961172626	-0.23908248130997795	-80.9282431052094	-0.4599625578361408

drug_460.txt	-0.209872034054182	0.5566513847497803	0.06540038781366919	0.08448912840861783	0.04932608457213869	0.14494171723497207	-19.423901940755872	2.979718546575725

drug_461.txt	-0.189802138896918	0.7309397744809424	0.010555245473706953	-0.004960890606727386	0.005284407063282793	0.1090978034885449	-16.88100102145046	2.3055238713133788

drug_462.txt	-1.16813464014505	0.9435745093883223	0.0816578203902453	0.11229022107159203	0.001284205961856443	0.056896464491926646	-39.197650663942795	1.124142884120632

drug_463.txt	-0.961095199306304	0.5547165345437445	0.06941128722314213	0.12289958662985806	0.06314694353836531	0.14065116094482005	-2.2019918283963227	3.131134577560652

drug_464.txt	-1.07517408098379	0.6146149634141121	0.08010137981814183	0.15177850013078592	0.08077059121115995	0.1561900002951465	-3.3031154239019407	2.845090384727897

drug_465.txt	-0.093895998108101	0.8296226261616215	0.07093141288646168	0.10930246447594621	-0.025672225812604	-0.09642227038130571	-27.744126659856995	2.63842641440296

drug_466.txt	-0.130354468297554	-0.6707551906106638	-0.5544202971207037	-1.357948571031921	-0.4363458512441147	-0.4371663941485269	-83.54366700715015	-1.6111887096133042

drug_467.txt	0.0134797803295058	-0.4477014658941666	-0.39038109298389856	-0.9699984488879542	-0.3308680665936471	-0.33656914620026834	-113.58171603677222	-1.459366492547814

drug_468.txt	-0.201497753369945	-0.6059912501729332	-0.37340623224453495	-1.140029782427167	-0.36781673711436863	-0.41886157092291565	-82.40474974463739	-1.6093769485681062

drug_469.txt	-0.0853509209869406	-1.160909060335135	-0.12034996134935594	-0.2833250659144093	-0.2311855933149655	-0.2918553431717779	-124.15449438202248	-2.202363088302136

drug_47.txt	-1.62360143994535	-1.2888041351357487	-0.03589839655220589	-0.08737970753464652	-0.22758125673177637	-0.23567343520751446	-70.30490296220633	-0.2660655163974064

drug_470.txt	-0.145082376435347	-1.0892400236989286	-0.35293712534049915	-0.9585033693631988	-0.2803067439094467	-0.17541975443446775	-81.15755873340143	-1.3095316344453087

drug_471.txt	0.0089865202196705	-0.857772759870914	-0.34444631980708246	-0.9012172166916916	-0.27845572051795764	-0.2928696531488463	-103.57405515832482	-2.951760564783827

drug_472.txt	0.121817274088867	-0.5189278825137786	-0.4708600033025917	-1.2618332019824778	-0.3267761812722889	-0.32737269025823834	-68.61312563840654	-0.42281966185625

drug_473.txt	-0.19022518853299	-0.4129784363634852	-0.45960215451025366	-1.088522833024761	-0.22563003688535754	-0.24229666392861654	-47.2267620020429	0.6915535968777253

drug_474.txt	-0.144782825761358	-0.6616944469646235	-0.36967687135184835	-0.9458099115574522	-0.31199149375802193	-0.24356514061027584	-56.53345250255363	0.45090564842060865

drug_475.txt	-0.0574638042935597	-0.8678833587461892	-0.29827747484708345	-0.7685055710740325	-0.2040685648440152	-0.04882775851667985	-40.32992849846782	1.6527029939238456

drug_476.txt	-0.260151877446987	-0.6175030229981621	-0.33778146821923066	-0.9974839187618239	-0.3109682561936931	-0.21105254668972265	-55.73135852911134	-0.19582503584517938

drug_477.txt	-0.109585621567649	-0.3779219905417843	-0.38742173502546107	-1.1025501417204167	-0.35656544708307003	-0.2570779408162854	-77.95480081716036	-1.4058709671039906

drug_478.txt	-0.297595711695614	-0.631232641128653	-0.331160201316853	-0.9569506650308476	-0.33277981752868574	-0.27415953965625595	-74.44254341164454	-0.4872500534741295

drug_479.txt	-0.141637543684473	-0.5200073928791675	-0.369751347006542	-1.0574402121400206	-0.30473733386267343	-0.21384402724973078	-61.23493360572012	-0.9128811543956159

drug_48.txt	-1.27712116036472	-1.4119155998373176	0.013530915352139211	-0.00029181313740622716	-0.03709512571109829	-0.05513159872253768	-60.94688457609806	0.7106410606097877

drug_480.txt	-1.55608429461072	-0.6909826025350378	-0.5312967452790862	-1.331697233058502	-0.4067105553947996	-0.4039922053767982	-93.89249233912155	-1.2721336884576924

drug_481.txt	-1.60604093859211	-0.5331105396072031	-0.5584453571884691	-1.466484888357841	-0.4908463535236394	-0.41633526082876415	-95.5658835546476	-1.5786160991008578

drug_482.txt	-0.377276190976693	-0.6570771971826012	-0.4881297887013983	-1.1176202196435656	-0.3965771365095123	-0.4382165799980646	-104.86338100102145	-1.6104873086494

drug_483.txt	-0.194108836744883	-0.689927586103666	-0.4742734687770049	-1.1886209961740608	-0.359820116083469	-0.33506430645840724	-91.14683350357508	-1.3764264888898097

drug_484.txt	-0.0590114827758362	-0.35974206422082794	-0.5145994489097835	-1.1866639783808537	-0.4220693157066251	-0.39623334040028435	-104.86261491317671	-2.6597320387788583

drug_485.txt	-0.112081877184224	-0.6362201581728395	-0.43424472621927995	-1.0478308598083288	-0.3159672029848799	-0.412343010197722	-121.38049029622063	-2.9704292440370144

drug_486.txt	-0.0530204692960559	-0.6120673968906982	-0.35380535654298206	-0.8198822751864708	-0.26054020230290026	-0.34780925901830495	-130.464759959142	-2.938177920911986

drug_487.txt	-1.60237538429198	-0.5515103637962883	-0.4328217900834045	-0.9891166855523728	-0.36884900410751215	-0.43521082593096877	-105.46654749744637	-1.5954728824634075

drug_488.txt	-1.56354152981055	-0.6509410266562993	-0.4234052010704732	-1.0243452972328946	-0.2948833556569132	-0.4183051758892134	-112.61874361593463	-2.253451102351413

drug_489.txt	-0.412880678981528	-0.6340650072019354	-0.4556616383366564	-1.1345787330949575	-0.33741281968908293	-0.3714170194825197	-112.95965270684371	-2.0803471832543465

drug_49.txt	-0.480742044827496	-0.6238078079232742	-0.32291544071243894	-0.6870973303425874	-0.2035102068755523	-0.12874958328511335	-71.28013278855975	-0.00937311161966557

drug_490.txt	-0.358885356176262	-0.8365835137378076	-0.48233312471485773	-1.05973140483137	-0.31727382195504467	-0.3507338024787972	-103.01685393258427	-1.583118129423699

drug_491.txt	-0.0592611083374938	-0.5917467807589739	-0.3807810744983005	-0.8667926362102067	-0.2828492336940558	-0.3672128535171998	-119.99872318692543	-4.072495370987425

drug_492.txt	-0.122815776335497	-0.7442450248576924	-0.31255823351372475	-0.7021996000978892	-0.2284294994857927	-0.29230093809450947	-141.86721144024514	-3.764650850583081

drug_493.txt	-0.0624063904143783	-0.4081214834506729	-0.44182250181239735	-1.0002837854318383	-0.3118572832548034	-0.3805253867661011	-108.06664964249234	-2.1870018055214997

drug_494.txt	-0.233100349475786	-0.5611119662814986	-0.39766309188046867	-1.2022082137467065	-0.4362810374794432	-0.3833018683630327	-92.47318692543412	-2.2198470998180255

drug_495.txt	-0.141987019470794	-0.7170208014301588	-0.4650178520095491	-1.031562551506838	-0.3497802816559258	-0.4033755847676583	-117.75612870275792	-3.934393459738016

drug_496.txt	-0.0594108836744882	-0.4454674643587198	-0.4469151720899379	-1.182049344714274	-0.3719234294088447	-0.4295750445290294	-99.32507660878447	-1.1103785125274757

drug_5.txt	-0.0965840712615288	-0.9656145557033424	0.04894832651089165	0.07773095682836456	-0.06768264253614617	-0.12765039445983442	-84.72727272727273	-0.1878196716467413

drug_50.txt	0.165081325380351	-0.9301352143504605	-0.04085600380130719	-0.12377490506231409	-0.07110669240231512	-0.04762806483889517	-54.904749744637385	0.5857458653057719

drug_51.txt	0.183104290932023	1.3192643660561019	0.01573947413432114	0.005539517432564756	-0.08931986513592569	-0.07269268623894985	-43.04979570990807	1.630254549807286

drug_52.txt	-1.24975431589458	-1.484156972682995	0.009057753720094014	0.01301579781125839	-0.02598781740479903	-0.09925449162987217	-71.94075587334014	-0.5787509190205531

drug_53.txt	0.318351420238064	0.9479728348130081	-0.004764115694165599	-0.0212522844899653	-0.041556253539205334	-0.04604281120150591	-59.35980592441267	0.9344815488618957

drug_54.txt	0.16637937830097	-0.7693580777280826	-0.011425220251328402	-0.04783189449097808	-0.04845651925866757	-0.053440661509322473	-55.66700715015322	0.6566843832271574

drug_55.txt	-0.109506792442915	-0.7353219950290312	-0.3151981836712162	-0.7863173756922992	-0.19148862029286723	-0.09871770155570389	-47.46833503575077	2.0104566591026996

drug_56.txt	-0.111653572273169	0.7097135613646429	0.057206182451510004	0.09526927463079629	-0.05629596070869495	0.028007381111211017	-55.14938712972421	1.1707595716007413

drug_57.txt	0.175865149643955	-0.7817074220476111	-0.24927368700656113	-0.5568421642329634	-0.08751685069339114	0.005196200685200931	-36.874872318692546	1.6752099719321194

drug_58.txt	0.206619018840161	-0.9869042390305465	-0.3054666106086763	-0.6813519982147711	-0.15396601330303783	-0.06645852605173937	-67.70863125638407	0.6318226610865287

drug_59.txt	-0.136616128438921	-0.8115252789870169	-0.35799496066274644	-0.7920077118850208	-0.22051610687076148	-0.04023919871603275	-47.18156281920327	2.003854980217576

drug_6.txt	-0.0674120398349843	-0.7645317363442752	-0.028494446784485775	-0.1038146973447302	-0.16372118498225158	-0.14564958141746456	-73.56384065372829	0.5421686892955188

drug_60.txt	0.169424810153191	-0.7751175631560232	-0.0066199505587037355	-0.03991928476952111	-0.11037539182483529	-0.14839800795910524	-80.35572012257406	0.05261379666798472

drug_61.txt	0.174067845600021	-1.29850159633832	0.020019988564514868	0.00749138675985489	-0.03465048389838578	0.038786043148480685	-44.35291113381001	1.49082157615198

drug_62.txt	0.179509682844155	1.213418151823666	-0.01366286673605191	-0.051522417979581125	-0.04924396703204297	0.022669127014666453	-58.15321756894791	1.6437140581947796

drug_63.txt	0.333279028825183	-1.453924368889905	-0.3545142455411145	-0.8091178694758612	-0.09213646700246399	0.045267997680106885	-47.45326864147089	1.1173403996093796

drug_64.txt	0.176713876553591	1.2389134438929372	-0.010322985899485576	-0.03747563456453934	-0.05107374504134143	0.0065523817012089515	-54.37282941777324	1.0170274418424248

drug_65.txt	-0.0703444832750874	0.9336436969216357	-0.2885214648053446	-0.613273195064836	-0.07845674730793369	0.09955568228052766	-26.005107252298263	1.7572728104691218

drug_66.txt	1.62411382925612	-1.078724802973381	-0.2660735847042977	-0.6486153119401652	-0.030660855803641775	0.061121411449651636	-39.02374872318693	0.8658329783489951

drug_67.txt	0.242115773707859	-1.291447923560593	-0.04780527958936562	-0.11273672936183249	-0.10136123074907756	-0.0754580731397289	-67.41266598569969	0.8261427963207596

drug_68.txt	0.205591612581128	-1.22136298540489	-0.2825205597067464	-0.6219244608552552	-0.026083397202902932	0.0770446840578606	-14.627681307456589	3.671780691468292

drug_69.txt	-0.0930814304858502	-0.9652994423010945	-0.40434725986005016	-1.0659926896299807	-0.2071264564876595	-0.026906462042374107	-29.64785495403473	3.8678288676361756

drug_7.txt	0.0136164174790447	-0.81816067336513	-0.24227353388536063	-0.6653264500487261	-0.1785097875506543	-0.14938636613962405	-79.32405515832482	0.113866040195084

drug_70.txt	-0.0909845757679271	-0.7654264810471128	-0.28471365582170804	-0.7297778291058443	-0.2236149561969355	-0.21371356919845053	-93.58197139938713	-1.4726677547493108

drug_71.txt	0.17137188953412	-0.8289194207195801	-0.20372796340616622	-0.528246621945664	-0.10362402961920437	-0.09990664702006469	-71.39759959141982	-0.2454645643468585

drug_72.txt	-0.300021021099929	-0.7634740494391927	-0.28330549018311824	-0.7662735751445686	-0.30462129186949655	-0.24393530693559884	-107.34065372829417	-1.40475752236832

drug_73.txt	0.166828704311953	-0.726548683234755	-0.23744399589475923	-0.5761169061582236	-0.14925525056269748	-0.2372596277292596	-119.73340143003064	-2.158149247249541

drug_74.txt	0.179110281945503	-0.6606279120512337	-0.2866493485101236	-0.7122237500217081	-0.20085661062274696	-0.2643498509993117	-94.56358529111338	-0.6572285043240189

drug_75.txt	0.160937541056836	-0.7456677607888335	-0.31681769225866585	-0.9177235790272302	-0.20714867332653186	-0.26628738322278744	-89.21935648621042	-0.6066172559401217

drug_76.txt	0.172270541556087	-0.6404485247712007	-0.3290587362091624	-0.8956458583826605	-0.2190205669783043	-0.2529580950514257	-99.81179775280899	-1.1889151825751114

drug_77.txt	0.167477730772263	-0.8251678055561109	-0.26295795145760703	-0.8328539436346996	-0.08459890000092536	-0.060274866079400635	-65.30873340143003	0.6271881330015241

drug_78.txt	-0.124384475917702	-0.828143732382229	-0.3581363694999767	-0.9824182871900212	-0.29453141899490554	-0.20932762353534873	-64.14427987742594	0.5659790307665162

drug_79.txt	0.170972488635468	1.1331831053524728	0.007354197948185426	-0.033653448387894525	-0.023342764993529226	-0.06258229081826723	-34.010725229826356	1.2239138033901105

drug_8.txt	-0.0645663084320888	-0.9247970977235207	-0.06383093430532193	-0.21354682072987147	-0.2309031234878354	-0.17022101279699814	-81.08733401430031	-0.43380516020955734

drug_80.txt	0.179309982394829	-0.9761053934578018	-0.03807534523283167	-0.09240192196049773	-0.019843725342478365	-0.01754347358710784	-42.77808988764045	1.3595937914304699

drug_81.txt	-0.124484326142365	-1.1387121490664973	-0.24266574640841415	-0.5865406892467319	-0.10545084737380428	-0.009617374827524436	-65.37487231869254	-0.014055100759893578

drug_82.txt	-0.0448327508736893	1.0316615283499446	0.29681444804066265	0.7836706801108188	-0.025024500699350742	-0.01848614447158772	-45.88968335035751	1.9494129473367343

drug_83.txt	0.0797777018682502	1.2343993130076374	0.07219761155999763	0.12277633752032052	0.0067420157007299685	-0.0711514674248214	-60.48569969356486	1.0745995551095489

drug_84.txt	1.27224163754368	1.0294066484820343	0.11884447989257985	0.19194885035210352	0.06969311498558163	0.06811336460271336	-34.97522982635342	2.527377541754959

drug_85.txt	1.11358751346664	1.0277804280994673	0.12992669888188635	0.18730417673390098	0.0598250122238946	0.015561975077966705	-54.581460674157306	0.9990427014118805

drug_86.txt	-0.217234674304333	1.4279481064087842	0.08323015080870372	0.1033825019910542	-0.0029586878680731687	-0.07756293769159575	-44.49821246169561	1.1868342684398057

drug_87.txt	-0.0170481120424626	1.2130689276485462	0.17652415620859188	0.2601884377842576	0.07188842199233483	0.14979766176863313	-31.616956077630235	2.435303969630615

drug_88.txt	0.105042436345482	1.2479445290231568	0.4388856934488091	0.9352057467705914	0.024691909513649284	-0.11138217250200617	-34.35801838610828	1.169594605934326

drug_89.txt	-0.124405497017631	0.9097211269977518	0.4921825054332902	1.0068312810496667	0.05627935627843586	-0.05313335378613088	-36.08580183861083	0.973135892395849

drug_9.txt	-0.39317339779804	-1.096884777787205	-0.3647556266325216	-0.8375677316806132	-0.251606489791722	-0.14742396049715037	-81.03549540347294	0.03038767535758505

drug_90.txt	1.36380429355966	-1.0803535920803304	0.028178466986380213	0.018684027522865743	-0.08265763733408565	-0.005645289204853796	-49.52783452502553	1.5658959412261613

drug_91.txt	1.34718711406574	-1.1366376745684867	0.47716975911045245	1.1086760347505145	0.04646543826359691	-0.010489279688261542	-86.08758937691522	-0.30315649183457893

drug_92.txt	0.0276164700317943	-1.2111920350558432	0.12836883754226117	0.2087115294842694	-0.0034437655130833684	0.00476456787681995	-50.992849846782434	1.6597805122372606

drug_93.txt	1.3662506240639	1.0868713711991735	0.3416092210942262	0.7391907681299459	0.11471033839693943	0.22145502750741938	-53.16700715015322	1.1478496324086238

drug_94.txt	-0.150923614578133	-1.2293869363382515	0.3757353709314385	0.873573582195271	0.010134615532837241	-0.04839512333081207	-48.67364657814096	2.141756351438858

drug_95.txt	0.133749375936096	1.5530599425974814	0.3622778171510811	0.8333244648416818	0.04845177898369438	0.028402961372496618	-76.2247191011236	-0.5849780258146293

drug_96.txt	0.0893738339858633	-1.250749413338276	0.34579549658097797	0.8560629561608559	0.0037002071950899265	-0.03648789735387705	-39.95556690500511	2.2589208191746106

drug_97.txt	0.0160469821583414	1.2994668395334492	0.09810520081121041	0.13893454513736314	0.004459812109889758	-0.06690651046247903	-84.48033707865169	0.099736868345081

drug_98.txt	1.17772288935019	0.7065686673345863	0.3366399663136479	0.8826364926066921	0.03663620086762955	-0.031467423290082085	-58.879979570990805	0.23064428896479436

drug_99.txt	-0.0273589615576636	1.1918454383465418	0.4065554689629921	0.9036707508099571	0.0306314547857596	-0.053407785867416235	-66.22982635342186	0.6489662285163372

