	SScmap	SSfisher	SSlincs	SSlincs_Norm	SSpearson_corr	SSspearman_corr	SSzhang	SSzhang_Norm
drug_1.txt	-0.091515565080327	-1.0077450053953316	-0.19651672656124503	-0.8483199897951881	-0.02832215817043528	-0.009173239133709517	6.6386055835329785	-9.132198662628916

drug_10.txt	-0.0934844769651511	1.1235836093114813	-0.0689684621725591	-0.13669366232976898	-0.0019940198443745964	0.02171447277375493	7.963156994083997	-6.568655633464613

drug_100.txt	0.495458154004178	-1.4997138561403964	-0.0328115766054905	-0.05704122588718635	-0.05091774801006058	-0.09868982750484685	5.422302351733242	-14.168899948494438

drug_101.txt	1.70537185488143	1.4008554501199908	-0.013250191951053147	-0.020025660061601225	-0.013471192257888431	-0.030334604172519063	5.108979122867061	-8.63534129671717

drug_102.txt	1.77548573168528	1.6246787204708704	-0.0951725898504221	-0.151539653277718	-0.04051877516317381	-0.06300074149485375	9.842350755390408	-2.021593661671477

drug_103.txt	1.61734199490949	1.333921618564928	-0.004778787739108892	-0.007728316899466958	-0.0006245215647367639	0.033459920840625115	3.222441695594778	-13.427899121822932

drug_104.txt	-0.0963462583209819	1.3727626738174996	-0.05497387277891999	-0.09720938208965274	-0.006222893582849407	-0.002111142885263252	9.112164474649196	-4.94698150017502

drug_105.txt	-0.146490090192223	-1.5605824422503414	-0.04041917927380889	-0.0736520606794106	-0.02798522327147048	0.046978423961463345	3.0020754901481443	-15.640927948292973

drug_106.txt	1.68831648555447	-1.4763342045011871	-0.0723760392352912	-0.13744844503974105	-0.03631533006476958	-0.030890684456188453	8.126311543538845	-4.036071204174433

drug_107.txt	-0.223286799889581	-0.9918827201447442	-0.2719739335945597	-0.8813071821711227	-0.058604480203104124	-0.03204753671339185	2.8351219869945727	-13.888683893943977

drug_108.txt	-0.194579860298967	-0.8862505383527861	-0.2625694064447003	-0.8442836380377696	-0.051914033089347555	-0.049273239428678915	2.5584584168581626	-17.211505648545913

drug_109.txt	-0.196127538781244	-1.030686993058587	-0.2413217463903669	-0.8234597649335941	-0.04277857781324006	-0.037618089884338624	3.0927076712462718	-13.698537142396345

drug_11.txt	-0.104867402576734	1.145129629794822	-0.07166570200865888	-0.14903808659199289	-0.030597703263206485	-0.00019245992916705422	8.407568571847651	-6.963414137360674

drug_110.txt	1.64276576401773	-1.289034130893472	-0.11692339315668662	-0.22342198630359789	-0.06955588860803162	-0.003695072948511709	3.263445460323669	-10.253935913213134

drug_111.txt	-0.108658440910063	-1.1423361016217515	-0.12164419627426741	-0.22528835442943218	-0.058740308686316044	0.027974330517980935	2.9029946707084537	-12.008933972007222

drug_112.txt	-0.0720162426354229	-1.1360515140924803	-0.13885770187593977	-0.2842618136427104	-0.06710044464875232	-0.02053473164462411	4.540475724832543	-8.643082586390554

drug_113.txt	-0.0926324798516511	-1.065709920713791	-0.14997398968717307	-0.2744774423407037	-0.06124115597418628	0.005872414097844482	2.9991761599765314	-10.17152348599275

drug_114.txt	-0.0808501533414164	-1.1555920943470372	-0.11514160408914048	-0.2165593458978676	-0.06610750179512895	0.0361625468297623	4.774517185742923	-9.788795780718184

drug_115.txt	-0.0668211967762641	-1.241825001000323	-0.12914151980965205	-0.2503124031574124	-0.03837321397357385	0.02299519216623487	3.282134650173569	-9.643506482146213

drug_116.txt	-0.0846542724902042	-1.2435951835342676	-0.11501884777403139	-0.23654980104969278	-0.0686836972732611	-0.019337639823105126	8.833814110399452	-4.677068653969537

drug_117.txt	-0.115360749684373	-1.2695941511203934	-0.13380163918089716	-0.2725705936424168	-0.07109321584908233	-0.020308528036612282	10.520659560944605	-2.7434365003535692

drug_118.txt	-0.113839668860195	1.4053729040178429	-0.1260514495707834	-0.24909379598693973	-0.04195441458373713	0.005568767218052908	10.928064342639221	-1.6543844550064022

drug_119.txt	-0.081851925791911	-1.0713166648864259	-0.14118861823543538	-0.29551399600423534	-0.08823924263564993	-0.06778595716349364	5.475389918349387	-5.913553433589398

drug_12.txt	-1.64862795222845	-1.115399261443656	-0.09836379584644232	-0.20023838035916877	-0.05743556763194689	-0.06828320811699426	4.323976922700826	-5.791623182473104

drug_120.txt	-1.64369517671922	-1.372398671422579	-0.11097348325141593	-0.23627055872681602	-0.07627893387863634	-0.011762443327144233	10.888055541974282	-2.7561189478956183

drug_121.txt	1.76999396932881	-1.3706901443079715	-0.10566781575483519	-0.19784216064292126	-0.05994708064285549	-0.028778606604067922	9.00949249498851	-2.1495617428130736

drug_122.txt	-0.0723423909675102	-1.0278701422105763	-0.10811753521599882	-0.23780308449404322	-0.038486415565312855	0.06339929381861016	6.201848139637217	-12.827634675534929

drug_123.txt	-0.0835591902227756	-1.0874161294485667	-0.13636152605861196	-0.25758547487061845	-0.08720007436053193	-0.009021141487386199	5.225363027428739	-11.063371471885732

drug_124.txt	-0.0437875937185924	-1.0432734227790836	-0.13482711763223265	-0.2689879599017547	-0.05429605395611474	0.05477341604231493	6.716401016965726	-10.56341353766669

drug_125.txt	-0.00840049968715051	-1.1037821178791043	-0.10850534060027944	-0.2102387133336537	-0.03540115608293066	0.05932076511961187	7.51484623282648	-8.776280787678063

drug_126.txt	-0.0159555426685301	-1.0589910007458914	-0.1233537351288676	-0.24115545362225693	-0.04300852918472132	0.055251176561080945	7.360653693834645	-7.183946148531595

drug_127.txt	-0.0268727912498065	-1.16576531565352	-0.12160687539666133	-0.2583308652873306	-0.05708218039294232	0.055897705884386965	7.881029677797878	-10.638021849192693

drug_128.txt	0.226891955682613	1.5786074223316984	-0.1017660975903174	-0.18213300139889543	-0.07386058084417187	-0.003940992097927948	11.465623624896104	-2.3493030000008766

drug_129.txt	-0.145395007924794	-1.434811082153727	-0.12737424163272093	-0.26562798887620065	-0.07127699713474549	0.06695181689217289	7.969114555321958	-7.412742578998522

drug_13.txt	-0.278597283945157	-1.265881528133653	-0.07768442360876462	-0.1577833731854682	-0.029301867435783054	-0.02165403593276816	4.5746516403461595	-10.863786071547073

drug_130.txt	-0.132664104280261	-1.428403802826678	-0.10675782742957518	-0.19960808641198546	-0.04838986161911922	0.09197863846706811	7.31817581772845	-6.177077593227909

drug_131.txt	1.63846982697092	-1.383898883155589	-0.15717472367373198	-0.2668416826394554	-0.09711852129951147	0.06502950347645725	1.1990123698234978	-13.398349156479782

drug_132.txt	-0.063235060073645	1.3839338565637487	-0.0965859913643291	-0.18219664703860966	-0.04405846688171532	0.08325931483671116	6.087138806043123	-6.433969376532183

drug_133.txt	1.67796296821144	-1.2707923538726296	-0.14168717655231433	-0.26286475128454057	-0.09273858756513147	0.06793602128107401	8.947711827115826	-4.2124011918593185

drug_134.txt	-1.59621847121188	-1.3035884871819512	-0.16103415361473766	-0.31699510378535134	-0.07745139520469757	-0.006562352716717694	9.599046594631595	-4.334093789180327

drug_135.txt	-1.5854726851291	1.2976504666405029	-0.11965060781069281	-0.21940675739783652	-0.06289555153765712	0.048584550324742855	8.883007382780033	-5.338802056712074

drug_136.txt	-0.0841582915707536	-1.520243637094029	-0.11152321835894846	-0.21149540493601926	-0.0594979197587787	0.07301168082450887	10.134334816408352	-4.018485122745461

drug_137.txt	0.229238435962193	-1.2784049094527914	-0.12968732473856803	-0.25278924193391084	-0.06526934587216077	0.055252186558542776	9.230171612966313	-4.004371424494266

drug_138.txt	-0.233160687332486	-1.376757546268781	-0.1332890356480531	-0.2516743495872226	-0.08286389139487799	0.03465351131617913	8.866938835378672	-4.135765839092207

drug_139.txt	-0.0677828547260206	-1.3431394291893057	-0.09481266360148924	-0.1758292774797487	-0.03907586549165743	0.04814805402737256	9.376230870776903	-3.797670150667585

drug_14.txt	-0.037097192638989	1.0070781004723774	-0.05891702224427016	-0.13101176690401425	0.012087873506618852	0.029363585832731052	7.683574536742776	-8.67458613197892

drug_140.txt	1.72316421396186	-1.3069363714351736	-0.13503509164296715	-0.26326606500795646	-0.08360197973465563	0.015480720901070699	10.032249547743607	-2.1191843504336676

drug_141.txt	-1.65846319935775	1.37619639712962	-0.08278322674561353	-0.15204511976430407	-0.06300772400900956	0.04238229281994918	11.589414755781547	-3.218461149563881

drug_142.txt	1.85335939737721	-1.118575125587539	-0.008758188057284982	0.07514146197962313	-0.01924912400268843	0.03595868995310221	-0.18189018725859288	-13.704119171587424

drug_143.txt	-1.56158709533952	-1.2204154206865576	-0.2766838914820534	-0.8159890789647557	-0.0777741666955079	-0.099117371014758	1.9920231750843398	-10.125534374327257

drug_144.txt	-0.0016977548856586	-1.3310451929558296	0.009448187757963494	0.0	-0.04211198825881265	-0.08800566254572549	0.638818266269007	-9.94626211826519

drug_145.txt	1.89245076033278	1.2931319801321564	0.012755214470154458	0.0	-0.02247295200208674	0.03171156005266203	0.9774776316432797	-12.246663861555191

drug_146.txt	0.0608084857533828	-1.214539670545179	-0.017024284858485478	0.0	-0.04155890364296299	-0.04263968982368555	2.4308463306116463	-12.795150517364688

drug_147.txt	0.000279628384414421	-0.9683722035078504	0.01898588409985011	0.006971800555582441	-0.02253624506206887	-0.02990610513101362	0.587625287243925	-18.518039259025546

drug_148.txt	0.0418672469565562	-1.1328959529169582	0.01294331594176873	0.0	-0.021974839603995433	0.0014672890061371304	2.2121351390993986	-18.206241989812852

drug_149.txt	-0.0630063949615192	-1.2948694489989676	-0.018719722388415183	-0.016672592418016163	-0.04244790889566484	-0.010589128278980875	2.3460665916980394	-17.07673202821127

drug_15.txt	-0.154371717532871	1.1688958016259214	-0.08282877760055246	-0.18471964045802203	-0.03788391134796589	-0.00034754044737096197	7.470322202121938	-7.5962341175335215

drug_150.txt	1.85979973686798	1.2595782910022033	0.05557986496975337	0.0	0.0039030172290521257	0.004900282001310443	1.2857698137192588	-14.078361469447197

drug_151.txt	0.0154830241641074	-1.2849059320561556	0.03179463035123736	0.0	-0.0031731364195060965	0.04337180928933727	2.302173275314135	-12.99432879683554

drug_152.txt	-1.58857949299797	-0.8912243258379098	-0.2809417027728971	-0.9461336991015847	-0.08608454165523785	-0.09260454214692808	5.422400136899232	-4.875076326003484

drug_153.txt	-0.0844364457680292	-1.1507637152207169	-0.3188836160856653	-0.8027673556874854	-0.04959076678045652	0.013305960241778903	-0.1625018334718623	-10.634442667567455

drug_154.txt	0.0143282061727538	-1.2379964412082303	-0.236387628610241	-0.8179458573513785	-0.04727265804435848	-0.05906124832333474	6.85111475089229	-3.629683003635169

drug_155.txt	1.67366940855093	-1.2034686375931178	-0.3141464888871022	-0.853284997148699	-0.05768805711784618	-0.01109754997530601	0.371979660685474	-15.518210473949964

drug_156.txt	0.0288867177503654	-0.7284108837914689	-0.3286640517218469	-0.895203277156504	-0.07539551319257914	-0.026947112874560912	-0.45399941328900406	-9.992116501570235

drug_157.txt	0.00110459181263467	-1.1744004265182801	0.019716864215483743	-0.038239808568593325	-0.016774405630376993	0.014584384887465099	0.6112648511220847	-12.147650689558827

drug_158.txt	0.0453881664506774	-0.9127549040162467	-0.27848822962121905	-0.8574147989749901	-0.06189435410898001	-0.017879711727170587	1.9072825502371291	-12.484470834683068

drug_159.txt	1.6834547305679	-1.2398756527589971	0.03154729545491021	0.0	-0.03370734361827042	0.002439960104820685	2.009182027086491	-11.020856275494795

drug_16.txt	-0.169998277692631	1.0158756955564563	-0.05934286387412459	-0.12302948548048509	0.0018259813460015425	0.031045651849426956	7.735271109372708	-9.577775233016638

drug_160.txt	0.0333496739710563	-1.258680361446068	-0.3279246920475898	-0.8461030865505935	-0.052799369241383946	-0.004057044822930448	1.352869994621816	-11.786224787839043

drug_161.txt	1.87452764500577	-1.249248489651535	0.018989587969272248	0.0	-0.006336819490259995	0.007087131953166028	2.0606805847552927	-19.570331048942005

drug_162.txt	1.85385864850053	1.2884868026161402	-0.2790866671209026	-0.8042636669624048	-0.03673304468125927	0.0071448757528285375	1.2824328949298391	-9.446701795819106

drug_163.txt	0.0836083470967388	1.1869103420304015	0.027992432912496895	-0.029712699358378336	-0.01280835888757963	0.016749977381190797	3.1479636239182516	-10.622405867267062

drug_164.txt	-0.0747910884764555	1.1054066893975125	-0.2422026107601395	-0.7947346988310702	-0.035436478089610715	0.04755772255535048	3.0170977362734073	-7.7351482963114755

drug_165.txt	1.69633540954943	1.2134706207479096	-0.2773209577665671	-0.8537897668015302	-0.06618914924634924	0.03425148246983779	2.9140346159487605	-11.759253582863236

drug_166.txt	0.0209747865205726	1.3094422716584915	-0.26743190106780756	-0.8116443436335952	-0.030291229360254086	0.01827112507440201	1.0432479342883685	-14.492102468711328

drug_167.txt	0.0636542171562784	-1.3831558981983458	0.04929434569586183	-0.04139481374554066	-0.017080824235347996	0.02345582081830908	2.8696010365227593	-11.758229814853257

drug_168.txt	1.66672744055055	-1.2050762794329333	-0.25943406233007305	-0.8415189332626412	-0.05756247422963742	-0.0696873766297615	4.2776194201339655	-8.652338382434063

drug_169.txt	0.0486766834568275	-1.3193550402972907	0.0382883800036089	0.0	-0.0014825478230429897	0.009755890594561984	1.7702390847308462	-13.60181357454147

drug_17.txt	-0.0807321768439044	-0.9656704745643534	-0.09139665649724082	-0.208265794772037	-0.01843226967746215	0.0340103214427496	7.246386838116658	-7.740341537936144

drug_170.txt	0.0411879166071023	-1.2944216301908913	-0.2934725111787692	-0.8364993186654733	-0.026530241810893775	-0.015117704335610428	1.407011196401506	-14.20279370972674

drug_171.txt	-0.0463435850590925	1.1681134630110004	-0.15204925406566416	-0.3270389700330617	-0.09439661802800539	-0.02633617781676546	5.410873710458124	-7.248939065908103

drug_172.txt	-1.57190256412013	-1.2441886500562083	-0.15814670457311905	-0.3240827553491649	-0.09906878714196662	-0.036968952930203414	4.92949200606268	-9.57290757380405

drug_173.txt	-0.0454682604913591	-1.1845047809982592	-0.1693501788422247	-0.3524847457198761	-0.09415642156508312	-0.02874454717027381	3.459284701510781	-17.586259795423604

drug_174.txt	-0.0364486022058614	1.1784889051665228	-0.17406833801961288	-0.3530501523931477	-0.08714168823191791	-0.00832049167750892	2.587043465506283	-17.87509449752438

drug_175.txt	-1.53015566066579	-1.218489429339364	-0.09814536102772911	-0.19227985261827013	-0.09570480665704544	-0.10088258867653932	8.477154940595511	-1.2376573382155842

drug_176.txt	-1.60535892978997	-1.2249271970340017	-0.12013187229582417	-0.2224239455251562	-0.10908167359403996	-0.08755538230216739	3.8348604116755487	-6.838840722821708

drug_177.txt	1.61965550322883	-1.150287207132732	-0.12590028865973046	-0.2609000570690938	-0.11037032065601332	-0.07876943690907522	9.082567349533075	-0.3625841010760941

drug_178.txt	-1.62311578379987	-1.4467050831643746	-0.14708595044088252	-0.28263182630239253	-0.11662465429624783	-0.07031626410110547	2.388119102332176	-11.144527994980692

drug_179.txt	-0.0187349979397716	1.1277416793056163	-0.14750294443105738	-0.32362654844449523	-0.09170111604615239	-0.0354953730094867	4.085752701315211	-13.886692752146095

drug_18.txt	-1.5570718366202	-1.0377916679076034	-0.08030660221569526	-0.15931784489110842	-0.028791543202028303	-0.00150318763017397	2.2244976287097247	-7.51078941477333

drug_180.txt	-0.0242165136574614	-1.1474917209211917	-0.16268032716147532	-0.32718771189697005	-0.09684436350369253	-0.03674607249407391	3.177704982154207	-8.434763918017133

drug_181.txt	-0.118132626387929	-1.3265056064810512	-0.1723031805418782	-0.3361499200224735	-0.09908648580338543	-0.024561469045238475	3.7438150882511123	-10.861287067806622

drug_182.txt	-0.060911471221116	-1.2315021172863172	-0.15708492547310982	-0.30688011723810965	-0.0862849264615526	-0.026477854814104577	4.5201950814061505	-14.97433400853208

drug_183.txt	-0.0855347982393223	-1.014577522350168	-0.3140621403937093	-1.0322421983119443	-0.10219768019499943	-0.005424773558793459	3.94667041509803	-13.187827157386932

drug_184.txt	-0.173692299977981	-1.3909456316027167	-0.15384308681243933	-0.29584437942763525	-0.11589559885017965	-0.08422536010415202	5.315401163643475	-10.013918217201358

drug_185.txt	-1.64328596520898	-0.9260474135523058	-0.329757850774633	-1.0268371986859153	-0.10950718299664101	-0.023867346887442527	3.401327433628319	-16.950032767133845

drug_186.txt	-1.64690717095494	-1.2894237744488022	-0.15874635184056096	-0.2911844271424333	-0.10858349264537125	-0.07431131336174769	4.225734611059503	-12.45793215280382

drug_187.txt	-1.62304296726048	-1.392097615588309	-0.1997005679188303	-0.4006259212203098	-0.12811129577565422	-0.027699915079279765	4.0751185645137635	-12.416301226798435

drug_188.txt	-0.128291353778233	-0.9517302616468883	-0.18646596193625994	-0.4211949840507815	-0.10949406340356768	-0.07227810172723116	6.067237080134944	-8.553285518385717

drug_189.txt	-0.0500613708258574	-1.5436023773738015	-0.12200574578747261	-0.23590558290858038	-0.08553400161839818	0.016372324814246036	6.7917542658778665	-6.923456512816464

drug_19.txt	-0.0979777370749864	-0.8790981022466392	-0.05680163121440421	-0.13201132531594667	-0.0065381527710690664	0.045488063916698684	6.421532293551068	-9.6117185292412

drug_190.txt	-0.106640642072865	-1.0104718113175237	-0.1795675113900518	-0.44875321152654407	-0.10815620877030158	-0.05616772757252203	6.274394954285435	-6.073848380288119

drug_191.txt	-0.24706170106454	-0.8107462120213805	-0.25221962448349355	-1.0200553062268196	-0.12989689167086832	-0.08992322456594538	2.3365643181929303	-13.092459837263064

drug_192.txt	-1.64298879192129	-1.0719506369066572	-0.172337813937688	-0.34383731966643116	-0.11990192528424244	-0.07238069539701064	3.63858602649978	-6.081821796870978

drug_193.txt	-0.138676213170367	-1.4494952726674668	-0.14028194631550422	-0.256828687375692	-0.11631139912321382	-0.08646146457651277	4.05837774409622	-17.922010961072374

drug_194.txt	-0.114279184259585	-1.1751974295116394	-0.15611829597957805	-0.32635159251513235	-0.10078861263218572	-0.07900657933161147	4.150589155625092	-9.61343753512693

drug_195.txt	-1.55823497027281	1.1120209223878037	-0.13338039435561594	-0.27522418795604386	-0.09568088451239504	-0.03255708886579287	5.514340194592481	-12.234719231108548

drug_196.txt	-0.198535986828657	-1.3101833345257894	-0.15866150915532368	-0.2998390621258557	-0.13594694971264099	-0.10665118890450871	8.221339167848237	-6.397834270538075

drug_197.txt	-0.0339420999505109	-1.4157582566795002	-0.14258654085778857	-0.26042439345539414	-0.10487337447493804	-0.07067151444383671	5.418261379748692	-10.519206938824507

drug_198.txt	-1.62356554583803	-1.16212836652144	-0.16931113084787153	-0.3342548061809033	-0.10587639295688456	-0.007853976877082313	4.121517625776169	-13.914119862299023

drug_199.txt	-1.64066326170964	-0.974523495342705	-0.1546051658744745	-0.3305449213020031	-0.11021425824425984	-0.025625985649024647	6.653222021219381	-13.723208173434752

drug_2.txt	-0.0735924497533177	-0.9019677736597518	0.034457169969385554	0.0	0.002519151864173196	0.03147775541254021	6.283024495184081	-15.674497448377707

drug_20.txt	-0.0966582876776538	-0.928428520416333	-0.06169337019503768	-0.15530301045966477	-0.0021343730887759013	0.0358465425423144	6.151518114701999	-14.49373814332402

drug_200.txt	-0.0878980655654074	1.7149982420367529	-0.10059799998278782	-0.18485271144513116	-0.08522213711128224	0.05734999700051581	7.353192685669584	-7.177714998384144

drug_201.txt	-1.68253364390927	-1.1030814679273178	-0.14350533620000056	-0.2770108639911646	-0.07013200825048185	-0.025290059908572245	4.741607588128881	-10.598333355658209

drug_202.txt	-1.6476056865004	-1.1143310178977037	-0.14005591622617397	-0.2920412380930122	-0.07225061833585358	-0.0036940226641295013	6.58939519874835	-7.269219331997856

drug_203.txt	1.6167238744711	-1.1097111713219197	-0.1674270953740344	-0.33434154390102	-0.06579606767692682	-0.019848366026680084	8.67192832347333	-3.4803883211075775

drug_204.txt	-0.0946892200688363	-1.2892087012383902	-0.11192558539669259	-0.2164402360270234	-0.0623932727211921	-0.01020019008146711	5.403102234391043	-13.172347402047755

drug_205.txt	0.281210477899287	-1.182412747766819	-0.11372741359560323	-0.2092263317517869	-0.055576106662392905	0.022989105679705652	3.596582408448638	-15.777836881168893

drug_206.txt	1.78018820178964	-1.220127309642506	-0.1128317660429914	-0.21117750510084018	-0.050459147847220526	0.006077101019316416	7.8208722436806335	-7.064296120220604

drug_207.txt	-0.278722693667961	-1.0871427318382736	-0.15034971067897285	-0.341610775157724	-0.049664362196600705	-0.006610141243639402	8.15282843592627	-6.285257171238623

drug_208.txt	1.77952966578413	-1.3288409138650081	-0.10413184704083558	-0.1911911504646155	-0.05306574080098513	-0.026742002941679863	9.61888720481103	-1.3584549988889996

drug_209.txt	1.84054766259843	-0.998697626760067	-0.15310950886350408	-0.3818755609555698	-0.04292101305789234	-0.02765190376072781	7.511294186671882	-5.33273744183743

drug_21.txt	-0.106343759469965	-0.8773107233757369	-0.06677417557846065	-0.15574182499877162	-0.01465994103638098	0.04486075617080371	6.344695154745025	-11.133537133672224

drug_210.txt	1.76810632460542	-1.2856386279457563	-0.14528115207635245	-0.29431150070216144	-0.05369750618483979	0.021319706824623016	6.996274385175769	-7.055827148617693

drug_211.txt	-0.35340412130816	-1.0038991758548848	-0.18395279633874356	-0.4070657149151726	-0.09128071852733999	-0.028860683143717498	7.586075392362979	-6.177656138753937

drug_212.txt	1.73394803822546	-1.0138083747442737	-0.16088283828933347	-0.3493800107797411	-0.07437427176677985	-0.015892485095594672	8.399660196548183	-16.314635424670723

drug_213.txt	-0.0871297337628409	-1.3402675280387317	-0.11868274280508187	-0.23541551588118562	-0.047605695529578884	0.00994719300860679	6.945822128783064	-10.558257813794349

drug_214.txt	-0.0872860495075644	-1.389068246858113	-0.10625863895004206	-0.1896051965062367	-0.04627790662225658	0.024736441758496323	7.422781499046595	-10.74818835060712

drug_215.txt	0.167630847345119	-0.957319582134645	-0.14349398810593916	-0.34453380839184866	-0.08118247365206792	-0.04309486251112855	10.02737984647729	-2.3445254435289122

drug_216.txt	-0.0807633839322116	-1.252349765872907	-0.12804367709397516	-0.24172759108117162	-0.059361807531333584	0.006590223271437294	6.17252481298587	-6.215742471172775

drug_217.txt	-0.169340042753503	-1.3238975629860206	-0.13593205790201646	-0.24596723361269957	-0.0769394536082738	0.0371297607563502	4.385838263335452	-10.586163812339578

drug_218.txt	-0.136305969409371	-1.4281606002301486	-0.13826871953271883	-0.23709793299712983	-0.06992907485980525	0.02923146295864077	10.486527648755684	-3.2934898106260224

drug_219.txt	-0.0710276859611809	-1.088119773388434	-0.12378078713196895	-0.23292005404561447	-0.06377735475588883	-0.002627257444811052	3.9351122084779737	-13.933700363076454

drug_22.txt	-1.66594572686614	-0.6490533883740198	-0.2779420125536959	-1.0799842610522272	-0.12338112461741034	0.0020305540069993034	4.5433261624211605	-28.124888037904714

drug_220.txt	-0.0833594897734496	-1.4433760683113834	-0.10811677597461022	-0.20985774274858915	-0.06185112759785211	0.11029701212592466	4.104128978633941	-9.517919912809582

drug_221.txt	-0.111712344147534	1.5305752670997876	-0.059235624375517715	-0.10335117324007043	-0.0417385676334724	-0.01889760286772812	4.017376423996479	-12.099626079531077

drug_222.txt	1.82022814187951	-1.4297472825273168	-0.12740061037525932	-0.2260558221815246	-0.0943880950360806	-0.0288901090714435	5.83646653302694	-7.361054206105982

drug_223.txt	1.65210682624431	-1.6732876606701192	-0.10914610716734896	-0.19718541114706606	-0.0674047450737741	0.013916533494348042	5.983215176257762	-9.964492682802536

drug_224.txt	-1.64243723829934	-1.5813256635855657	-0.09347959966654526	-0.1478503036341285	-0.07503091543739196	0.027715865158197277	8.753295360093874	-7.041574303324042

drug_225.txt	1.72945477811563	-1.3939286705602534	-0.11907732480008032	-0.22225290066983405	-0.08956557217835118	-0.08169209642348231	8.54938150882511	-3.8265832942778015

drug_226.txt	-0.0810764514488403	-0.968007011565207	-0.2589145752950406	-0.985941279113169	-0.04692698786482859	-0.022815165039348984	3.0432870483547645	-8.806834895614982

drug_227.txt	-0.0490511269901138	-1.5755617833687308	-0.07613954425861344	-0.12307138880180113	-0.03000767885554221	0.04876271279668032	7.621903877181832	-9.102432651343259

drug_228.txt	-0.0332267973585474	-1.453259835197239	-0.12560586189142958	-0.23334172512248574	-0.08873532656299697	-0.0230284904868223	8.320324646751088	-7.1010134725481

drug_229.txt	-0.0630898941668596	-1.243387407387293	-0.14173933052690602	-0.26266358448318256	-0.09229181087258274	-0.03308493671393136	10.9782745807461	-2.968044887075033

drug_23.txt	-0.243999181099426	-0.819320161378238	-0.08920802103407952	-0.22934837587018014	-0.03055195181876906	0.014506187325003602	6.954116755488193	-14.783654512930294

drug_230.txt	-0.130780466854304	-1.8211895693300981	-0.1120297609665179	-0.18153257547120727	-0.09365259911922032	0.0068651400563472815	9.331968415391385	-7.422656842876197

drug_231.txt	1.79463795573016	0.9853980465319991	0.08029937259209735	0.09120682844494676	0.0018727805623514272	-0.026857019686141893	9.094355351293208	-4.592176257419593

drug_232.txt	-1.58314790239262	1.486883135068152	0.04872891018933426	-0.05822011498954782	-0.0016752061034760765	0.06052798905815016	6.533726103750061	-8.707609332151405

drug_233.txt	-0.091896382915749	-1.4784764898193556	0.08233721030356746	-0.004325909577396425	-0.001960254475744892	-0.06573396725911985	11.390434166136997	0.07204556590399952

drug_234.txt	-0.0585364623059172	-1.4147043858447863	0.048775479958770115	0.0	-0.017061945640320562	-0.03296623507141386	6.894861389527208	-9.357648568618362

drug_235.txt	-0.142361161937692	1.3544918100150722	0.053309826260378015	-0.12665471920392007	0.002102497181632579	0.04452254448449267	2.9185400674717648	-9.462703484735211

drug_236.txt	-0.11825714329317	-1.39469649620739	0.060959264528667026	0.0	-0.0111018467575864	0.03259419355953956	6.225289688554247	-10.102804334309692

drug_237.txt	1.72317372350707	-1.4542972554715055	0.04110577642612245	0.0	-0.011459636273870593	-0.008490336881345758	7.403820955361072	-8.776919023509127

drug_238.txt	-1.52371011999364	-1.0868879211010365	-0.28702545348346997	-0.8325389276329882	-0.040399964653500216	-0.03791560990223844	6.134078130347627	-6.0257894421289615

drug_239.txt	-0.105516429037043	1.265848839139679	-0.26947014339396597	-0.8179044330335716	-0.024573356009017486	0.010239044292431351	4.268434948418325	-13.704944248941652

drug_24.txt	1.78813373825724	0.9482998752502378	-0.04614948018026929	-0.12197651604439302	-0.013521893519270894	-0.03584934784376101	8.987241480467413	-3.9253381340085376

drug_240.txt	-0.10284900160676	1.3123634588828765	-0.2405617800265883	-0.7993761134963087	-0.008007590925806891	0.06018424720612185	4.401980149611304	-12.75823639909742

drug_241.txt	-0.111493188580614	1.4290881317734612	-0.3145570164120275	-0.821746946887183	-0.013425719507981018	0.04295974334658644	12.149845988363566	-0.20517456728104316

drug_242.txt	1.75869187485148	1.2530156386609657	-0.24073214376158603	-0.8109160993894298	-0.020036975786235867	0.01196152644041742	5.189114066396128	-8.762739154476327

drug_243.txt	-0.146141216538677	-0.92753915907556	0.04020564173507389	0.060053299936528526	-0.06116619786687602	-0.08759949777076821	4.245012956534493	-9.372367692212173

drug_244.txt	1.73834144811064	-0.7336869831750776	-0.2814721992052525	-0.9517175059919465	-0.13601481169456034	-0.13508926552622802	2.6099838654476115	-12.809723669433362

drug_245.txt	-0.318284779111225	-0.8054746699817821	-0.03898305989849751	-0.008772943919864662	-0.12425936296377069	-0.1420846404971143	2.828313694812497	-11.91423619855183

drug_246.txt	-0.178911545345737	-0.8390766380672809	0.0033973599039199276	-0.024045020356931124	-0.0770049786432045	-0.10378884576281942	2.8323497775387474	-16.832498755053983

drug_247.txt	-0.137423776998258	-0.715336904584405	-0.2761055278563326	-0.8543059883326491	-0.11146783525696836	-0.13932024856418962	0.9903314917127072	-12.261205391717985

drug_248.txt	1.79726259020702	-0.9727468695831065	-0.21542664156055802	-0.8687094193458942	-0.07906453228654872	-0.09107350818397987	5.66221825649049	-5.458530221769568

drug_249.txt	1.76560055944364	-0.8545694471158646	-0.22453861459570923	-0.8427992149919836	-0.07066476244580877	-0.10437633288140374	5.340353493375055	-8.602541972563385

drug_25.txt	1.81111324279956	-1.1453113498284455	-0.18335577854398658	-0.3670356993586562	-0.07598842937179422	0.06784791208646097	5.78201730797438	-14.673464852567665

drug_250.txt	1.65726306568428	-0.8933911216810153	-0.22414066122355797	-0.9240701397187558	-0.11388084425683134	-0.10785372822945026	5.909213807265438	-6.254746113487489

drug_251.txt	-0.110494686333984	-0.8118152227680979	-0.23276612278575173	-0.8886426563004011	-0.11058434128095512	-0.1248737430212078	4.873468439837676	-12.8458911174315

drug_252.txt	1.76330400427639	-0.8891835329933391	-0.21940743633251733	-0.8808047755369421	-0.0854198775165668	-0.11043151008365756	5.064200850730944	-8.408160671652512

drug_253.txt	-0.108747307402382	-0.8272431065927233	-0.26318740799247686	-0.9951809611280169	-0.13816605251864117	-0.1327146928799791	4.722600596489513	-9.00152452638211

drug_254.txt	1.77084269623845	-0.9475504136820033	-0.19985223441778766	-0.8365337121948435	-0.05903367209410823	-0.07106536635868389	5.489791228670611	-6.3337126653071225

drug_255.txt	-0.214838607134007	-0.8646670106362917	-0.27490303382070125	-0.8959497601092432	-0.07107123880684406	-0.04993821539552321	0.42922065222705713	-15.101739584731618

drug_256.txt	-0.0736404438881291	-0.938528828089386	-0.25250544029997246	-0.8160264413750041	-0.07605507040354996	-0.08648344277425811	3.7282550237129026	-12.430161969522537

drug_257.txt	1.62157611991246	-0.896292939588273	0.03296584224685284	0.0	-0.060539593135070284	-0.10388183013252071	3.5102258837334377	-14.686991737025092

drug_258.txt	1.67429703853453	-0.8741743807574471	-0.27176187838803034	-0.9040291412330747	-0.10333636093406172	-0.10894958859316807	3.771847650711387	-16.132121666400423

drug_259.txt	-0.189445744047684	-0.7762865170922708	-0.32804866254543696	-0.9035345834010979	-0.10935434604966944	-0.10426163431067065	0.21413973500220015	-27.489962805965405

drug_26.txt	-0.072844009095527	-1.189668326083358	-0.1962588800939092	-0.39331486528389953	-0.08454985967240894	0.04719612424951792	5.714286412751186	-9.716731536005925

drug_260.txt	1.81140835014893	-1.0298051427264863	-0.13980919541502415	-0.31732751445222807	-0.09051583981214001	-0.11510885768732261	9.13819244120667	-2.6287922458725097

drug_261.txt	-0.112874740706574	-1.2335333868549818	-0.1298236262167169	-0.27373165786965314	-0.08913874446911203	-0.14652721624058787	9.21826871363614	-1.1947822830467998

drug_262.txt	1.82989459458141	0.9758707873707355	-0.188940977696019	-0.9075385693872791	-0.027984383387300766	-0.02611605948343927	9.17434606170244	-2.240416373282782

drug_263.txt	1.86139734046259	-1.0279943541124839	-0.12337829769908934	-0.25221607313852834	-0.04526790790918223	-0.10679047199527866	3.841485356671393	-6.482337135697219

drug_264.txt	-0.141262809466399	-0.8697165108463789	-0.17950223191892278	-0.4754847246699875	-0.12148906944619182	-0.12289954665578831	7.700139343861537	-2.613277588219661

drug_265.txt	1.79479724061236	-1.4494758416210833	-0.12208687063688697	-0.22957208952006078	-0.047354322904688204	-0.04746217127728332	5.35666405906224	-12.669447992849115

drug_266.txt	1.61755864851091	-1.0428501476731709	-0.10352410046627504	-0.3061183001906812	-0.049530844802168454	-0.051831983607591524	10.53584315259375	-1.940868861039745

drug_267.txt	1.79685367976316	-1.0451927850051554	-0.17008184640756369	-0.3770421593585536	-0.11579970104426737	-0.14013246695885254	5.186840561286853	-7.850818904015245

drug_268.txt	0.0393472278585658	-1.0538181307199912	-0.1534659172957164	-0.3392416878982599	-0.0843262222578466	-0.1093688728432686	7.035278443260157	-3.977660060523803

drug_269.txt	-0.0607434138872789	-1.2312965986388114	-0.1266762867995231	-0.24830013643320525	-0.06776707019899693	-0.108431455928491	2.497599374174938	-10.731118365161402

drug_27.txt	-0.0820115117404989	-1.227638148916784	-0.14973830842303754	-0.2887608181665202	-0.0687014562704741	0.06366656534367188	6.274778761061947	-10.251589773108938

drug_270.txt	1.86903588264931	-1.2662247811379506	-0.12303359839983775	-0.2412725102790678	-0.06456670349076712	-0.11932657362997011	3.716706595609446	-16.047455399248825

drug_271.txt	0.0294522450053346	-0.9879780324360117	-0.14935588932098265	-0.32448846782562124	-0.07574185336472988	-0.08120353202082138	6.359072018774752	-5.551145790446031

drug_272.txt	0.0700016828572902	-1.2760340934741303	-0.11389219155562758	-0.227888607256007	-0.0546305171729039	-0.09598793895352203	4.657338776707573	-6.044869878108435

drug_273.txt	0.014634297254472	0.8413210519746566	-0.032850315998778384	-0.07477939461409056	0.02177360251211341	0.02731771254853264	13.60878110790593	4.210802861821295

drug_274.txt	1.91536638689294	0.8487148765788457	-0.06118532720812936	-0.1435369508163865	0.002692710420981879	0.03771935791536944	12.913301227203833	3.2700968412678306

drug_275.txt	1.78567996414611	1.004345508495083	-0.07054312431972963	-0.15637853985431005	-0.03991297077297151	-0.029618800944831936	10.585962939422089	-0.5488325778218924

drug_276.txt	1.86194651669823	0.7791965789943274	-0.036795002746716626	-0.07345599757013821	0.03575534809837205	0.06255537741856408	13.265582066200558	2.9742451640745022

drug_277.txt	0.0218734385425396	0.9098396760545706	-0.0654986974532523	-0.17418014059703557	0.024287280854272838	0.045648257427562754	11.749787317263971	1.375680293833657

drug_278.txt	0.00464927478817134	0.8641396640602194	-0.046649638661162784	-0.11016721432274423	0.02966435471290808	0.0637595326429152	12.19827653644942	1.430380213736692

drug_279.txt	0.0269424725461195	0.6762379467213353	-0.04311096932726573	-0.0969337194227381	0.036180609655323236	0.07884544907293564	12.287635065760524	-1.2832135674602583

drug_28.txt	-0.0830287320111536	-1.1703571021073012	-0.1792863205009214	-0.345583219355446	-0.07203303307553309	0.056355648148554864	6.168821199823987	-9.138819188370347

drug_280.txt	0.0113392398405926	0.8481720228154979	-0.07946467839139945	-0.18264821038121248	-0.0031850164118046483	0.04554582094777271	12.043526622011441	0.8804745902515518

drug_281.txt	1.77294906050157	1.0801156481059024	-0.10015338642665797	-0.21526891406392956	-0.06179192895245626	0.016506007604653126	11.67331687283039	-0.8349003312335003

drug_282.txt	0.0180058774387806	0.8172462437243906	-0.06337949663424217	-0.1509110201034038	0.0036925035275516705	0.0559975905847957	11.73959565833863	0.043226205033408543

drug_283.txt	0.0222728394411918	0.7466013328314545	-0.046990608160134784	-0.09210782816125745	0.03179211067955756	0.09403556402670422	11.329350217571994	-0.5999527122493644

drug_284.txt	1.70205540099084	0.983805736632066	-0.0833968174245323	-0.21228297789959422	0.0009012078153031148	0.05827429064735668	12.126269984843299	0.9914813369317955

drug_285.txt	1.65621463832532	-0.9273865759772801	-0.25102903920461367	-1.1204294264124395	-0.0917317719122396	-0.07646262610446371	8.102874883880116	-1.6011344955978564

drug_286.txt	1.86054861355295	-0.9242941091074369	-0.2645239474865145	-1.1677797105172296	-0.09240325713692968	-0.08216238313470148	9.168400723610228	-1.700894920891298

drug_287.txt	1.84766793457142	-0.9867775873656153	-0.14785157738238963	-0.31725022218319054	-0.08739850830625594	-0.09223045500204334	4.233320295311201	-7.833385653566365

drug_288.txt	0.0168543296512914	-1.0853456419509384	-0.14324227328093886	-0.278913420417621	-0.0923032294578883	-0.0862113438794464	7.2359042683224954	-5.882294870615243

drug_289.txt	-1.58035699621705	-0.6086348386181808	-0.32666316632861675	-1.2074296933795545	-0.17804161025686996	-0.11069684955810791	-4.677514301080526	-18.43114898311296

drug_29.txt	-0.120943288747478	-1.4416746930882405	-0.15250986856629184	-0.30106407019573983	-0.08862836714297058	0.02414738897971927	8.73615606512492	-5.442007909965015

drug_290.txt	-0.108561860889265	-1.1343369267989902	-0.08424909110981513	-0.1701674429212269	0.003227612867528997	0.07489604380076001	2.5219552143939765	-22.867923449561427

drug_291.txt	-0.0439583295051185	-1.4280958540276811	-0.03588546370188431	-0.05941229544509147	0.010346668864299713	0.0028325125697270526	2.716757932821591	-11.752565626418125

drug_292.txt	1.7685556506164	-1.2759112647608148	-0.10006489109247309	-0.19250036014377878	-0.006621978521095542	0.07312886496190321	1.918192930132499	-17.429821266648702

drug_293.txt	1.77354816184955	-1.0375320015469374	-0.1063530241680867	-0.22746636297787756	-0.008313683744725823	0.04626206163924399	5.627844326015744	-17.345314080375207

drug_294.txt	-0.15923584990574	-0.9037747845436066	-0.1313869123161703	-0.2923216606865495	-0.03364523504193609	-0.01714062052782364	3.332068645186525	-8.973067510533715

drug_295.txt	1.80460158171975	-1.0931019220748732	-0.095597485964761	-0.1868120305917237	0.02036449242446898	0.05929159423592163	3.544675597711827	-8.94112725775873

drug_296.txt	0.232072280433581	-1.2859854868178697	-0.0846438044611689	-0.16237112161648343	-0.009030023807296126	0.040630259342584976	2.164371974771427	-15.871941111682649

drug_297.txt	-1.62846712464055	-1.1496233122286514	-0.1224451547762662	-0.24244772674209972	-0.01776541495791799	0.06044227730341061	3.0728646164376863	-11.352912424129718

drug_298.txt	-0.0749688006978928	1.4329381952592741	-0.06411451867618106	-0.11546003288437101	0.012415234379903137	0.04206452636317896	2.5951571896543295	-15.450637039463727

drug_299.txt	-0.13284151543531	-0.9842008176444734	-0.22094059593484755	-0.8650526913280512	-0.002866593201437088	0.006555587208191391	6.925869065662739	-11.144170735664126

drug_3.txt	-0.0512362460675799	-0.8838138339569346	-0.16241543812155995	-0.8066734995522192	-0.028884532121334593	-0.009018303505203192	6.346572629932039	-9.787190164018474

drug_30.txt	-0.120094561837842	-1.152697251385767	-0.1436737752952406	-0.279454947570184	-0.07995128492440667	0.023357148081612523	7.096831760621914	-10.507517244082477

drug_300.txt	1.72600994536476	-1.0322052068929957	-0.21459162130858583	-0.9261533358107008	-0.016163297599703676	0.0008287897100073866	7.696980883000049	-7.513929246790221

drug_301.txt	1.77344831162489	-1.3108395946841607	-0.08008749867432707	-0.1518524622399192	0.0032660468295531114	0.028081804299743114	2.159807852148829	-10.43368875548074

drug_302.txt	-1.52258443277068	-0.7590081452485112	-0.30076083303941065	-0.9265051979858723	-0.027744088142383407	0.027664436632415856	0.5387718183151616	-29.38769127571851

drug_303.txt	-0.0570956104832148	1.3728747994482693	-0.01839287624505892	-0.03585289375422579	0.03138045861625367	0.03840108817758351	4.932335109763849	-9.093441480151283

drug_304.txt	1.72512080288799	-1.0037364722387978	-0.24828866195371319	-0.8830839820471422	0.003883478813741057	0.050274462076138025	4.879205984452159	-10.03655066178624

drug_305.txt	1.6748866303373	-0.9859206616271905	-0.2207976841200704	-0.917295950890167	-0.00736013331117372	0.02212866414979266	6.249435290666406	-6.273373452143368

drug_306.txt	-0.0452633588606486	-1.0679717906394834	-0.09146171842017461	-0.19331933298493406	-0.01026736299449312	-0.0032408311159080254	4.944418911651103	-8.438094699777944

drug_307.txt	-0.0283317693453582	-0.9509872953821554	-0.21479978361909122	-0.8584596768366155	0.01310108315630647	0.015598417294805803	6.084657507456119	-6.199804559682858

drug_308.txt	-0.103219873869794	-1.1889313213871038	-0.07858932158310346	-0.1561578880703528	0.02594757719689412	0.0852760381361488	2.7695937026353104	-14.330322840971386

drug_309.txt	-0.0851535236135194	-1.3277374454160207	-0.053726812591282785	-0.1007258102353294	0.013768988563192992	0.0006834891327393454	4.1602552192832345	-8.80266840338141

drug_31.txt	-0.128260883783495	-1.1982598517261716	-0.18278014073483345	-0.3697579325288256	-0.07444656481234081	0.057825356861528295	6.253586270962695	-14.492184462966723

drug_310.txt	-0.0215722579574181	-1.2294022291833786	-0.06815733572727257	-0.13826068862880586	0.01047916561425542	0.05371821208447497	3.0543807754363663	-14.739766000156486

drug_311.txt	-1.59299369722709	-1.4103425303901045	-0.06853184412576344	-0.11235173319890762	-0.0028985530309087173	0.05176312510829487	0.8001882364445314	-16.281743185199016

drug_312.txt	1.77060258022199	-1.2621489082976263	-0.10113111974536407	-0.20125322704109175	0.003554717873228335	0.10099263377836898	5.900642937466387	-11.457151490559154

drug_313.txt	-0.0710681015283063	-1.2886652068607776	-0.08887617093017482	-0.16831779537971214	-0.012608030731672803	0.05818000785786252	2.097589595658339	-11.133429414289374

drug_314.txt	-0.0889912168553157	-1.0855431489573188	-0.10370274733618694	-0.2111059316671972	-0.008758960514077737	0.014543911196049388	8.361670659560945	-4.254187938723742

drug_315.txt	-0.108961261787917	-1.2346021072668782	-0.30289405925652696	-0.860913107977326	0.02164563360874684	0.09115677223294677	1.4151640346159489	-11.309540813228274

drug_316.txt	-0.0577945620558558	-0.869374656768378	-0.2094358125621933	-0.8835474655891167	0.0037224159159753986	0.011553826013415132	5.444800273798465	-5.967386173295861

drug_317.txt	0.105448242691068	-0.9123381345212691	-0.23985250478040135	-0.9228539924943788	-0.010662896908706563	0.012203213967925305	6.495695008067276	-8.348558235760747

drug_318.txt	1.66955415286303	-1.149538049482991	-0.13834632427174268	-0.2854075827806859	-0.030109734498894782	0.001562656769110555	6.5316432797144675	-6.511627388330195

drug_319.txt	1.76900497662739	-1.413244263493649	-0.09118118968006977	-0.16506603315698737	-0.004576730220344194	0.06951873903553162	2.3400136899232384	-15.055282139540989

drug_32.txt	-0.14525681845292	-1.0774542374255895	-0.1902017728876427	-0.38924660311915954	-0.09097149405229686	0.039973463663539814	5.5793893316383905	-10.550022355617655

drug_320.txt	0.0107139768616985	1.2960879710418163	-0.04034204952789641	-0.08816050608803719	0.022207658961745636	0.03112533051124259	6.542216300787171	-5.989254703965344

drug_321.txt	0.026965800000353	1.0574240748176094	-0.07524554790707956	-0.16483396002491146	0.03453321898767281	0.07164111627713246	3.9804282990270377	-8.12071242044022

drug_322.txt	0.0125374425365486	1.187167459176877	-0.06909679057483246	-0.13580533869430356	0.022579115046315622	0.05444971557382673	3.882503789175182	-11.24819736219257

drug_323.txt	-0.0966792481271854	-1.3577861381561411	-0.08826801093060245	-0.15464763558323008	-0.009247508979306754	0.07809952332908714	3.120596000586711	-19.682851873687667

drug_324.txt	1.86609030102175	1.2347548339990335	-0.02855019987711968	-0.055764392445946775	0.045342962858126265	0.08928873807597858	4.5909059795629	-12.882114206672355

drug_325.txt	1.77784172151006	1.2052756991495757	-0.06311004751903533	-0.13502981732321281	0.03954434758193131	0.07406243141128528	3.394761159732069	-11.858302334366455

drug_326.txt	0.00674612950609443	1.3311464813193261	-0.09783193190551524	-0.20974220973517982	0.0032551035039404294	0.06465804500557008	2.396589742336088	-10.668466740822957

drug_327.txt	0.0600399878452231	1.3274248211312425	0.2581458060086639	0.5955643565721437	0.050699919735522764	0.0733981768292936	0.8510731921967437	-16.05704320626181

drug_328.txt	1.84497197850552	1.4468279223667602	-0.06382216515394964	-0.13209805025648597	0.01697562280931371	0.060605987929495814	3.902945778125458	-11.596844761313312

drug_329.txt	0.0223465280349388	1.1736456208941122	-0.07914842201257055	-0.16870883772634024	0.029268560180848696	0.08731335927334409	5.853170684007236	-10.685338838958595

drug_33.txt	-0.104368151453419	-0.9275089577684137	-0.2933476689093797	-0.9826999969948962	-0.07066834033818906	0.05360308158046961	4.198997702048599	-12.484007930176142

drug_330.txt	1.81505732667374	-1.4245587079058117	-0.06033079135028904	-0.10634045002655473	0.0027845299498354945	0.03788147684326782	8.082894929839144	-4.382888529286224

drug_331.txt	1.74262105490132	-0.9581522404130937	-0.10238173395407763	-0.2745696285917501	-0.08678557565659806	-0.09268447924221376	9.316173666454798	1.1426017304120655

drug_332.txt	0.011163302872682	0.9814176272091613	-0.06782890190170453	-0.14744085806390386	0.03957536387492524	0.08857762972654924	6.560387229257322	-6.882990450240952

drug_333.txt	0.047408934425353	1.1447727334470752	-0.08385503220784168	-0.17238517261088485	0.0091370573512475	0.05520692592199822	6.612550726054858	-9.970722735413162

drug_334.txt	1.86028947844609	1.1984285916430824	-0.1026056884907933	-0.18881253703791676	0.014641811929107547	0.08110424184439981	6.182765364494206	-18.98866646481464

drug_335.txt	-0.163757638651194	1.3924924120329472	-0.05170452439221003	-0.0962359338951137	0.030686111822447924	0.0652682212158292	6.784835965384051	-10.259703424203565

drug_336.txt	0.027339039268089	1.336881525615658	-0.03843702091618055	-0.07268155018233638	0.037065361442281675	0.10716192054094847	4.9361854006747174	-9.542843586576312

drug_337.txt	1.89669439488096	1.0940173171586345	-0.08772665592210667	-0.18611725872115253	0.02767022535460558	0.08933993760938998	5.637427272282794	-9.682043370610735

drug_338.txt	1.82034494525627	-1.3517408093249041	-0.04601042717395604	-0.09285813169482188	0.0272132822673308	0.060229030601396054	4.462807412115582	-7.164601825987395

drug_339.txt	-0.0738187478607416	1.1282932352629484	-0.06296957016401722	-0.12281872695015433	0.030849419701850265	0.09719391727245308	4.033743216154109	-11.966653664590698

drug_34.txt	-0.124388121498351	-0.8799638279760958	-0.3200748367052578	-1.0171984443719013	-0.08729376660416115	0.047348252387634404	3.9128660832151763	-9.360793039762555

drug_340.txt	1.67483670522497	-1.367349616609371	-0.05896162515958543	-0.12255166841662574	0.01963944561649214	0.0660234272928286	5.368713636141397	-6.662138270499776

drug_341.txt	1.88750817421196	-1.3930601586160072	-0.039447230825314566	-0.07745997449560832	0.02053558587427605	-0.0007876365164534109	4.987683958343519	-4.9022885696115654

drug_342.txt	0.0123610695414562	-0.8041785545274326	-0.00014715034247925196	-0.09147567928577205	-0.03645029928967071	-0.0979920871713882	-3.464958685767369	-10.424075133935087

drug_343.txt	0.0488068375706351	-1.3314722835616744	-0.0751761724146228	-0.15796165961655723	-0.015523090916688513	0.05259507319592475	1.8079963819488583	-10.414483170242566

drug_344.txt	1.68732749285305	1.2098333849497234	-0.050959405239765915	-0.10783354406185514	0.023306802569040268	0.06670526783091073	6.449760426343324	-11.206427638575429

drug_345.txt	1.92125755014806	-1.0229645086472738	-0.08976629393073295	-0.22364671207138678	0.0032632299135528266	-0.04627585302489902	4.526419107221434	-5.908154729157182

drug_346.txt	-0.152301024445864	-1.3595527217821095	-0.06961315793158993	-0.128732622977946	-0.004356481417177628	0.06287315071659376	2.9419522808389966	-25.74369998962323

drug_347.txt	1.77162247894534	1.0872788258625314	-0.08563821425094939	-0.1806641925314748	-0.0008962683450880288	0.044137774977451194	5.859218696523738	-11.473733903393494

drug_348.txt	0.00874313399935456	-1.1987075332590726	-0.04843497012663678	-0.10269141561105463	0.006642447662202647	-0.0008848367916612906	-0.32473475773725125	-14.281575895432281

drug_349.txt	0.00419994877718777	-0.9057003729280613	0.0748654853330526	0.018620804568212135	0.033477826511421574	-0.012690888054499305	0.7924314281523492	-10.135245715946388

drug_35.txt	1.86008977799676	-1.3004902923745951	-0.1911103190106775	-0.3734106913634725	-0.09011913487496527	0.04193847131395721	5.541751821248717	-11.427122624125104

drug_350.txt	0.056871378314105	-1.0995240236402597	0.047227171866178794	0.15178546826554395	0.025161551559755208	-0.030088407106140292	5.268073143304161	-3.7411260894125418

drug_351.txt	-0.0755114365258102	-1.159362207835921	0.08392386686530011	-0.018518580222991965	0.018988171023393275	-0.03269879274861445	3.319422578594827	-5.1195750047966175

drug_352.txt	-1.54979762628878	-0.918811991704584	0.019825972994630237	0.0	-0.02171179209970671	0.003063308769709428	4.338456461154843	-6.676150666517309

drug_353.txt	-0.102021671173838	1.167357887729016	0.05648652889362889	-0.009816898030664822	0.02265402573505271	0.05467789588327039	5.408930230284066	-11.783236843814738

drug_354.txt	-0.17129827197237	-1.1569047209264132	0.017876430889050193	-0.0888725905947444	-0.00806735734225231	-0.03179686580044404	6.142160074316726	-4.84799769955711

drug_355.txt	0.0251120304363582	1.4162052491090455	0.07691106902104969	0.0	0.059303373715776715	0.0015119795219346352	8.6762699848433	-6.548159378152352

drug_356.txt	0.0340817636095244	-0.9416086345777357	0.09054779270124765	0.17402449469814252	0.026818387984919572	-0.04596688228004483	2.751476556006454	-10.214510892268768

drug_357.txt	0.047328705423877	-1.3905951734238375	0.11134152986069668	0.0	0.06882052988277122	0.015655739653052496	8.480103163350119	-3.1121256177807712

drug_358.txt	-0.0105275233334237	-1.3812297798864264	0.07442284004793014	0.05410976249581012	0.027518747116475853	-0.011395307914583078	6.878203686500758	-2.8803173551318855

drug_359.txt	-0.0219302051289878	1.1012192064452515	0.11139870326529823	0.0	0.06738322196268413	0.053630627364239326	7.4917224856989195	-10.189059304304022

drug_36.txt	1.81049274497486	-1.1344060670350127	-0.1548433506870015	-0.30986403290799336	-0.07210104279417505	0.04674917445380856	4.269728157238547	-14.971391202361248

drug_360.txt	0.0455883029271855	-1.2823194280027521	0.03357504957876756	0.009474106238332003	0.022868576886874454	-0.017081691028787614	6.994836943235711	-5.181675319327784

drug_361.txt	0.0367413114057339	-1.250644243942864	0.05825256368330044	0.0	0.0212921244472715	0.00993475480082565	6.434989977020486	-7.277998556764392

drug_362.txt	-0.213014269404793	-1.271552065043415	0.08052684798707858	0.0	0.0315410823122713	-0.00630501939892686	7.429873368210043	-2.9260386156580753

drug_363.txt	0.0127772574866127	1.154087677867042	0.09572990890516728	0.0	0.07406504758961294	0.06047867879902822	5.433371632523346	-12.673062705597166

drug_364.txt	0.0507301534701482	-1.1021477570892955	0.09559359054851702	-0.011963661623216104	0.03585657613528094	0.027013355749652225	7.447122671490735	-8.618295816453195

drug_365.txt	-0.0843263489045907	1.3788650204168502	0.09074582500448389	0.0	0.06739560875870838	0.031448146135119745	4.77909842076957	-11.90944519235191

drug_366.txt	0.0190710918442465	-1.5082825565661298	0.06156260641082523	0.0	0.039394926065831976	-0.0012626009336307157	6.032271549405955	-5.0299526025026315

drug_367.txt	0.0166714162484699	1.1405958531345108	0.11009344883792732	0.0	0.0662353361068847	0.034101284534202775	5.177213611695106	-9.158048835899756

drug_368.txt	-0.00509266252420082	1.405291747421798	0.06832359960593534	0.1022954577847962	0.04577426745667776	0.026009980490673427	7.469508140615068	-8.900494005025665

drug_369.txt	0.0531269948892423	-1.335017210011662	0.07987940740666552	0.12871560681525762	0.055181745735646104	0.004030448700613293	5.970190192147851	-8.372290016066971

drug_37.txt	-0.0860554458393508	-0.9044611179095984	-0.31647665073351283	-0.9816219419161489	-0.08577955254321018	0.013860657198209224	3.560555908668655	-10.783128068170702

drug_370.txt	-0.0148874940863813	1.225701329778453	0.07940741271683714	0.13308143393089134	0.035764408960896964	0.03589029124722813	7.564093287048355	-7.210466065142976

drug_371.txt	0.0117890018787581	-1.399774995940633	0.08243597547037584	0.2192962619210196	0.03546992847729806	-0.03896618575770422	8.411030166723709	-1.7556374904045644

drug_372.txt	0.029961742767425	1.4727989249163878	0.0738286679910097	0.0	0.05768020887904944	0.05022301376675249	6.62595462768298	-15.337850318556523

drug_373.txt	0.0709003348792572	-1.051105977710446	0.05964235481538786	0.2277065791183328	0.03894455760433062	-0.0184538186027836	2.246455287732851	-8.857327009984736

drug_374.txt	0.0288396268147165	1.0153306473108028	0.10723377619607999	0.15222716838368489	0.047223218434657314	0.005913289762144481	6.6751699017259085	-7.25488783440989

drug_375.txt	0.00931890789309897	-1.0503988142645047	0.04821114335676403	-0.05229552379290764	0.01015455309916957	-0.007368922171200429	6.043265046692417	-7.03336497612455

drug_376.txt	-0.213174291380563	1.3424121504885462	-0.06744522031126853	-0.12266138747010497	0.005766197587997834	0.014833904776258214	8.800484036571651	-3.172119772877968

drug_377.txt	0.00861995632045809	-0.8528692106539032	0.0599924148906605	0.20931609119166072	0.00975993608541807	-0.011741815038401479	3.899425512149807	-15.738536024208166

drug_378.txt	0.168555962064389	-1.0414753499073535	-0.001795808114783748	0.03486203200434812	-0.0030744778824032346	-0.018778398067961766	4.170317312863639	-4.382625145985979

drug_379.txt	-0.133310462669481	-1.0804856852126195	-0.09410847177172017	-0.19979137731476626	-0.04544092767577854	-0.016769059529082354	10.13646164376864	-1.75410025492391

drug_38.txt	-0.0482309287160961	-0.8856758456591468	-0.32828939125607054	-1.0184422851423323	-0.10519831069749774	0.02520644475844281	4.629870923580893	-12.404767064591296

drug_380.txt	1.85935041085699	-1.4380624846814454	-0.0595181029510862	-0.10098592411207757	-0.007308957870198873	0.021974640020972453	6.581193467950912	-8.852364552679873

drug_381.txt	1.81916069543013	-1.3897289744762662	-0.10050633008472608	-0.1940547083290276	-0.029252433328366776	-0.018465941283578965	9.108213953943187	-4.009298280130065

drug_382.txt	0.0184024441607498	0.8358458453892054	-0.03458822310673368	-0.06576382729459879	-0.015058251335673924	-0.03238398697176696	11.78172395247641	1.390151416219997

drug_383.txt	0.0505304530208223	1.2750848409487103	-0.07640120551580298	-0.14499407882049942	-0.025945441264492348	0.02786129864434015	7.315472057888818	-6.06134217230499

drug_384.txt	1.63804189743665	-0.9659810152004984	-0.12530968062060477	-0.30136940972219023	-0.06053112563104284	-0.06735274030857044	8.707204322104337	-5.8618405604259145

drug_385.txt	1.88591057061735	-1.0661738706457442	-0.13542796092191078	-0.2986057081112763	-0.09350177628576858	-0.05187112653966287	5.949217718672077	-6.515374472177736

drug_386.txt	1.87168191360287	-1.027608278566805	-0.09288719425820989	-0.22038865349482586	-0.002993352319116069	-0.03550159957969834	9.558463306116462	-2.642369987944734

drug_387.txt	0.0548673973859338	-0.9674510437629193	-0.20050122183156255	-0.923931552775989	-0.023176484209488573	-0.03879623415697022	8.19587346599521	-2.835983179066422

drug_388.txt	1.89804237291391	-1.084444044398235	-0.11417822298050068	-0.24269569277453715	-0.042478518384427136	-0.0483911157654465	8.145162078912628	-3.679508901752604

drug_389.txt	1.87243079028785	-1.0485638637955852	-0.10090187613539793	-0.21501684623393688	-0.04029532631644123	-0.09564637417218831	5.523013738815822	-7.523015177506465

drug_39.txt	-0.03639867709353	-0.9334536161928507	-0.3168447762936988	-1.0178630749292292	-0.10014866603642777	0.018230402933432154	3.660269887058133	-10.445210206459596

drug_390.txt	1.87417816921945	-0.9665657346034615	-0.23199893389039908	-1.0047801280547495	-0.06046688483592854	-0.06287702842742597	8.165484281034567	-6.8325313308577265

drug_391.txt	-0.0122753382922082	1.323985953032168	-0.04677002086673243	-0.08072244195247208	0.011802585409595548	0.039650367992435466	10.061961570429766	-6.584584773767333

drug_392.txt	1.84597048075215	-1.6002435039668694	-0.05138584592944384	-0.09036735949624652	-0.01588625451650671	-0.05573604492011988	9.575815283821445	-4.1561988173493

drug_393.txt	0.027838290391404	-1.53081324633555	-0.050934259345273736	-0.09527897157334225	-0.03235157774860311	-0.05613381717965212	9.464308414413534	-4.907918790737252

drug_394.txt	1.89839184870023	1.2769101690222393	-0.0183049615186775	-0.023390212387652543	0.008907817874475341	-0.03222335913389749	8.521955214393977	-4.073478253430709

drug_395.txt	0.0271589600419498	1.2631021305727532	-0.015090940238303568	-0.016602120446089386	-0.011538786805180699	0.019998369504118135	3.047533369187894	-12.069001779605486

drug_396.txt	1.81282020616403	-0.9873064284695197	-0.2246119211665435	-0.9505979370994944	-0.03414047928656136	-0.023157290088126815	8.170463990612625	-4.132335601125446

drug_397.txt	-0.202606518585607	1.4833962328792116	-0.03356717828643985	-0.04744213791858232	-0.03292211668147201	-0.0384282699063864	5.489351195423654	-10.445894328495573

drug_398.txt	1.79859154914955	-1.055158360683696	-0.22103251482324368	-0.8633601800205075	-0.029237123303603587	-0.0495595456287936	6.089774116266562	-12.852475797672184

drug_399.txt	1.91616518869024	-1.1776320394432098	-0.1136996906333642	-0.23441496291757677	-0.05272429739477914	-0.07397682325259036	6.491182222656823	-3.9940366317039873

drug_4.txt	-0.101900424472462	-0.927714234631607	-0.16570547670554264	-0.7929731611583386	-0.023820906273243857	0.015108309735990486	7.1382486676771135	-8.062371518895507

drug_40.txt	-0.0757396656107542	-0.8874574796680262	-0.31343775084258224	-0.9839718848201899	-0.055013063222664374	0.051403968946919405	2.8670830684985087	-20.99423106449019

drug_400.txt	0.0155264088687098	-1.2134737420755282	-0.06999371501617511	-0.13148182058277094	-0.028664773410522773	-0.08359626582662344	1.727868772307241	-12.647032321567316

drug_401.txt	-1.66872638640293	-0.6771738245204961	-0.29181677892757685	-1.2450408395114718	-0.16984355007806237	-0.15221652803657662	0.3537525057448785	-10.490129503333778

drug_402.txt	0.0113392398405926	-1.1803333189923924	-0.084679684277399	-0.16098711340142358	-0.039804951173408376	-0.04723843578946044	5.918305383073387	-4.999760239789082

drug_403.txt	1.83129249772669	-1.110850592002884	-0.11660439933782721	-0.2795018676631166	-0.049467893911142875	-0.05690238957723349	9.159460714809564	-4.872526964971696

drug_404.txt	1.8820164118555	-1.3265711984170256	-0.03945035711523165	-0.06258265429484783	-0.01838445643869362	-0.09497905220660541	8.496983327629199	-0.7285403614449089

drug_405.txt	-0.0940602508588957	-0.84164203063758	-0.2224294229908193	-0.912909754964905	-0.055816264674798104	-0.052579904707938135	3.7042292084290813	-9.291039882329413

drug_406.txt	0.0704510088682737	-1.1822843041354374	-0.05617030140221069	-0.11943221902824147	-0.01856138768082011	-0.05991990620273866	7.0517087957756805	-1.8109957807053998

drug_407.txt	-0.19706483111681	-0.914857386456721	0.04070293763627118	0.11368134125966611	-0.05248823179416891	-0.04794837613330808	8.662460274776317	-5.777247563236621

drug_408.txt	0.00303235103676358	1.0563035534937648	0.08467048849573981	0.0	0.010784445145502128	0.08639963273594675	8.197252236835672	-6.234036320473083

drug_409.txt	-0.0682984568686583	-1.3848501886382611	0.07652731013084726	0.0	-0.01293314919842974	0.008737266224561271	7.873057742140517	-4.989594014163898

drug_41.txt	-0.130528910315126	-0.9095250341906163	-0.32739146323143115	-1.0188559077022412	-0.08044912829981034	0.05918592467651989	3.4374101598787465	-14.560954177534388

drug_410.txt	-0.0880688013519334	-1.2999701044964178	0.05592255330241892	0.010144482923179043	-0.013768504755548704	0.022407513740831015	5.875881288808488	-10.274376489813658

drug_411.txt	-0.202948851831423	-1.4082563035861262	0.055547609206954396	0.0	-0.008992169743722198	0.06379642327650933	5.788652031486824	-13.773256159029817

drug_412.txt	-0.0745890210224277	1.3531605804341158	0.09768415167985876	0.0874947441625139	0.010870622982663324	0.014788685334215195	8.132269104776805	-5.677942357936652

drug_413.txt	0.0343190454492933	0.9328483970181509	0.08455282738237074	0.0	-0.0033295233262066316	0.04554325567719185	9.609465604067863	-3.776681161099519

drug_414.txt	-0.203569650722502	-1.3951134853868166	0.06569323741512184	0.0	-0.01903717082632752	0.015413905652573803	6.3863565247152	-8.093241174519612

drug_415.txt	-0.0407897199740004	-1.4095193967776767	0.0925259186770553	0.0	-0.022440260194962803	-0.03560446627927582	7.978394367574439	-7.632100908584986

drug_416.txt	-0.0625570689505357	-1.2876299345047735	0.0216997639327772	0.0	-0.019013831024384076	0.06160553128564306	4.14333838556691	-13.041602018419947

drug_417.txt	-0.0837253165790928	1.4037546344281242	0.04932163940072393	0.0	-0.018796990587425642	0.03580354088823315	4.185121986994573	-12.793842617796093

drug_418.txt	-0.0529714473828869	1.438771911147237	0.05783880152178933	0.04059475757090114	-0.020082497370102686	0.002442578247615096	7.173529555566421	-6.806636564959293

drug_419.txt	-0.134661108773521	-1.2111740048003568	0.02898200865807017	0.0	-0.028352081620928872	0.030614872524692187	7.106013787708404	-9.1565337445422

drug_42.txt	-0.0952318558967536	-1.283732720201975	-0.16039521911299723	-0.30519597450622143	-0.08915843433815425	0.06365587956583683	4.537290373050408	-15.964498466745756

drug_420.txt	-0.130433825244666	0.8570519249621765	0.2414768043915025	0.7322445414179015	-0.028711434342127955	-0.04730589684570473	10.72212878306361	1.3134339009288056

drug_421.txt	-0.0465330388696432	1.4429425874028614	0.07136060047260293	0.0	0.005949553962364168	0.048865524084238936	6.454028748838801	-7.956680375735686

drug_422.txt	-0.0635555711971656	-1.2637420865338211	0.08542557583420911	0.0	-0.001754451834860237	-0.04682832242266935	8.18261379748692	-5.31805392237071

drug_423.txt	-0.0386453071484476	1.4661496895829889	0.06316896839286618	0.07323296484291508	-0.011307714511804678	0.048678780031904234	5.592759008458417	-11.987479314287022

drug_424.txt	-0.118815829074023	-1.2244340805707903	0.04847276776520755	-7.415559263451721e-05	-0.02948581620268912	-0.025535516383214493	6.436879675353249	-7.894898742402331

drug_425.txt	-0.180889094721403	0.9959586916579531	0.04549306307905378	0.11025677897161945	-0.028748928829730434	-0.048652269569874555	8.491578252579083	-2.7848309178548125

drug_426.txt	-0.05107429311429	-1.3127908859822686	0.05772002272914836	0.04460813304373401	-0.03671222275616237	-0.07398763742862059	9.422387913753484	-2.0813197660555414

drug_427.txt	0.000701754604524929	-1.3454761715486185	0.08511401710866068	0.0	-0.013301072380998693	-0.006719377065353825	8.166672370801349	-5.59337442253776

drug_428.txt	-0.0681822556246727	-1.228577208953884	-0.22681349694809108	-0.8033479624816087	-0.05320377202796865	-0.0544282033985843	11.131841294675597	-0.26726015979552725

drug_429.txt	-0.206020445314561	-1.2422586631378278	-0.26538906253493466	-0.8058130546682385	-0.06022309945114882	-0.061014444041138136	12.195369872390359	-0.00016929284282155385

drug_43.txt	-0.0919867235952061	-1.3983958067766435	-0.13145516756328818	-0.22183226972027625	-0.08885522338094316	-0.0004754134187663	3.649960885933604	-10.432410228077563

drug_430.txt	-1.55217383946953	-0.9733205977953425	-0.21867546735147567	-0.8301279782442954	-0.05303808814136026	-0.040051551385672374	8.999564856011343	-2.809654302266049

drug_431.txt	-0.0618866460135125	-1.3644497212890618	0.042146529167421884	0.0	-0.031052642095457265	-0.0325088034067975	13.171040923091967	3.0485669711556325

drug_432.txt	-0.0953602347570347	1.3867255034273565	0.07487440587020099	0.0	0.00929794294540932	0.05713200287433977	5.285060871265829	-7.407567151871562

drug_433.txt	-0.0335841527789414	1.383514448318732	0.2843857856142361	0.7080795609118975	0.013500080911722192	-0.0004194521650915495	8.384667285972718	-5.445034734562514

drug_434.txt	-0.225241613562189	1.1836410644921886	-0.04332787921657513	-0.08574852865922644	-0.07710535864698857	-0.10908186319680893	10.500875177235613	2.6050050657844617

drug_435.txt	-0.158004374183163	1.4627908019735072	-0.05284746215276177	-0.09397156534595458	-0.0367084490153217	0.028588564912299157	4.718434948418325	-16.231304524947674

drug_436.txt	-0.162263321590706	-0.9629963606810612	-0.21093543446201685	-0.8609715280331893	-0.054354560689665425	-0.025107421223772897	9.858206620055737	-2.2974209946377293

drug_437.txt	0.0283807912585271	0.7395622525864445	-0.10917874007688604	-0.22575866338533895	-0.07962192064681589	-0.015522959739244111	10.449948662787856	-2.9956949424947004

drug_438.txt	1.78052816803076	1.0364997715965194	-0.09377468462958397	-0.1907146613795273	-0.08203843253691193	-0.06928852166206155	11.563286559428935	1.8175832606777649

drug_439.txt	1.87177225428233	1.0762882881314808	-0.09853238182037333	-0.19660350256879605	-0.0910840498724769	-0.058542321924435016	11.437713293893317	-0.07092271222251499

drug_44.txt	-0.11048754379348	-0.941644318718588	-0.3136381902541423	-1.0081888145959512	-0.07154823546669399	0.05423665571349886	4.073421991883831	-12.473828786530166

drug_440.txt	1.80821758628433	0.9466709356073262	-0.09198949584206595	-0.1772717121658305	-0.07310730680605664	-0.034801429003439834	11.47242213856158	1.045589766801866

drug_441.txt	1.72803785587994	0.9642439149462769	-0.12412089652504614	-0.29470627798131	-0.083472205503395	-0.05439334055931569	10.234730846330612	-0.6018733202539606

drug_442.txt	0.0193578627691651	0.8979946020138113	-0.1149742358972704	-0.261433611157568	-0.0852188193290851	-0.02218420518183185	9.503877181831516	-4.241855549511692

drug_443.txt	-0.00646693714886182	-0.9424009349254048	-0.13798595322952828	-0.34402899001158355	-0.15110907237749824	-0.11100702995678108	8.446174155380628	-3.4673622322966766

drug_444.txt	0.0307407883807476	1.121426319978859	-0.11704085171156833	-0.2722706896212149	-0.09471934709360653	-0.049958179834477	9.38120324646751	-5.693283443779663

drug_445.txt	1.91296047195582	-1.1580578875756518	-0.13158882731092375	-0.27911398318680564	-0.1410310443690821	-0.0919974421445974	10.299921771867208	-3.334293185044525

drug_446.txt	-0.061983662061493	-0.935034393762606	-0.14189716063444702	-0.3396720525831675	-0.1543972317724584	-0.11711588683162286	10.149132156651836	0.4299316465695282

drug_447.txt	-0.0920152522308241	0.7898179951238116	-0.07355791133985054	-0.17418375995325336	-0.0532811694755426	-0.02513951741378611	11.118569403021562	-0.8749124672861236

drug_448.txt	-1.58804219331224	-0.9610304894046913	-0.12829846969176795	-0.29161356287494117	-0.10842245130628383	-0.0775816313831015	8.495988363565248	-1.8042107935745146

drug_449.txt	-1.69766333033201	-0.9269868547476616	-0.1394405334311038	-0.4151686088102647	-0.14975415757735602	-0.13537392617938962	9.88242311641324	2.0291615828413554

drug_45.txt	-0.027661782435517	-0.7988305046670523	-0.354997751700803	-1.0530066371936313	-0.08246891815626577	0.05402165808233431	3.7048525888622694	-16.19536535996102

drug_450.txt	-1.65464556336633	-1.2473138729072895	-0.11463309566905416	-0.22578692346888102	-0.11199716699227963	-0.0854235671296044	8.496748643230822	-3.9061419681855996

drug_451.txt	-1.62283999660729	1.0068066547862078	-0.08995310436470474	-0.21928744859476768	-0.07672210620967096	-0.060066085400672785	10.119948173862024	-0.8446201092316723

drug_452.txt	-0.00531865956523725	-0.9863902326700345	-0.14960873213046383	-0.3874621850449944	-0.08797464224651377	-0.014656979991258331	10.266635701364104	-6.692876976540464

drug_453.txt	1.89353960325887	0.8596275584178963	-0.10025184283832914	-0.2236100847766101	-0.10574410878816397	-0.06776738917931398	11.255788881826627	-0.35233956630819946

drug_454.txt	-1.60614405902064	-1.372770973283124	-0.13049451371775128	-0.24294286276748606	-0.10757954996113177	-0.03881771418831164	9.834327482520901	-3.034261566758465

drug_455.txt	-0.054844370998088	1.131921656167449	-0.12012360138264579	-0.24594373602687897	-0.09921257775668674	0.0011048928802029057	11.404925927736763	-2.020469880797065

drug_456.txt	1.86628049192587	1.1353988092668066	-0.12834155097030656	-0.2631898802212516	-0.082431188905852	0.003476594689968783	8.776597565149366	-5.731983529257258

drug_457.txt	-0.0523747130396108	1.2103299703520238	-0.11788280010949884	-0.24825624347097114	-0.09891413957166335	-0.012739007251167948	9.45101941035545	-6.308910772116916

drug_458.txt	1.85310026227035	-1.2501894108560792	-0.121453737266278	-0.24129560887650575	-0.0917448725751004	-0.05166568064429223	8.143683078277025	-4.30869725501924

drug_459.txt	-0.0518754619162958	1.1694532838058966	-0.12267962331268184	-0.2448109224769398	-0.08939617797626308	-0.008117914936658715	8.27718427614531	-5.759174681657577

drug_46.txt	-0.0811030491069383	-0.7914688529998697	-0.3228360065637033	-0.9904969181213417	-0.09400968744533257	0.03658487519310137	3.0815894978731726	-13.423378014515517

drug_460.txt	-0.00776499006948095	1.0782622643847808	-0.11554912722132804	-0.2300266209105552	-0.0882331200086607	-0.01699575083321546	8.876927590084584	-5.8116049709401665

drug_461.txt	-0.0130570519766201	1.0912464470983942	-0.09149817935682442	-0.1979094231162406	-0.09319599785095624	-0.042331012211180116	10.748865692074512	-5.442011478068717

drug_462.txt	1.73357954334873	1.2813127649121654	-0.14661002579712923	-0.3007561823669136	-0.08502233172934782	-0.042091119932712556	7.031347479587347	-11.673982146490516

drug_463.txt	0.00456651267640029	1.0238817604239794	-0.1069091441551423	-0.2123334433180133	-0.08585237524308446	-0.03450155581404644	9.302777098714126	-3.8156814142128335

drug_464.txt	0.00251958307080868	1.1900003091335283	-0.1392880189512007	-0.29069128269315414	-0.1209331500891666	-0.05966075152646124	8.19020681562607	-6.889306245372088

drug_465.txt	-0.153622840847898	-1.2476509113202061	-0.14542445197380813	-0.2878519625065804	-0.10472491617085807	0.0021560539387422747	9.135187991981617	-7.014212390960611

drug_466.txt	1.71728256025195	-1.0420589988613629	0.05018742449692001	0.0	0.0055466047924745765	0.027020297623039227	-0.03030851219869946	-12.460316567662243

drug_467.txt	1.68088715336228	-0.8506054084337415	-0.2610669881050951	-0.9751447224524281	-0.08425147416582751	-0.041195045366623335	0.4387180364738669	-12.949324433380193

drug_468.txt	-0.141189120872652	-0.7107447870791337	-0.25661725568244753	-0.8320770140359541	-0.06878478549187884	-0.05063029110456482	-0.9673910917713783	-12.731164630042223

drug_469.txt	0.23801336880103	-0.8208894863516805	-0.3194364679678719	-1.0497060190879322	-0.13652160110772424	-0.03847980449502514	2.1272967290861975	-12.025585856837301

drug_47.txt	-0.0859555956146879	-0.6897801495555561	-0.3338013139209263	-0.9932885653476157	-0.09204251745740365	0.022784394659063702	3.2617122182564904	-16.568084400555882

drug_470.txt	1.70729753778565	-0.9534887872372961	-0.14456486655073572	-0.37294425132628767	-0.10471980340705657	-0.12212372910260214	1.6676942257859482	-5.26643169285622

drug_471.txt	1.72026855744663	-0.815762270523865	-0.2582011882049231	-0.9596163491968632	-0.0674869718944735	-0.010033651555069538	1.8033246956436708	-16.759993331326278

drug_472.txt	-1.69401225672408	-0.8420490319176606	-0.2511346312730922	-0.952946040864674	-0.09464339573588595	-0.047101445602100146	-1.2692270082628465	-18.534300826209503

drug_473.txt	1.63810133209419	1.1439880465076018	-0.07470189916736956	-0.14547300269075092	-0.011570290080556508	0.01232443786258704	6.072952623087078	-10.183659958029962

drug_474.txt	1.82277432260841	1.0068608029190522	0.21212221739978043	0.6712544278672821	0.016069991558272774	-0.001979800430216221	9.570050848286314	-0.47451113999684513

drug_475.txt	1.65163103753602	0.9861251577615062	-0.06275066123714992	-0.15470818092659516	-0.024223701644588813	-0.01883930270808355	9.469874834987532	-2.5801760504566555

drug_476.txt	-0.0645041483314641	0.9355089186063614	-0.04690328702294676	-0.11307271030915278	-0.017269700818072428	-0.04325336396303435	6.766342345866132	-3.2759541846334836

drug_477.txt	1.82946428766084	0.9998555297265187	-0.05427106267317318	-0.13080439143251102	-0.014815503612970814	-0.04941161907447827	6.9305994230675205	-3.366152243067757

drug_478.txt	1.79781176644266	-1.051455938806034	-0.06419852644502178	-0.1648245838127225	-0.009401244787369386	-0.03621313394003701	5.887564171515181	-8.869535789331744

drug_479.txt	-0.115327912684934	0.9911611420148023	0.1756230160632335	0.4928964090961505	-0.013716488879885346	-0.028892787658739646	6.8050310467902015	-3.147440933749562

drug_48.txt	0.0706175712517728	-1.0239889880404924	-0.1323463695703714	-0.2629124168174649	-0.03906448944916936	0.056045378044449	3.9018188040874198	-10.587243480949754

drug_480.txt	-0.0616887208177129	-0.8748200350743489	-0.29028118338786435	-0.8640673943595725	-0.024003616249508433	0.04673043806371813	0.7875910624358284	-17.219290973427366

drug_481.txt	1.81273937502978	-0.9702960918228041	0.05359900972261748	0.0	-0.016708692431476314	-0.020604523812487292	0.07715982985381117	-17.709070226045252

drug_482.txt	1.81303892570377	-0.9845728655117698	0.03252536095105034	-0.07346092186248093	-0.008194248297369762	-0.008368673977675914	-0.15563975944849168	-13.938174405656204

drug_483.txt	1.81858061317257	-0.9552592034339282	0.02820554216401311	0.0	-0.0034967819699128146	0.03660189265125603	0.8223170195081406	-12.174140451986231

drug_484.txt	1.81428705351206	1.1368724552137903	-0.26062618915389446	-0.8480507008425543	-0.008940654717763192	0.04845338146407321	1.6952207500122232	-20.305311260015024

drug_485.txt	1.76086718331735	-0.9924801889778716	-0.25570171120642005	-0.81672291374903	-0.027786767453591456	0.003814166685388229	0.4019948173862025	-12.258734847202977

drug_486.txt	1.72012829165484	-1.1057749623477973	-0.24328849686325676	-0.8440908348187841	-0.03584176408461036	0.009996196806513064	0.8183249401065859	-12.494880958531311

drug_487.txt	1.70839589025694	-0.9444235060838813	-0.2697215835476441	-0.8780693355405863	-0.041617892730548216	0.0140167594085064	0.9146139930572532	-13.21093974682091

drug_488.txt	1.76700797213413	-1.1262636805569906	-0.2442489927908562	-0.8529159013426009	-0.022645287484385945	0.03928118528642602	0.4522857282550237	-13.130650254903195

drug_489.txt	-0.0849570933680578	-1.196598296101107	-0.24952584128401917	-0.5856618387856801	-0.030966281704967083	0.022845654661785442	0.6888793819977509	-12.638500316665523

drug_49.txt	0.0381191573006471	-1.2152092861006638	-0.12876678307810077	-0.24490284010167646	-0.025893435700242395	0.05769887132804848	3.8930963672810837	-14.958529282967847

drug_490.txt	1.79152120228889	-1.3037657107000995	-0.08993983447950774	-0.18400290287722032	-0.027311181462664386	-0.0018117228953226764	3.6200777392069625	-8.635802465441069

drug_491.txt	1.69461655925345	-1.1441964957868145	-0.265004099706657	-0.8580828471256856	-0.02692534734339842	0.017834963333020343	1.9477460519239231	-11.193483964364251

drug_492.txt	1.7658596945505	-1.1448286199772428	0.06160390999325771	0.0	-0.00020666589917031408	0.034077273086620785	1.6711533760328559	-26.7760168845702

drug_493.txt	-0.0946425651603694	-1.0405152559235673	0.04863675365538203	0.0	-0.007261647633397861	0.02296365835385872	1.9482863149660197	-11.401143872314742

drug_494.txt	-0.141762060589714	-0.6668564737836178	-0.23927239741318143	-0.9144764075218934	-0.06199057696459191	-0.03645479976261833	-3.626952036376082	-22.09672442792674

drug_495.txt	-0.0461554704748866	1.1502334900955973	-0.08500994050719456	-0.1819785428657296	-0.00730526153211271	0.026230723665594945	1.859534053684056	-13.662194390705576

drug_496.txt	-0.0294935637716227	-1.0831563364491632	-0.26337095924831605	-0.8594924025389488	-0.01758347799133121	0.05945620531630216	2.564503984745514	-10.996792998258078

drug_5.txt	-0.222231832122891	1.0710863943239974	-0.20900313991783337	-0.8744828029349948	-0.027096202891250386	-0.001954989868981461	6.248276536449421	-9.331728030183662

drug_50.txt	0.0144247861935524	-0.8515101607443973	-0.3047802164176726	-0.9610933730769826	-0.029014254514427896	0.05912021004895179	3.915168923874248	-15.211907871346371

drug_51.txt	0.0125775570372866	-1.0776286960126051	-0.2647857608753428	-0.8398504018571282	-0.020976553021944358	0.06157500540062614	2.8010854153424924	-16.146177254687142

drug_52.txt	1.81980972189044	-1.00657896799553	-0.15455634670833798	-0.31329261090974825	-0.11534512609455909	-0.03798028529454778	3.067892240747079	-10.660360933443883

drug_53.txt	1.85121261754696	-1.0566971969034318	-0.1864240998222993	-0.40048394267624676	-0.11317206824342685	-0.04647606640900524	4.882435339558989	-9.728380387343993

drug_54.txt	1.90872634695285	-1.002771350085934	-0.08814913604510105	-0.1838609494064968	0.03115967604036022	0.08458250957404032	5.568168483841001	-12.98199556983666

drug_55.txt	1.91376878329833	0.9042758720588822	-0.06398754648691846	-0.13338151937646317	0.0339037701785304	0.07174036273746677	6.796044590035692	-9.111714013625019

drug_56.txt	0.036441760731745	-0.8734167655425891	-0.2273711342966775	-0.9004897375903875	-0.03677837779528708	0.03157183539340997	4.9175011000831175	-9.338989412966903

drug_57.txt	1.8845625925844	0.9928020392628728	-0.20388440420904919	-0.8026120450644901	0.00537728587505813	0.08532777381953477	5.509468048697013	-13.476818383225517

drug_58.txt	-0.0170779596876259	0.9628610306597088	-0.08747888330875701	-0.18737712763955255	0.017354404812103996	0.10746997370946819	5.64343372610375	-13.119433882247918

drug_59.txt	0.0152072369715337	1.0237568006453683	-0.07823106754164658	-0.16237918841891927	0.007666903233644192	0.1077771912275853	6.172182564904904	-13.041476516177875

drug_6.txt	-0.0716453703723891	-1.0039433999990242	-0.1959811631857431	-0.8657638105713972	-0.025957637840304852	0.01926089963349743	7.363594582701804	-11.304141355833071

drug_60.txt	1.60498196352799	-0.8946918882418391	-0.11072449379265156	-0.24536008785395605	-0.014368396029457511	0.049210169475011424	5.356754510340782	-13.55009483793961

drug_61.txt	1.8328901013213	-1.0969430207982869	-0.08820095547151384	-0.17447381406661555	0.004615508022861989	0.07018410786474029	5.05889111621767	-15.586095624459745

drug_62.txt	1.80667941734726	1.0476383424439937	-0.0912424099575396	-0.17517875013276685	0.014278583710672905	0.10829161084900642	5.416000097785166	-25.658992331105022

drug_63.txt	0.0138592589385831	-1.5302882509937674	-0.11185926191127114	-0.20958515667837152	-0.04081377994361277	0.05741280953068935	7.4036547205788885	-8.255901173377152

drug_64.txt	0.0110634526480189	1.2860318717079715	-0.09395173031216418	-0.1828266081638494	-0.006321749260133549	0.06594063157863414	5.285730699652863	-12.565183736314978

drug_65.txt	-0.0184922138522307	-1.2965369388289996	-0.0717606823278496	-0.12892641260980728	-0.0013995394930274728	-0.0016719784474623254	5.961795335647582	-6.103270133290042

drug_66.txt	0.0341787796575047	-1.103476251380882	-0.2461147754419083	-0.8518234836860044	-0.01283339048000185	-0.011787534151979993	7.0772942844570474	-4.151504503246857

drug_67.txt	0.0265033931739115	1.299496867086585	-0.08502314461984233	-0.14722922233496305	-0.021966247850874258	0.0002880602169841113	5.445797682491566	-18.57673002475308

drug_68.txt	1.82425305688795	1.2891311093152058	-0.06799858953332663	-0.12068135337659197	-0.01634222815582547	0.003952701261346292	9.42111181733731	-2.789807072725787

drug_69.txt	0.0288032185450249	1.4327154996894402	-0.04178707204455087	-0.07198122465361106	0.013120331375902985	0.04125523780707246	10.386334523052852	-4.155313320219401

drug_7.txt	-0.0454346863983501	-0.913860792843042	-0.17560567036521565	-0.8200696920789574	-0.03138959601253416	0.0031914278293000147	6.377768542512101	-12.80537646394463

drug_70.txt	0.0213111814914352	-0.7564724166606083	-0.24014723304792093	-0.8138531895899376	-0.005766224744299053	0.0400768492682295	3.032606463599472	-9.931975148765028

drug_71.txt	1.84801741035774	-0.7906068895151135	-0.2503563863907721	-0.8384627012069852	-0.01573008009509261	0.03387375260745499	3.1187429716911943	-14.945561348104066

drug_72.txt	-0.0111900666363731	-0.7916612843315555	-0.2579158881589325	-0.8261279352092697	-0.024117740728903245	0.020837253563768893	2.7098640786192734	-12.102057120595083

drug_73.txt	0.0349276563424773	-0.7988449641184276	0.012363476924927744	0.0	-0.010631952042228485	0.022628421119610404	2.7404903926074415	-15.081541731298076

drug_74.txt	1.85845175883503	-0.8408941712064169	-0.23492818050551595	-0.7804521865726424	0.005842590467707139	0.04969943913939452	3.074957218989879	-18.979001043562846

drug_75.txt	1.89270038589444	-0.8240924993182731	-0.24371535427883725	-0.8174139826479001	0.0010928447008716029	0.04494917916445365	3.044272233902117	-19.963767163145057

drug_76.txt	0.0336926093496477	-0.7514984281300774	-0.25457237571072905	-0.8343977433458842	-0.02178554106918978	0.03493356897689996	2.9559428934630616	-27.363949735016348

drug_77.txt	0.0151736628785248	-1.149347731703211	-0.12404805644016781	-0.2667013151330218	-0.018874847639936382	0.028983750209663636	4.704468782085757	-8.648527586633392

drug_78.txt	1.89285016123143	1.0558378141241898	-0.19819792619956683	-0.7830402051770142	0.02082576287034806	0.060435058360095356	4.020481103016673	-11.253601079492263

drug_79.txt	-0.00316564039364109	-0.7547867250421023	-0.29005508626326865	-1.0208334381080526	-0.09958656216495797	-0.02322803045859307	2.452432406004009	-10.599749217320344

drug_8.txt	-0.0942618822857416	-0.9665947598844434	-0.06520502738798263	-0.17738021010235905	-0.014752364664454145	0.010460120013501906	7.134569500806728	-8.502905941597836

drug_80.txt	1.82550118469624	-1.081827027807445	0.07638276991133872	0.0	0.045358699141393476	0.07389068845546727	4.9326724685865155	-8.154107270906726

drug_81.txt	1.86219614225989	1.0719676161739802	-0.22626805342367706	-0.8379662181436422	0.018473115699880586	0.048537879192005695	4.224260499682198	-12.000498966936368

drug_82.txt	1.51343594921612	1.4907051059190357	-0.06683904432042201	-0.1044887855001344	-0.010505625223551045	0.09440582763070683	5.036248961032611	-12.567822009614645

drug_83.txt	1.69044186890801	1.0985958210198326	-0.08323566949320202	-0.15350989814408633	-0.029639554470500113	0.0733444232727697	6.7612868527844325	-12.969356919969139

drug_84.txt	0.0252089115235444	-1.4024350454426	-0.10038362049922914	-0.17823796810284964	-0.06745897390991511	0.005403541543033184	4.9407104092309195	-14.331077539841038

drug_85.txt	-0.233671223254534	1.390556412878767	-0.03968856263915557	-0.06282551982966689	0.001148990491402679	0.033463266598897805	3.61030411186623	-21.181085072463382

drug_86.txt	1.72234639307414	1.448617552853937	-0.06166156980661651	-0.11718444891349619	-0.0205722029589856	0.029011613846547626	3.34010414120178	-15.871705270535614

drug_87.txt	1.59198954739029	1.4194269169486966	-0.05104363203276696	-0.08308845196519582	-0.008845516147237107	0.05998163540560064	6.331459932528236	-9.337148374232013

drug_88.txt	-0.265417054289641	1.3472129127626657	-0.008282194537595183	-0.00825414889982995	0.0014513934430725693	0.02365151230929968	2.4476140419498362	-13.81753139707386

drug_89.txt	1.66217474578318	1.3504851718198303	-0.025030210626293264	-0.037947490149042695	0.0019787155321634655	0.03599506034795584	2.0722779054417444	-11.48298623478768

drug_9.txt	-0.0896897324007748	1.039955127094548	-0.2076522060303993	-0.7978304773115767	-0.007708809814971857	-0.0055574669158595155	7.942563438126436	-6.34113273505286

drug_90.txt	-1.59897089279784	1.380809109187744	-0.01898616026001204	-0.03832233240391553	0.006145034013638707	0.06965546495022885	9.157549014814453	-9.288420711670122

drug_91.txt	-0.177187057841186	-1.4082704415830223	-0.048061081329538596	-0.09039972553195535	-0.014832555497389108	0.04478772967369152	6.70191903388256	-9.076363208993465

drug_92.txt	-0.200159585948588	1.321927689713982	0.2837824774785401	0.7189267624197075	0.03058339717995688	0.06546773609457816	8.564562655845108	-6.622329658622202

drug_93.txt	1.73235043463086	1.29859176600583	-0.060663817516073096	-0.11696429241723402	-0.022279364749247788	-0.005227234179782969	11.765122475920403	-2.105325292616297

drug_94.txt	1.77651513995382	1.345009989199727	-0.06444994837013526	-0.1306055357519891	0.0047931449497987414	0.0691413323209406	7.54989488094656	-9.771089196641128

drug_95.txt	-0.102929396713829	-1.3805705195714553	-0.06483884749129062	-0.11099517010214996	-0.020637956950878073	-0.01356766000732379	6.8202366401016965	-5.705071820798192

drug_96.txt	-0.246314319329905	1.4236701540307286	-0.012701388694347199	-0.01481464738559446	0.028670215629187198	0.08561845441622928	5.995697452696426	-10.32897673185824

drug_97.txt	1.62598854888804	1.2961414267949072	-0.0263219257452824	-0.04602222401998762	-0.002753294890305751	-0.006462204622567473	4.972691047768054	-9.491792680674946

drug_98.txt	1.68494059700634	-0.9966579700401361	-0.2726822217979492	-0.8572629383806245	-0.046432352883773086	-0.037184112975572566	2.4192074512296484	-13.405833419491177

drug_99.txt	-0.208620859519621	1.4528557300495644	-0.05615863098199732	-0.10810307452395365	-0.009345633710103945	0.009860186041771087	4.578961521537183	-11.234768968686966

