	SScmap	SSfisher	SSlincs	SSlincs_Norm	SSpearson_corr	SSspearman_corr	SSzhang	SSzhang_Norm
drug_1.txt	-0.046603903668307	0.7315607249640798	-0.07880905519323843	-0.2036300813945467	-0.05595785332408587	0.024038333874484997	12.326031534532534	-2.2130549086190965

drug_10.txt	-1.84602619879704	0.7584833596782323	-0.08757566153500244	-0.20765449065708447	-0.10635079449340416	-0.0429876609538132	8.676375749500334	-4.692546305027447

drug_100.txt	0.00227278130423425	0.8688542333630596	-0.032209348040291796	-0.05841703041008395	-0.10604826190384362	-0.10320517510617908	4.2514679102820345	-10.165092363930809

drug_101.txt	-1.91944226517367	-1.0156312741535305	-0.025928392550833346	-0.03920500741715005	-0.12675203815591138	-0.0695203587361584	7.857481678880746	-4.087821030686828

drug_102.txt	1.65791075291824	1.030682427848361	-0.025367942427000745	-0.05022664462517945	-0.10500027671880208	-0.12210000160494495	6.35971574505885	-3.5296599423737542

drug_103.txt	-1.8448422604189	-1.012543649506311	-0.05330119316040502	-0.09078366686492356	-0.16603085526209663	-0.21942989626386353	2.963828558738619	-7.719977361339864

drug_104.txt	0.150902218101419	1.0422436198890606	-0.042635853541755864	-0.0691806286873447	-0.13975245149744858	-0.19784444212811508	6.914776815456363	-4.399218931097028

drug_105.txt	-1.70540855383591	1.0152729970905825	-0.03870800022645088	-0.059475101641486394	-0.12554458192717957	-0.01486654144733694	10.381496779924495	-2.0773684256995097

drug_106.txt	-1.69880892946295	-0.7735143158493281	-0.10520697640041954	-0.19751037436129903	-0.1803590565205294	-0.2508978420896645	2.114483677548301	-7.874391149162201

drug_107.txt	-0.0318522216674987	-0.06518159417226932	-0.4131010471529457	-0.9714160975494974	-0.2678927096275515	-0.38090424840513837	-3.8593293359982233	-11.120139206747691

drug_108.txt	-0.0413379930104844	-0.002899772449253546	-0.41241098052679165	-0.9408482650310189	-0.2554270575592302	-0.3801314371748134	-3.4994714634687987	-10.715564339764873

drug_109.txt	0.0247771200342344	-0.019042125840588953	-0.3750615589332016	-0.8729831667377892	-0.2040895629026219	-0.35828118686144284	-3.354208305574062	-9.753133449510951

drug_11.txt	-1.83056367829209	0.6537483184438855	-0.08849633669893467	-0.18790995568771904	-0.09861745758354964	0.009384469970079995	9.414115034421497	-3.70224824054822

drug_110.txt	-0.0309036445332002	-0.13818638677849154	-0.3900420395009404	-0.9911897046853679	-0.2838044499145458	-0.38491619154105033	-2.8800710637352878	-7.8929123300485005

drug_111.txt	-1.82499346218767	-0.13266844737376146	-0.3763843436135027	-0.9557589476965954	-0.268124975440593	-0.4091338613872701	-2.775491894292694	-8.50876355227587

drug_112.txt	0.0375698357226066	-0.04888951815403879	-0.36686911521742616	-0.9592034241884603	-0.24630134056212086	-0.35286110821144184	-4.029775705085498	-15.040124336094646

drug_113.txt	-0.0461046525449921	-0.0936499697527222	-0.3929634813117352	-0.9596039713273002	-0.2698571273366985	-0.40434535411860967	-2.9183833000222075	-7.9697437818308545

drug_114.txt	-0.0487768347478782	-0.343963742033473	-0.10876911207051362	-0.21270182051761682	-0.24017661741350066	-0.35351679411787024	-2.7684832333999556	-9.344754170798305

drug_115.txt	0.0415139195967954	-0.193456129847435	-0.3650597093496366	-0.9494705867778339	-0.2398194139942248	-0.35856452440590203	-4.469571396846547	-10.057582607974226

drug_116.txt	-1.90552742315099	-0.09440188906360181	-0.3692315588095887	-0.958438143199759	-0.25865105347764045	-0.38747091889340174	-2.2881456806573395	-9.432865068019739

drug_117.txt	-1.87554620450277	-0.651636313547998	-0.11957879314824571	-0.2276439239636326	-0.20716062804959942	-0.17091694260034151	6.59934266044859	-2.9994306117138967

drug_118.txt	-1.76875638922569	-0.9087021841254157	-0.06032058400005119	-0.12276698901736821	-0.15377469776844507	-0.10609942173947863	10.318019098378858	-2.6384454583841936

drug_119.txt	-0.0225661507738393	-0.2902607004275855	-0.3540143378624351	-0.9957426736094834	-0.2415091248322783	-0.21344078410425588	-3.9573262269598044	-9.680659004828177

drug_12.txt	0.0659391864584076	-0.8089915778792647	-0.2830393302969282	-0.8858917241617859	-0.11656178926494329	-0.038403421511556124	2.691281367976904	-2.7219051404131176

drug_120.txt	-1.94489218553123	-0.7294711094626055	-0.1269651497105617	-0.26131542027795013	-0.2133265546106196	-0.16372181573250164	10.388221185876082	-1.4384813354843329

drug_121.txt	-1.84459263485724	0.8905536692555889	-0.06233570485859241	-0.11049157028097745	-0.17235419569796023	-0.13600125191008772	5.413422163002442	-4.1355705763512365

drug_122.txt	0.00946199747997056	0.5353532776079314	-0.059125665222444335	-0.1258263235827034	-0.087480450901435	0.121426661821308	21.150948256717744	4.573084640281511

drug_123.txt	-1.90884625442788	-0.6468869284353704	-0.093680134270135	-0.1864897959490166	-0.1849963193245649	-0.09950273179023099	1.188994003997335	-5.148843411101972

drug_124.txt	-1.87389867579583	0.6222276408402475	-0.06667840287909274	-0.1159914415326107	-0.107533641537413	0.08043279863289943	21.661248056850987	5.365741951540393

drug_125.txt	-1.81811568361743	0.5054877997765082	-0.06070324961522153	-0.1205280892047455	-0.10756016209699899	0.10428501503067167	21.389473684210525	2.9349154690443746

drug_126.txt	-0.0394408387418872	0.43488160014984456	-0.023894365761845254	-0.051611154721038666	-0.08266968366158511	0.09625996749306907	22.876286919831223	6.880675232454648

drug_127.txt	0.00402016023583673	0.5328194659653198	-0.03832866058007234	-0.07582356940843399	-0.08297314092504543	0.09514816338035438	22.017739284921163	4.654557493498538

drug_128.txt	0.0189477688229561	-0.9447028947599889	-0.05477747201080599	-0.08757561402875802	-0.1508042198329569	-0.007288478185922737	17.015056628914056	0.6443455630530909

drug_129.txt	1.63579392815539	0.7730927825536367	-0.040836841273265284	-0.08345822835270233	-0.12603347814983	0.05742717652353139	22.563535420830558	4.521808950631465

drug_13.txt	-0.122497206571096	-0.8427401305044858	-0.2700142531142984	-0.8380939677376734	-0.09454889912721201	-0.008903095542657025	5.211041527870309	-3.669246401165504

drug_130.txt	-1.87080094144498	-0.6700597867088242	-0.08755886630096615	-0.16796658744237752	-0.16927458929351086	0.03436068871355288	20.977366200310904	3.2410312972194686

drug_131.txt	-1.95080950003566	-0.9511614289829968	-0.1181307187677745	-0.21760177582346663	-0.1981702913757347	-0.043732842845760234	6.191747723739729	-2.701193177290756

drug_132.txt	-1.89686422746832	0.7954226825944382	-0.047656593975328676	-0.08902727992943965	-0.13779419190715111	0.02046194319175885	21.068336664445926	3.98153388733789

drug_133.txt	-1.79662173406557	-0.9112607799848957	-0.05880591858283446	-0.10441459090666094	-0.16179207951841265	-0.02655331418630213	19.58605374194981	4.755584932707045

drug_134.txt	-1.85501034163041	-0.9619602366125144	-0.106410379111603	-0.20251845586232725	-0.20646234063575797	-0.1543407423828357	11.893457694870087	-1.6533170708107616

drug_135.txt	-0.0551173240139791	0.7565713895478716	-0.06753386991776353	-0.1352649713776734	-0.12398612704431065	0.008538484665977666	17.36702642682656	0.8456728007152683

drug_136.txt	-0.00421748329886118	-0.9383269729409563	-0.08719453898549903	-0.16288198721519043	-0.17046855373097247	-0.08061363573508636	14.336362425049966	-0.6406853249932579

drug_137.txt	-1.87993961438794	0.7219640410269337	-0.04855945897017755	-0.09196596634613174	-0.09799436350390833	0.06383836350998663	21.402380635132133	7.779119599295156

drug_138.txt	-1.90540142167701	0.9056823145501307	-0.08457851399170935	-0.17521830903841884	-0.15629795845343214	-0.0708432838017169	14.151454585831667	0.0983698611701202

drug_139.txt	-1.82394503482871	-0.8250619538575346	-0.06769689936125198	-0.13246212326086787	-0.13532019347553784	-0.0627278782454188	16.63037086386853	1.2931701502009634

drug_14.txt	1.72022442526686	0.5974055600309114	-0.04087692707618598	-0.09357037194543749	-0.03768832950262604	0.03799599917839173	13.097552742616033	-1.1982744596526

drug_140.txt	-0.0840691343936476	-0.9396448977841444	-0.10192547263091706	-0.19874977270262728	-0.202231315367423	-0.15491436604090733	11.381319120586276	-1.2818560783664728

drug_141.txt	-1.78846492166512	1.0361696970456071	-0.06942662667716132	-0.13322826375545616	-0.16981726696943564	-0.012176426600738819	20.698938485454143	4.048185265376016

drug_142.txt	0.0029574685590662	0.5390535745636083	0.10203632224761841	0.0	0.13426613833179668	0.21381410122883557	8.367346213635354	-1.9953382562735573

drug_143.txt	-0.0361101205334855	-0.6386334798062122	0.011365636188313682	0.0	0.0069223167831899204	-0.17886146475403994	-4.297383966244726	-7.56781137024019

drug_144.txt	0.0700330456695909	0.9571371571260683	0.058630339898307626	0.41920834779988125	0.0730712190620903	-0.09235038412515212	-5.461185876082611	-6.961645090023415

drug_145.txt	-0.0409267051803247	0.512090384058103	0.10829256797629236	0.0	0.13602104552832783	0.20027661147549108	10.182784810126583	-0.4010709303264749

drug_146.txt	0.111665834581461	0.9238116342178269	0.07137991926766213	0.0	0.10927848282318363	-0.04264434843384885	-3.0671818787475016	-9.57824160185593

drug_147.txt	-0.0242136794807788	0.7406894322772941	0.0547989975107373	0.38059577749638374	0.08166352081124101	0.09440656964759724	3.9031401288030203	-5.33486168678666

drug_148.txt	0.081988921379835	0.4294907971031684	0.12973073774212637	0.0	0.17720205935876096	0.2309365758427245	13.63606484565845	0.8779504417076582

drug_149.txt	-1.89978603523287	0.8875207705038676	0.07805955775144827	0.0	0.10821452499329447	0.06560164934360986	4.1557805907173	-5.722190420918768

drug_15.txt	-1.76514989420631	0.5483762859726872	-0.06044917763054164	-0.12691572255909805	-0.04792019818450154	0.04747969353393023	12.906595602931379	-2.34741764291201

drug_150.txt	0.0192069039298195	0.5172475261746339	0.11119465239736712	0.0	0.1369803352222262	0.1849320183081699	7.341176993115701	-2.2680939089703065

drug_151.txt	0.0928226707557712	0.8841486936957391	0.09549129913314733	0.0	0.12087153639959416	0.14854781536156825	7.520008882966911	-3.106006245390776

drug_152.txt	-0.0154411240282434	-0.8049484896068886	0.06328768863444756	0.0	0.029596318166744046	-0.02000170669083195	3.646706640017766	-5.531572460648578

drug_153.txt	-0.0296697810427217	0.5571410095251341	0.09985972996846185	0.0	0.11774688028107319	0.1943921504642147	10.121892071952033	-1.2641001967389172

drug_154.txt	0.140772175070727	-0.8304180418770263	0.08281897915354852	0.0	0.06597729715848595	-0.03619120253326307	5.254621363535421	-2.9464628033816553

drug_155.txt	0.186510710125288	0.42123916550139007	0.12096061324975454	0.0	0.16636162582395211	0.24965318925643684	11.060555185431934	-0.25608409302036905

drug_156.txt	-0.0132444190856572	0.9901817927270066	0.10022913504896869	0.5018302333419493	0.13857278415204244	0.13673701790667386	-0.07264490339773484	-13.17969491805552

drug_157.txt	0.170941207236764	0.4384478307185974	0.11311855004830534	0.0	0.17224679331323717	0.23533034987215629	8.71080612924717	-1.056584812006007

drug_158.txt	0.160542519554002	0.5528754053158641	0.08211300731106136	0.3377935592386416	0.11491393459391884	0.1800287001673666	11.217810348656451	-0.523428561506416

drug_159.txt	0.0342842878539333	0.6205944868320563	0.08650273694402308	0.23275889328104205	0.11248207501790239	0.1529130198938631	11.037681545636243	-1.49003087329855

drug_16.txt	-1.71194636616504	0.6470265982158193	-0.07247914671129355	-0.16598074993768053	-0.04929304695020656	0.0975150159809832	15.714794581390183	0.1480046955749921

drug_160.txt	-0.0153911989159118	0.6897055264533895	0.07396491830033577	0.0	0.08739761721457928	0.1521771530909939	10.234448145680657	-2.4805220808394144

drug_161.txt	0.00452892090435775	0.7580144172762628	0.08979518937540573	0.0	0.10929400767325133	0.14217157752662765	9.319955585165445	-2.0400827538085444

drug_162.txt	-1.90822337921689	0.5102241143485418	0.13243034871676948	0.0	0.1566168996975757	0.21427966182011057	9.215012214079502	-1.5084310490470416

drug_163.txt	0.00205881653709916	0.41821049411428207	0.10827463960064737	0.0	0.16262361814648277	0.2785913503524153	15.779320453031312	1.2800858652501186

drug_164.txt	0.131685804626394	0.5584472862594376	0.06619846229018102	0.0	0.07061459871728068	0.19538041288683217	12.204139462580502	-0.34180161809857357

drug_165.txt	0.0314147825880228	0.5327998233963351	0.07511326064737861	0.0	0.09676677627885165	0.2373310489202484	14.028363313346658	0.5169979333931836

drug_166.txt	0.0408244775693601	0.4931572393529561	0.1263608550342513	0.0	0.1686515017898816	0.24745010032635234	11.688412169664668	-0.5372888251904754

drug_167.txt	-1.91401469224734	0.9770886758425518	0.010079995844555045	0.04204924284296829	0.002576137183514568	0.15378285796082278	11.137010881634465	-0.4641319989546529

drug_168.txt	-1.91371514157335	-0.8577509889601447	0.007602015121682543	0.0	-0.049343406274604075	-0.08484385972841649	-0.4731867643793027	-7.940693835765827

drug_169.txt	0.108221001830587	0.5032445030421174	0.11628367724235336	0.0	0.15090274610136292	0.27358459622441844	13.954679102820341	0.8344607155383408

drug_17.txt	-1.94272163183796	0.7048697613877626	-0.05823237871270194	-0.1315970963712482	-0.06861846193565176	0.017858569465803956	13.592165223184544	-3.975149508826678

drug_170.txt	-0.0220050876066852	1.0108558429956276	0.030572043173987096	0.0	0.02511534781840571	0.1087022306021673	8.45479902287364	-4.512088118367286

drug_171.txt	-1.85604925944417	0.39703520067852205	-0.00664556162908625	-0.008681658884775456	0.03250666544245665	0.19691389295458683	18.01000222074173	2.509385849476532

drug_172.txt	-0.017064878872168	0.6612633928850116	-0.04942236656284926	-0.09872022268068992	-0.04108177750105224	0.07344849258033828	11.048971796580057	-1.0613847905601745

drug_173.txt	-0.0505147041342748	0.548626368956214	-0.02920540675532926	-0.05721840474924356	-0.015943822542390237	0.1253054607117053	11.798063513213414	0.0998656222390993

drug_174.txt	-1.84831086703278	0.6348879907748457	-0.04664464353409076	-0.11170898484904795	-0.02730249318184799	0.14739816241111312	15.530979347101932	3.156853328569584

drug_175.txt	-0.0272115636069704	0.7775704298200856	-0.04819863517202025	-0.1044684663440113	-0.06002876214625813	0.018859346608784956	7.604166111481235	-1.3433676994796167

drug_176.txt	-1.87756460547274	-0.9063189586895477	-0.05371258586476793	-0.11129779216977093	-0.07168640863732037	0.08126125797108823	9.118116811014879	-1.4955010974456515

drug_177.txt	-1.83289589425386	-0.8240320423006731	-0.07642146564039634	-0.16929689612085674	-0.12941998977202915	-0.09035264424240068	8.635807239618032	-2.3071187836372253

drug_178.txt	-0.0489670256519982	0.8181326534434424	-0.026299022833835478	-0.04100750198631764	-0.05557203069839062	0.09882132835183267	9.887195203197868	-0.7416127154926806

drug_179.txt	0.0376696859472697	0.5214496515710961	-0.01660097820652548	-0.035376912590412146	0.014760053524960865	0.19373915909611725	18.10698645347546	2.5756607485597307

drug_18.txt	-1.84628771129021	-0.4485752503088154	-0.31605893127814555	-0.8870592994737051	-0.1603899209485973	-0.19326326105522948	1.1959493670886077	-8.839256499387304

drug_180.txt	-0.0750398212205501	0.6583894385428692	-0.06685097203588794	-0.14518356558513185	-0.07972578895297194	0.03785413873225302	8.377925827226294	-3.1794844567485305

drug_181.txt	0.145129924161377	0.7745513943838869	-0.05984626276877225	-0.13012362165467584	-0.07688130489113276	0.010071982751541657	6.581336886520098	-3.011296192633103

drug_182.txt	-1.83148372679077	0.6218367842636633	-0.06247142807327491	-0.1287396724794575	-0.06737989657859975	0.07664505593756928	12.629251610037752	-1.1982365540514515

drug_183.txt	-0.0479304852245441	0.5082460529505932	-0.054689817404180746	-0.12315815825819659	-0.02906655431227884	0.11791843768276083	12.217730401954253	-0.7345980124855337

drug_184.txt	-0.0449349784846539	0.5846182256918602	-0.04255542707923149	-0.0765064615289816	-0.05102013197011889	0.07507318013135177	11.345218743060181	-0.8867062021649719

drug_185.txt	1.67611202244253	0.5424382572698276	-0.06613294126510882	-0.13914866024497208	-0.04599589745378434	0.11194133215638283	12.15232511658894	-1.3255602037473069

drug_186.txt	-0.081793975703112	0.9036061303558466	-0.05131006352177364	-0.07984612991878104	-0.10098786003112536	-0.0055699052705892385	6.700519653564291	-2.8818023783753897

drug_187.txt	-0.0623089175760169	0.6143057144309955	-0.048735882291436244	-0.1089691748376605	-0.05056516772175084	0.06887317514372569	10.534328225627359	-1.6186610591393926

drug_188.txt	-1.72530727717947	-0.6295194087489095	-0.2838609646165686	-0.9164864508390358	-0.1686875078840831	-0.23357654217623344	-0.4018387741505663	-8.614519096108816

drug_189.txt	-0.0895109716377813	0.8600745886549767	-0.03667575456560235	-0.05567583362298267	-0.0723771621962763	0.09814704787888032	15.531796580057739	0.19104087193786795

drug_19.txt	-0.10066566816442	0.8237077455793942	-0.04081342307609423	-0.0984261590038823	-0.044876814881767715	0.004056110419188099	12.825174328225627	-1.6127366449585439

drug_190.txt	-1.7350212776074	-0.664363794702955	-0.28032671612758	-0.9345505232001963	-0.15482639146231145	-0.1909785640827986	3.029162780368643	-3.5668798357383658

drug_191.txt	-0.00278391935905664	-0.4525712456026561	-0.32516620973981836	-0.8690175183415607	-0.19494229104939584	-0.1882067312950771	-3.0086608927381744	-7.3376453017157885

drug_192.txt	-1.82563060171647	-0.9469729047121287	-0.06985726224663798	-0.1387092987233366	-0.10242969914381522	-0.08846992677043501	5.445782811459027	-2.338265276383808

drug_193.txt	-1.84721013717519	0.9177897082828842	-0.024634081274800268	-0.02628660737788102	-0.09718431582528411	-0.07080278931265176	5.680630690650677	-2.947428794536335

drug_194.txt	-1.83289589425386	-0.7604358510098799	-0.050869170441830744	-0.10283795721849881	-0.09322182460793114	-0.15199651928685423	-3.2663379968909614	-10.564333380215562

drug_195.txt	0.000996124860328629	0.6237350363839229	-0.058325771328832376	-0.11513450681851156	-0.052817245964096336	0.07288133675599952	11.123162336220297	-2.6394939247549534

drug_196.txt	-1.84318046739415	-0.9352738976924324	-0.05435540360964841	-0.10741230550773168	-0.11504753349611654	-0.0721208364263067	4.417019764601377	-5.5374889973793415

drug_197.txt	-0.0526733708960369	0.7486954571762587	-0.03418344247330388	-0.05517697672098676	-0.06580800604334995	0.07573124904311625	12.22791916500111	-1.5415441513082933

drug_198.txt	0.00948339395668396	0.56363804866985	-0.044823466986883026	-0.09107836262649166	-0.03420240320343226	0.058416944794453446	11.593097934710194	-0.9559134599532413

drug_199.txt	0.0366188812020065	-0.6374342891724181	-0.2870709596127482	-0.8695723027968866	-0.12985569555738977	-0.16642583868054175	-2.3178147901399067	-10.11709290988888

drug_2.txt	-1.75885219789364	0.6495268155117947	-0.03506363633698166	-0.08106791008000469	0.027303197837058646	0.07119622473480189	15.064561403508772	-0.4973517246770292

drug_20.txt	-0.0468463970710601	0.7453483493238446	-0.037663840920040284	-0.09190283615145378	-0.00936014386773212	0.036832873567868914	12.893608705307573	-1.8318824776407137

drug_200.txt	-0.0197441932339585	0.9496797907085661	-0.036699059476752505	-0.0631830443048863	-0.10668453369788192	-0.014388877786908075	8.212675993781923	-4.040968333949278

drug_201.txt	-1.69779378551221	-0.5239502788908101	-0.11543008780545598	-0.23210926300800833	-0.2165932704488864	-0.21459423550035367	-0.8544437041972018	-5.707615300299501

drug_202.txt	-0.0347645198868364	-0.7170031712201698	-0.09483794468280876	-0.1964034985218298	-0.18619468063752342	-0.19373020878101824	0.25513657561625586	-6.017653101148995

drug_203.txt	-1.76887763592706	-0.5782690287747557	-0.1071059827708658	-0.2397755992736762	-0.1794519809864512	-0.18380470682040584	2.1828203419942263	-6.396673470067307

drug_204.txt	-1.85462758243587	-0.7467949507871261	-0.09509524525762694	-0.18752676857883888	-0.19529089487974216	-0.16318886703031216	0.5188896291361315	-7.291731108113308

drug_205.txt	-1.87613104153294	-0.6939021960277203	-0.08709776371416134	-0.16878898373115842	-0.20205647742599955	-0.21029332035483522	-1.4809504774594715	-6.514860831775443

drug_206.txt	0.114359413261061	-0.7376656785248372	-0.08633003272614698	-0.1718656521342657	-0.17808267074902467	-0.19864322829071115	-4.241572285143238	-9.908020756418843

drug_207.txt	-1.73983073009533	-0.47815216035634184	-0.3371731882521046	-1.0375258589292597	-0.2382011635128793	-0.2683950178179341	0.3701621141461248	-6.007153819955717

drug_208.txt	0.0327865344839883	-0.7650381386309019	-0.08775471439978974	-0.1710471394818318	-0.1639889109154392	-0.0873246494926394	6.064179435931601	-3.98172088339718

drug_209.txt	-1.77028504861755	-0.47224881029938764	-0.35498461716916396	-1.0634513058611348	-0.26702920064355273	-0.29159187590169716	0.14035087719298245	-7.078868309530245

drug_21.txt	-1.91127832061432	0.7841691562320949	-0.05149586348229526	-0.12109505283563893	-0.050967333586847935	0.024259712355544912	14.2223939595825	-1.7768314442256654

drug_210.txt	-1.72921094548653	-0.67806764293483	-0.11954623922514107	-0.22855807226508879	-0.18241842059162708	-0.1256286258307692	5.867030868310016	-4.546684177015394

drug_211.txt	-1.76715640824478	-0.6710696035033988	-0.09997856790748787	-0.21699195495537882	-0.170190677687316	-0.11549200093773149	6.803037974683544	-10.338368144164399

drug_212.txt	-1.67203480493545	-0.7044019528483056	-0.13495712105402558	-0.2950861053658064	-0.19179341203231262	-0.16731097459118735	6.480701754385965	-6.426702072412308

drug_213.txt	-1.72978151819889	-0.6515646888582272	-0.09264362497113388	-0.18021802939623421	-0.18390543052041602	-0.1416697118536976	4.652747057517211	-7.766421730112009

drug_214.txt	-1.77639493141241	-0.8453661137509179	-0.0783680579491666	-0.13893224337961135	-0.14706643543804718	-0.013053461397097432	11.641483455474129	-2.7155023744396742

drug_215.txt	-1.6638613508309	-0.581419752538916	-0.3043158377620292	-0.9771813028152825	-0.19625586949038173	-0.22479383515218854	1.5356784365978238	-5.7360239515299645

drug_216.txt	0.0398164657775242	-0.6425295051109671	-0.08873806663965503	-0.17718198247705397	-0.1715571551470405	-0.11772696287544052	6.297526093715301	-3.4571227027936557

drug_217.txt	-1.82417326391365	-0.8397118703342006	-0.05047075195238182	-0.08130931224666843	-0.12514691108118137	-0.06415460572576541	7.433488785254275	-2.778465670810463

drug_218.txt	-1.65481539595369	-0.8640111221627956	-0.08045664430574168	-0.14519210214893163	-0.15371858160287688	-0.11496502391251098	10.146906506773263	-2.4499316858965354

drug_219.txt	0.0524974443097259	-0.5973512547679596	-0.1260416587763535	-0.2433760920556441	-0.21224568312230468	-0.08573302325838009	1.3233044636908728	-8.899798745058034

drug_22.txt	0.0566507381784466	0.8142057687792563	-0.055744892010630834	-0.1518695931413524	-0.06444299482660934	-0.007943388869307892	11.914510326449035	-2.9493263476167892

drug_220.txt	-1.78834842973635	-0.9231642358811176	-0.0814905116180685	-0.14140331823658253	-0.1749109627980936	-0.03222382691155024	7.926351321341328	-4.6271008605877295

drug_221.txt	-1.805551197014	-0.9096051092816594	-0.07313341850407876	-0.13777549236306036	-0.17930433695994583	-0.20287912578393272	-2.219888962913613	-5.3971066299894614

drug_222.txt	-1.8616527589568	-0.7512449374075241	-0.07607454437657676	-0.1362762016213407	-0.1866342640159415	-0.1612772621682108	3.2164157228514325	-6.397590378739329

drug_223.txt	-1.71095261869101	-0.8960882732552153	-0.07645124291155483	-0.15040196309066584	-0.16168072472224565	-0.15914713781045736	1.6182633799689097	-6.453538912693319

drug_224.txt	0.0180824002092099	-0.9256082803655946	-0.05940050057682078	-0.10560289182240995	-0.15994925579042196	-0.1256020673696657	3.866737730401954	-10.786242861596492

drug_225.txt	-1.75898057675392	-0.5181949226022191	-0.13165605142832273	-0.25752278482691016	-0.22110481106435986	-0.32810826114196195	-3.591969797912503	-9.156842625565623

drug_226.txt	0.0575874283812375	-0.41036411833178393	-0.36530165580675344	-1.01231265133856	-0.2262510541929475	-0.277234701772924	-7.266950921607817	-10.64318789091134

drug_227.txt	-1.77152604426693	-0.8226758462933225	-0.07830746577086198	-0.14121625007122435	-0.1733375014942766	-0.1403705807859165	5.76018654230513	-5.30925665276363

drug_228.txt	-1.77536790053016	-0.7907234669256904	-0.0762732268887239	-0.13777551929817472	-0.18310385518661823	-0.21803256043367863	0.049868976238063516	-5.737414679062101

drug_229.txt	-0.0184651594037515	-0.5962560749129088	-0.10967257655142415	-0.21395487912429256	-0.20780613831075342	-0.250042812652769	-3.0636464579169442	-10.72601890787506

drug_23.txt	-0.0222666000998503	0.7141965576715736	-0.029951867045421188	-0.08216517384034766	-0.016995654531744394	0.03975516035885962	12.769353764157229	-1.8032432693662683

drug_230.txt	0.0112069990252716	0.9462870117625924	-0.06455915040454371	-0.11969410608287245	-0.18548723117285584	-0.2578784662648456	0.17369753497668222	-10.423767740707465

drug_231.txt	-1.82074982763949	0.44531039741757705	0.2579646142188439	0.8987764769974343	0.04617461490773912	0.13943320752105584	18.907395069953363	3.223089018579365

drug_232.txt	0.081874806837363	-0.924198481411276	0.026482796347143484	0.0	-0.03159063580029679	0.0630336698527331	14.822935820564068	0.28253129069265814

drug_233.txt	-0.0217911228395502	-0.7090224196397846	-0.3153470625132425	-0.860771138643327	-0.10574362322837692	-0.1653516255825902	3.0587785920497446	-5.812807140501855

drug_234.txt	-0.125585431376744	-0.8497231651554247	-0.2901555314022174	-0.8329230251894246	-0.06982124283631812	-0.06488490047981264	6.387928047968021	-5.133209678463888

drug_235.txt	-1.7895466324323	-0.8516584728576271	-0.28700929238976236	-0.8117443768873455	-0.07027240034220036	-0.06894865852631701	7.32702642682656	-3.1442583652241027

drug_236.txt	-0.0691985830777643	-0.8520038954657512	-0.3239453134328273	-0.8475718849257601	-0.08836015277592173	-0.07463133073782237	10.552165223184543	-2.8521874107889063

drug_237.txt	1.72416850914105	-0.9450776248786135	-0.3122385091345182	-0.8562694111401378	-0.07152524475283824	-0.06042153068801873	9.91803686431268	-2.624191724479867

drug_238.txt	-0.116399210707748	-0.49096979403913577	-0.32613297034629884	-0.9070524582721269	-0.1768992647109992	-0.24758917518607773	-6.0823895180990455	-14.772567183440861

drug_239.txt	-1.81890259848323	-0.8046488015052519	-0.07488465002461875	-0.14601741154945042	-0.11964017512445663	-0.09462302131682644	3.75363091272485	-6.004548746078741

drug_24.txt	-0.09074483512826	0.7578204302175153	-0.020207642290862318	-0.055786361206497326	-0.01498049655096116	0.03139244412591345	13.245089940039973	0.025640495862631826

drug_240.txt	-1.68300644271688	-0.8837320573777051	-0.09485428184201788	-0.1960523375817978	-0.125346390998335	-0.01980132677091745	12.86820341994226	-1.978000542252794

drug_241.txt	-1.72358367211088	-0.9658370319455903	-0.10792844979668975	-0.21336041825721663	-0.15589386477978498	0.052715404677741474	17.790504108372197	1.854503043898521

drug_242.txt	-1.79188122578038	-0.8073671442756225	-0.07865498490488212	-0.15822858101247994	-0.1101098783997614	-0.021622233655495926	12.54322895847213	-0.9378971580673083

drug_243.txt	-1.66167891020612	-0.3996219097950442	-0.4097384398450606	-1.1236585577622966	-0.33250679478057055	-0.3407876069668154	-4.883286697757051	-8.479787023939148

drug_244.txt	0.0540998026769369	-0.2889129336914244	-0.3885154141237306	-0.994802620891625	-0.26430676737658226	-0.23531051132340647	-5.777046413502109	-9.126574241375996

drug_245.txt	-1.73430330694435	-0.4337704063017723	-0.3705619779599859	-0.9241350383974417	-0.2506623396634481	-0.2635295184991845	-6.222838107928048	-8.007114650829322

drug_246.txt	-1.70262463447686	-0.2950213406234048	-0.34026289619430516	-0.8622183774125706	-0.176599635718049	-0.20128302623833477	-0.6564157228514323	-5.798175187386617

drug_247.txt	-0.0367662791526995	-0.26434165045753316	-0.3670655571958915	-0.9209469039564575	-0.21524061690498417	-0.23470517513472708	-5.308825227626027	-10.013995261938543

drug_248.txt	-1.63320733185935	-0.5069207700104801	-0.3641506811013442	-1.5430669317423216	-0.2717637439305818	-0.2749519226276463	-2.688927381745503	-9.59082168312509

drug_249.txt	0.0554454033235861	-0.35864538358588643	-0.35680585641272106	-0.9476960075904857	-0.21860316639701946	-0.2445113907837605	-1.3683499888962913	-10.401267492596979

drug_25.txt	-1.82775360768371	0.6279807668099777	-0.05985166377567716	-0.11095335377928905	-0.11604305757996657	0.03880264634185566	15.374212747057518	0.08063851227034667

drug_250.txt	-1.77671350117681	-0.43878310577189406	-0.38006605515866787	-1.0197368210296103	-0.2985749821362835	-0.3312627122342343	-5.293999555851655	-8.871038404322725

drug_251.txt	-0.0396405391912131	-0.4590454563416009	-0.3386455911198226	-0.9407233269344646	-0.21497136484528587	-0.22718026472732336	-3.0448767488341106	-11.080691763846728

drug_252.txt	0.0411668211967763	-0.36515001882071985	-0.3686591727517191	-0.9179626836675552	-0.24457158830271247	-0.2692669369959609	-4.289717965800578	-12.395640954845137

drug_253.txt	-0.091063404892661	-0.4861344408535575	-0.358352093944699	-1.0019656265821708	-0.25475345479230954	-0.27610477765949887	-3.1043570952698203	-10.537430791793964

drug_254.txt	-1.6949361671778	-0.5377094425711096	-0.33266831315733125	-0.9591225351539912	-0.22818459113809297	-0.2416513217784907	-2.758667554963358	-6.834299281793426

drug_255.txt	-0.0262035518151345	-0.3097594443717506	-0.3522114412314883	-0.9614046551044051	-0.17380628393885447	-0.13791595747305452	1.0229624694648012	-7.725296966736422

drug_256.txt	-0.00676128664146625	-0.2898322406926749	-0.3283013277743283	-0.8532989928762071	-0.15416148549163247	-0.1893235689791591	-0.1475549633577615	-9.438371060396564

drug_257.txt	-0.0514941872904928	-0.327454604238457	-0.3354781744844462	-0.8596980611480036	-0.1563058241351463	-0.17768710446129662	-0.2318632023095714	-7.874842809945561

drug_258.txt	-1.68814635190072	-0.19880389859101918	-0.378683242203102	-0.9670805197201892	-0.26161904960334276	-0.2789290979751448	-2.1941283588718634	-11.202371578367487

drug_259.txt	1.82691439031928	-0.26957926546507516	-0.34837892876032817	-0.8575425566647829	-0.16369382800022067	-0.17044607081965588	-1.575438596491228	-7.250003982753967

drug_26.txt	-0.073641918075268	0.5548227549152589	-0.06114903898914836	-0.11786363116862758	-0.06589722636790506	0.12386635557901471	16.84974461470131	1.4960667611301701

drug_260.txt	0.163369231866486	-0.5994563040812172	-0.07500186677527368	-0.16686687742525397	-0.103148337621801	-0.17497382222892593	2.639937819231623	-6.192793458067305

drug_261.txt	-1.81641109763926	-0.6175824608923648	-0.0681390223925656	-0.1362580234574945	-0.08635675772206809	-0.07036807936644855	2.541940928270042	-6.994622614583225

drug_262.txt	-1.77486389463424	-0.62805566935522	-0.2848786251437865	-1.2601519166179902	-0.18495567025110837	-0.19347351505303748	3.3480346435709527	-5.957128707941289

drug_263.txt	1.73658559779379	-0.5333823222853307	-0.05631269708644941	-0.11418825453618953	-0.09668875312904543	-0.1657343544966059	-2.0538307794803465	-10.106083129016396

drug_264.txt	-0.0520861564795664	-0.7569401397863984	-0.24222984698485284	-0.8954793161519266	-0.07032842994766812	-0.043406122715351186	6.567701532311792	-3.5329303594180517

drug_265.txt	0.0140646173596747	-0.6119077689097403	-0.06542004614877084	-0.13068643683015135	-0.13365208250232957	-0.231500384148345	-0.6598623140128803	-9.902387312775636

drug_266.txt	0.13925540261037	-0.5681693289412384	-0.32837497006733374	-1.0092148260102225	-0.2003905937229128	-0.23771222060699526	3.9830779480346434	-7.623582718750906

drug_267.txt	-0.0398545039583481	-0.329728786565555	-0.3131123602451338	-0.912835083206449	-0.1702564912517353	-0.2366296245162678	-4.017481678880746	-9.559295222864126

drug_268.txt	-0.0121959917266956	-0.18490272266608732	-0.36332061673334193	-0.909344569378144	-0.20776796108430257	-0.3227382704560112	-3.5410792804796802	-8.617396503746928

drug_269.txt	0.108851009200485	-0.5568327931052776	-0.04084436142277853	-0.07058687163362376	-0.10607067975393536	-0.17979453515261534	-0.9726138130135465	-7.4156005224176855

drug_27.txt	-1.89990965932054	0.495852138647018	-0.04694500249107794	-0.08367541290555564	-0.07279189381961854	0.11592875490167338	17.973377748167888	1.879984834735754

drug_270.txt	0.127323300763141	-0.5431217018701957	-0.05982467004256574	-0.11247038465090639	-0.10136392453183882	-0.1955928966988538	0.21866311347990228	-6.944234828631781

drug_271.txt	0.0288305636782921	-0.4621958429173822	-0.28547753515672747	-0.8848421188350584	-0.12961093431082385	-0.14976673958286654	-1.5400222074172774	-15.450343170001158

drug_272.txt	0.0846373297197062	-0.8304932134190496	-0.05370106203609584	-0.10563093371805993	-0.11566819417971257	-0.22561004202071405	-1.5805285365312014	-8.860952133498719

drug_273.txt	-0.0464446187861065	0.5585866839010213	-0.013268455987182681	-0.007977233533691341	-0.0006717180766886615	0.06855479045682766	18.26559182767044	3.7589185350651113

drug_274.txt	0.0716282718778974	0.4914155334609328	0.027666924124589654	0.08554588404604468	0.05738067401704693	0.108343773824346	21.683206751054854	4.377419319984266

drug_275.txt	-0.215258065283028	0.47811337057431036	0.027999298377722637	0.07444623308045495	0.056754248756036255	0.10593706134832821	22.175021097046415	5.921919616545598

drug_276.txt	-0.0589258968689823	0.559900185210758	-0.012822485621041518	-0.025593106801259924	0.0050880140148176324	0.07860334213774643	18.330712858094603	2.5944646908891813

drug_277.txt	1.76534246249673	0.7038118138407281	-0.022743514283004418	-0.08483285508375565	-0.007396237089748337	-0.0019828020524185587	13.835896069287141	0.13016211704530925

drug_278.txt	-0.0401041295200056	0.6261221575472031	-0.0009002610034749559	0.013963275263093544	0.01682566618054939	0.06637919327691723	19.372507217410615	3.013647187666484

drug_279.txt	-0.0585764210826617	0.36508950423672853	-0.00013409623386587133	0.009062848110529265	0.03165228458903121	0.1096416194982599	22.098974017321787	3.7336206742092055

drug_28.txt	-0.115044100515893	0.46189400029810734	-0.04053806264730858	-0.07555209920795852	-0.05586763924058569	0.12752112914343	17.44692871419054	1.5595415948531504

drug_280.txt	-0.0310676841880038	0.48211213469190606	0.013197373226540687	0.04519204225156398	0.018651405405398336	0.07981653223165083	18.756873195647348	5.61361965802891

drug_281.txt	1.66778879300097	0.398547708868188	0.010287021673438645	0.03586446476356958	0.02779978470903904	0.08975327061795925	20.640968243393292	3.2252957033618737

drug_282.txt	0.0610940731759503	0.5107910397601849	-0.0016917129907418893	-0.007255933204413034	0.009287626991653362	0.06975122859083863	17.77033089051743	3.347998150918876

drug_283.txt	1.67772864512755	0.39255760626968816	0.020263156557454587	0.06495280379831048	0.04322590839515356	0.10516117296276112	20.09197423939596	2.938619746346069

drug_284.txt	-0.0474930461450681	0.6892561249314834	-0.010593758051807373	-0.013809300504645627	-0.023829848010652067	-0.024704944925907836	14.937401732178548	0.5861147678739236

drug_285.txt	0.0636354991322541	-0.6458467244046835	-0.31588748429163993	-1.4785407410941818	-0.20712693675114438	-0.19739493018914062	2.869669109482567	-4.85175149447789

drug_286.txt	0.117604545562608	-0.7263687047733677	-0.3168569873716932	-1.0687005931975837	-0.17026171751004807	-0.16311081991043785	5.643908505440817	-3.8663912014694306

drug_287.txt	1.73603642155814	-0.5586195866666863	-0.06958980649529584	-0.15060823145121566	-0.09995058753656257	-0.06810281481471808	2.176451254719076	-5.139960525906708

drug_288.txt	0.176199985735682	-0.5348093851852938	-0.08532788164404936	-0.171473945030095	-0.1506037987110913	-0.09854238952677165	4.7337952476127025	-3.504871281396144

drug_289.txt	0.185809381166346	-0.5162326203048841	-0.2544151324637757	-0.9657599826165424	-0.15497521042833926	-0.13250053085498453	-6.439475904952254	-6.655017542208686

drug_29.txt	-0.129586572522169	0.818404578617886	-0.07637082912199758	-0.1347064941760553	-0.11332071944741229	0.10292258922480861	18.57965800577393	2.628505403519145

drug_290.txt	0.0500273399424672	-0.594108693028323	-0.32000077651327974	-0.8327216223166929	-0.12629261540373646	-0.17988844786490182	0.23386186986453475	-8.09947486709137

drug_291.txt	-0.0529206190713929	-0.8029793464387672	-0.299285488668079	-0.8323998319084164	-0.13137707128387513	-0.1904926343189032	-1.3782544970019988	-7.480144907854386

drug_292.txt	-1.89758933029028	-0.8475217921183812	-0.3228640487959536	-0.8885252022037591	-0.13909674538543695	-0.05766938575159134	7.076260270930491	-4.657149495223587

drug_293.txt	-1.8261464945439	-0.5589124460542858	-0.3270758945359342	-0.8867408821107401	-0.16841909225784155	-0.22082479888917297	2.99728181212525	-5.910355577746678

drug_294.txt	-1.77461664645888	-0.37789850751410853	-0.3279512455758762	-0.8645776518102912	-0.16997893044790818	-0.20899152909995278	-2.511960914945592	-6.547837488683119

drug_295.txt	-1.7687801630887	-0.5677002886590055	-0.3332936136498493	-0.9104034079539516	-0.17244826393018134	-0.2238461916899655	2.2821230290917165	-6.439323326867181

drug_296.txt	-1.72160568670803	-0.82776626974865	-0.3085478600067033	-0.8349635528156849	-0.1028342142445654	-0.057422306161816455	6.1367710415278705	-3.5716589196082866

drug_297.txt	0.0687373701352733	-0.7993053161763772	-0.3092299350329049	-0.8504062833233514	-0.12922591252986976	-0.1767147738856188	2.093519875638463	-5.4655799458634355

drug_298.txt	-1.78355799633883	-0.6675427206676934	-0.3159724342911463	-0.8591692969534451	-0.15204434624919794	-0.22129858293501803	-0.8247923606484566	-7.715598557317162

drug_299.txt	-1.76803128640373	-0.6040260398560005	-0.011878052709407921	0.026054183208524262	-0.158259086099101	-0.22013486475933278	3.216095936042638	-6.3440330820382105

drug_3.txt	1.79960535387395	0.6603126793690297	-0.020639939618636832	-0.03792874006358682	0.029101002391381366	0.0630887438340913	14.736371308016878	0.23989907355255602

drug_30.txt	-0.0612818866937689	-0.8906771894172165	-0.05993895002629915	-0.10813721496246087	-0.14929356661712856	-0.0249279732105342	10.398054630246502	-2.8829384194210936

drug_300.txt	-1.75395953688515	-0.6226692126752382	-0.30420226708189735	-0.9134207849233773	-0.1959432535676556	-0.2133919853276665	3.173555407506107	-4.73249069354687

drug_301.txt	-1.69539024796139	-0.6265714263389952	-0.30730876536707646	-0.8744201338531337	-0.15701473184675835	-0.22707702526073645	-0.2643659782367311	-6.137786741929929

drug_302.txt	-0.100399400898652	-0.2830164850482581	-0.3749777410084328	-0.869698487170393	-0.2041878202269327	-0.26699653339327684	-5.427421718854097	-8.371685399986657

drug_303.txt	-1.94077455245703	-0.859546969375389	-0.04989321643976208	-0.08789627717386614	-0.08836779293466922	-0.0379729432658374	12.844450366422386	-0.24002393813453807

drug_304.txt	-1.74963269381642	-0.5324249912830772	-0.32895593134681766	-0.8793543385131983	-0.18342165228195753	-0.24347088601506853	-0.27145458583166776	-10.209849333456726

drug_305.txt	-1.95135867627131	-0.5029350830862092	-0.02827648673306174	0.0847862187123789	-0.1975553734379089	-0.2516073938392254	1.6953852986897624	-4.882561497499012

drug_306.txt	-1.90612652449897	-0.5346362767697881	-0.309596967005576	-0.8417295980245807	-0.16152724984224998	-0.25950249031128425	-0.010686209193870753	-9.777706796238169

drug_307.txt	1.70073223498086	-0.5500439551060052	-0.2643784740596272	-0.8730018806241882	-0.14573848976287918	-0.18708815084430339	3.2919742393959583	-4.3078485797264054

drug_308.txt	-1.70562489598935	-0.8493538849611906	-0.05309886257457544	-0.1067938184072462	-0.11643549852352439	-0.16894059541168818	2.869393737508328	-4.858568306592112

drug_309.txt	-1.81241471126643	-0.6774726480779713	-0.32320906487114465	-0.8800628995315863	-0.15320606089747013	-0.24096695503453353	-1.6971085942704864	-5.805601454361349

drug_31.txt	-1.78220764091957	0.6151044390966367	-0.05193172008648589	-0.11726265983785356	-0.07727140552950908	0.08616425419463124	16.677024206084834	1.3323957284636152

drug_310.txt	-1.93538264032523	-0.7309126123760095	-0.32452348583078905	-0.8936550577867195	-0.1659497437004009	-0.14176920920935027	3.4637974683544304	-9.893817170083658

drug_311.txt	-1.84411715759694	-0.7627555362887798	-0.3069527040634357	-0.8312283240606626	-0.11826609872864344	-0.2058512297671895	-0.7042860315345325	-8.483033322155737

drug_312.txt	1.69459144616409	0.7200911000137293	-0.04030235056255055	-0.0648875147677751	-0.08195979213891606	0.040719215005159896	20.244814568065735	3.9373389640073557

drug_313.txt	-0.0788317523714429	-0.8426430136005474	-0.31068424974242237	-0.8448594183806146	-0.12251230493430758	-0.10827720494060056	3.741594492560515	-7.325293061862915

drug_314.txt	-1.75208140170696	-0.6218648314418965	-0.27748696013264995	-0.8909518124205572	-0.12024991588786847	-0.11885529109355478	8.472938041305795	-4.115696672840202

drug_315.txt	-0.045681477783325	-0.7757882516383343	-0.3400076570310726	-0.8829119164662966	-0.16164772041904882	-0.20248809157662706	-3.1319120586275817	-15.936150517713674

drug_316.txt	-1.82839312459882	-0.4853352997303627	-0.30808477534365697	-0.9045931604535261	-0.20310731743653593	-0.24105229050156302	1.3953186764379302	-7.971907103872423

drug_317.txt	-1.69958395739724	-0.5371747449648079	-0.313268309345915	-0.9698700418454232	-0.2265262855048005	-0.2570973966916763	1.7240772818121253	-6.957178659394609

drug_318.txt	-1.76753441266671	-0.5595456355566858	-0.3197663827391591	-0.9507829929689096	-0.22284598414474274	-0.2749519903409639	1.4693848545414168	-6.174111337482808

drug_319.txt	-1.9061764496113	-0.9415550396373111	-0.06679424677017645	-0.12257445226523223	-0.16254754313838626	-0.15141364010667885	3.80571174772374	-8.997266502946554

drug_32.txt	-1.81861731212705	0.6609480447283966	-0.06289013393173515	-0.12571570873601257	-0.10150280958381694	0.056450971484233774	16.504588052409506	1.0496190195078785

drug_320.txt	1.81252169365	-0.9146779230965463	0.036178475744589794	0.0	-0.05029548581579193	-0.1349528670619481	-2.9586586719964467	-8.55452302133625

drug_321.txt	0.113080379430854	0.8213481949363938	0.04888073850905869	0.0	-0.0201295899630762	0.013411283442668398	6.30332667110815	-3.3399759821282142

drug_322.txt	0.0395026507857261	-0.9002414461776429	-0.26090689607162443	-0.8213609968928675	-0.02502175151247786	0.07781594585937218	7.296708860759494	-2.434828970366468

drug_323.txt	1.68601145900197	-0.927279883821098	-0.27669717241160174	-0.8479955749715031	-0.0063175322582685375	0.184304962941217	13.290348656451254	-0.32907211725277374

drug_324.txt	0.215177234148777	0.843555837207894	-0.0490339562057423	-0.08945222508474518	-0.019413397482257497	0.135387037608816	10.769469242727071	-2.0005043294811506

drug_325.txt	-1.85577586001949	0.7515216510943251	0.06732056816373815	0.0	0.005647589510932058	0.09997196741843752	7.3290872751499	-3.235675431773228

drug_326.txt	0.194408387418872	-0.8768507148558267	-0.26890150427382753	-0.8252892413494752	-0.04675643143202252	0.056662771249755516	5.879831223628692	-4.673176681470243

drug_327.txt	1.80373487387966	-0.8783097184708879	-0.2933247376290463	-0.8231479889063246	-0.0657812656601738	-0.01947975781340166	-0.5114990006662226	-15.695808564621554

drug_328.txt	0.112195991726696	-0.7701348203479998	0.015791816264756592	0.0	-0.06117738853430159	-0.0927820296383484	-2.2706728847435045	-10.455162605258547

drug_329.txt	1.77402943204241	0.615807818060751	0.07177050220586022	0.0	0.04034242804277524	0.20547507195317788	17.126973129025096	1.1872673165728314

drug_33.txt	-1.87724365832204	0.6045019482962958	-0.06694246881420246	-0.12983526657606298	-0.06317494145715631	0.1236441706742299	17.08589829002887	1.2969469534011657

drug_330.txt	1.7643439602501	0.8875623831379804	0.2719844435133869	0.7152700313924929	-0.016638431882114377	0.07339415169902713	12.836553408838553	-0.5731036416828729

drug_331.txt	0.145362908018924	-0.5548901997952337	-0.3131775496312871	-0.9761717006873085	-0.20135168767986417	-0.21078265106371621	-4.7360071063735285	-6.813296563933999

drug_332.txt	-0.180959513111285	0.5113491081049958	0.2722925065940853	0.7452929194047114	0.01737969095330516	0.1338736592485233	13.513488785254275	-0.4674371585250166

drug_333.txt	1.79315075006538	0.6008753019905193	0.281831568213416	0.7390397712998529	0.040392844065891415	0.16809289185769988	14.429526982011993	0.36109406931077404

drug_334.txt	1.79120367068445	0.44357785750428325	0.28774426076011755	0.752964831025383	0.029951621039456432	0.1749850138437669	18.51483899622474	2.5400346842051653

drug_335.txt	1.68101181560992	0.9130227889573117	0.045462809966406226	0.03973119184842355	0.01265579339408051	0.1672201971102309	15.36000888296691	0.2265373297450709

drug_336.txt	1.69613912464636	-0.9884491952015577	-0.2960735355918088	-0.8746903710141811	-0.009883437430491018	0.16675883726219676	13.790868310015545	-1.614257762169812

drug_337.txt	0.275432089960298	0.713581504562306	-0.08441006926152965	-0.17091455512446885	-0.034298532157988545	0.1449165839168542	14.879307128580946	0.05554901602017469

drug_338.txt	0.137455721180135	-0.7313344797451703	-0.29326721173405124	-0.8383255678989661	-0.06280090678015054	-0.02517435893765411	7.1079635798356655	-3.607382916584674

drug_339.txt	0.218534103606495	0.6226727703382685	-0.08153196126475273	-0.17812925313755595	-0.01753038503925714	0.16313074358727517	15.91858760826116	1.0541854083387594

drug_34.txt	-0.115094025628224	0.7024715217701536	-0.0943129082648996	-0.21111295737635022	-0.10192966895759645	0.06470860231914269	14.174301576726627	0.1099077897835987

drug_340.txt	1.77722463923163	-0.8689811000330021	-0.29279633947590444	-0.8896824853751033	-0.06918574195380418	0.01000107117238779	8.801643348878525	-2.8776749118276648

drug_341.txt	1.80877731022514	-0.7449470408564897	0.031954553436582295	0.0	-0.060832079354271644	-0.11606639359360509	-6.2299000666222515	-7.524040792733422

drug_342.txt	0.0566388512469391	-0.49658887408675983	-0.1479627042293828	-0.6872573135940949	-0.2638332607254913	-0.2778728759032519	-9.034430379746835	-5.545007347044564

drug_343.txt	0.138706226374724	-0.8841910924122809	-0.3007156665963002	-0.8820709059079205	-0.08270341167544411	-0.02441274288128856	2.036446813235621	-9.029379996413022

drug_344.txt	0.226072795568552	-0.8387692392264526	0.037732709224258754	0.0	-0.026683833571764543	0.009575631124498909	8.674226071507883	-3.740691312987936

drug_345.txt	0.0931745239283931	-0.5045396493282057	-0.32560889987559427	-0.8808668460791913	-0.15477285880479563	-0.20495979402125236	-3.892027537197424	-13.528391590455362

drug_346.txt	0.0756983572260657	-0.910210093301302	-0.06541240415568741	-0.12612667762557112	-0.041898488618648325	0.1314551018691848	11.391650011103708	-0.8062630267955933

drug_347.txt	1.82575184841785	0.45128761784060606	-0.03667833725025371	-0.0691517590894758	-0.001279625178865115	0.19062928826369255	17.923784143904065	2.39499053711919

drug_348.txt	0.071007774053206	-0.42863074517947614	-0.34195556138465816	-0.8944731905649386	-0.15191837914252124	-0.19986441106151553	-3.0320319786808794	-8.330589209436416

drug_349.txt	-1.85889736823336	-0.2532755861435728	-0.33787171492273127	-0.8675001098465451	-0.15777615359849928	-0.20692975033794977	-7.934878969575839	-7.4750976932259405

drug_35.txt	-0.158257851318261	0.5213432651402707	-0.04320629430801218	-0.09703468921881259	-0.08796190095813033	0.08868090330992634	16.103353320008882	1.0005847722720431

drug_350.txt	-1.9207545824121	-0.5120463631914665	-0.3534090523875576	-0.9559600575688996	-0.20242171782910448	-0.21576731485741446	-3.4971352431712193	-8.24317888028757

drug_351.txt	-1.8897011625419	-0.19639755709394252	-0.3737795983250345	-0.886668765678521	-0.1781609473603811	-0.24850096190021087	-5.788194536975349	-7.48423680576641

drug_352.txt	-1.8074483512826	-0.5985356825535255	-0.28204731570926656	-0.8807652526976801	-0.10485748162234747	-0.08033217535003566	2.5377570508549856	-7.81373796851419

drug_353.txt	-1.85118037229869	-0.7821528697503528	-0.29860666240136	-0.8866976602640585	-0.1095621121488098	-0.04944576971781825	6.307910282034199	-4.8877284730716015

drug_354.txt	-1.77943798587833	-0.5695008764041027	-0.3388741872872405	-0.9366121422622435	-0.19517204186233578	-0.24980883759448944	-3.694594714634688	-7.648222656133193

drug_355.txt	-1.82005563083946	-0.9102127409794121	-0.3340041559714368	-0.9281860096972328	-0.12426802045587644	-0.09471645290840291	6.618352209638019	-3.356606841852602

drug_356.txt	-1.79768680312864	-0.29134400288310397	-0.33514282247407323	-0.873467292932344	-0.1573827475462957	-0.21187712570899186	-7.580963801909838	-11.981741637377452

drug_357.txt	-1.76468868126382	-0.5487840813160667	-0.35267137752349753	-0.9696626771474384	-0.1773845708156234	-0.23085187519076333	0.7253564290473018	-9.45459211199926

drug_358.txt	-1.6491334426931	-0.6614657452364212	-0.33346345681419254	-0.9596886985666344	-0.12977986434393599	-0.1353292368386227	1.250455252054186	-4.770190415431708

drug_359.txt	-1.85445403323586	0.6091389774024749	-0.06016482140669693	-0.16381780845946609	-0.02599442779383985	0.09938082005790722	13.19727292915834	-1.373174800090245

drug_36.txt	-1.80365404274541	0.7370100261788535	-0.044059136915424874	-0.07760527021331426	-0.09036841946088633	0.07275925426119201	14.510202087497223	-0.18277125321251247

drug_360.txt	-1.87589330290279	-0.5805315230714798	-0.3537934453212376	-0.9909781782014531	-0.198127427779969	-0.21838942361509947	0.4966822118587608	-6.550045617763857

drug_361.txt	-1.8210755295628	-0.5108200591995748	-0.3152859540755559	-0.894777087033503	-0.140022595018996	-0.21432403229695748	-0.5098556517876971	-8.172222845437906

drug_362.txt	-1.79092313910087	-0.5718086342704294	-0.3613553374748779	-0.9589482363386364	-0.18154533441685025	-0.23073737418594756	-2.1033533200088828	-9.532712188682057

drug_363.txt	-0.0875971756650739	0.7686812564483234	-0.06617450599860789	-0.14023983386412311	-0.043952389132733145	0.08266435985661434	13.11372862536087	-1.353840765462905

drug_364.txt	-0.0672277298338207	0.70991482406069	-0.05524494245293368	-0.12824572108151536	-0.02844823267978152	0.05296823079873303	10.120595158783033	-3.784751909474826

drug_365.txt	-1.8369303188075	-0.8611375801410879	-0.3092911639004864	-0.8903574049621585	-0.08045977473064837	0.011572183290304662	9.609353764157229	-3.7260985675321527

drug_366.txt	-1.8800370872263	-0.6844489792788067	-0.32995290363902363	-0.8768789520603995	-0.11734544074642773	-0.17768675264517836	0.0545414168332223	-4.664064275672836

drug_367.txt	-1.85854789244704	0.6188667619378828	-0.0294024454215783	-0.05431804217750008	-0.0228914725782415	0.09934864832972296	13.83297357317344	-0.9166149124741795

drug_368.txt	-1.89928678410955	-0.8586369831725897	-0.29599180911147827	-0.854773982189537	-0.05155574816068627	0.0469702158370507	12.009362647124139	-1.7990237337363046

drug_369.txt	-1.74032047167344	-0.8278100620964914	-0.08321094978234422	-0.15320995625522596	-0.09844437885578905	-0.07272952878105458	3.7021985343104595	-6.955101068724907

drug_37.txt	-0.0754534864370112	0.6833788277736724	-0.07366587999278634	-0.15989609605076138	-0.08579614684351297	0.047464280933201944	11.495047745947147	-2.0329419180406254

drug_370.txt	-1.88857665882129	0.6143957445136237	-0.05853714887481515	-0.11004727565288847	-0.015359060581653747	0.12358795098673381	13.602664890073285	-0.4689319468689343

drug_371.txt	-1.85175807716996	-0.5887118263924802	-0.31423645763669955	-0.9324166293410714	-0.12930450238784572	-0.16926780420922583	2.0193471019320453	-6.724489086595807

drug_372.txt	-1.82110405819842	-0.8446167315135746	-0.07059919340888399	-0.1328881695839887	-0.08001659128280948	0.06450245371043015	14.002664890073284	-1.0980022102996443

drug_373.txt	-1.79696407769298	-0.48093264940667824	-0.34991411238715664	-0.9947504542862828	-0.23620435611150387	-0.25657030476721904	-6.705787252942483	-9.265741327647767

drug_374.txt	-1.8724270736752	-0.732122471983515	-0.24164845523790413	-0.9148882868831135	-0.07286463324815852	-0.023078092753584436	7.887266266933156	-1.6934052564967652

drug_375.txt	-1.79838813208758	-0.7965621043251812	-0.25755796313858814	-0.9642723756259866	-0.0973837994201619	-0.05854978299621497	5.843739729069509	-2.601488627443399

drug_376.txt	-1.83954782112545	-0.7541111217732956	-0.08425793811889781	-0.1927562796548172	-0.1296283806556736	-0.10018744267627298	2.5815056628914057	-5.306440136538389

drug_377.txt	-1.80305018662482	-0.41079411947429406	-0.36815300328327827	-0.915495821698282	-0.2775709718048389	-0.2907742940033589	-3.9341594492560517	-8.881152504023497

drug_378.txt	-1.82547131683427	-0.6391640870434085	-0.33839774664864136	-1.4890057900866775	-0.2571859257167479	-0.2547037214730571	-2.585920497446147	-5.833030142660814

drug_379.txt	-1.71380548225281	-0.7290740771830844	-0.27624315180727044	-0.9217371311625404	-0.11313044503964902	-0.09880384240816419	7.3488341105929385	-5.983079636017363

drug_38.txt	-1.60135748757816	0.613737585230081	-0.06621087963567923	-0.12627916627517188	-0.09351287991579763	0.0680782482942389	15.285294248278925	0.34811383172699284

drug_380.txt	-1.75930390129092	-0.7336972842265805	-0.30203327766145965	-0.8748205058917836	-0.09150703064425561	-0.07824429956355555	6.909518099045081	-5.058983371957373

drug_381.txt	-1.71089080664717	-0.6661994924961452	-0.33376905134082246	-0.9576709160863556	-0.12927568249736676	-0.14397107028795597	5.099737952476127	-6.005612363983051

drug_382.txt	-1.82087582911347	0.5742422951295474	-0.07053594805002797	-0.14875402725750317	-0.03142375754270617	0.1488704996806208	19.573422163002444	5.509537521668239

drug_383.txt	-0.103744383424863	-0.7471050309902046	-0.3448900466299736	-0.942378175439995	-0.1507165518671159	-0.12465496841685945	7.698103486564513	-3.0549628366669705

drug_384.txt	-0.0176972636283669	-0.48637011767045685	-0.37849611974991904	-1.009125869239405	-0.23406890511091935	-0.2741002423178571	0.3625938263379969	-9.172109118181735

drug_385.txt	-1.94426931032023	-0.39559180338923383	-0.3482165182994559	-0.9816550064000664	-0.21076965495305355	-0.2611242437169978	-3.2939551410170997	-9.873271291430376

drug_386.txt	-1.82061431662031	-0.5159646580419318	-0.35974249484228793	-0.995180727052386	-0.2080248437775154	-0.24975220838073175	1.8553408838552077	-5.205836512641162

drug_387.txt	-1.69934384138079	-0.5743553456027356	-0.3288309574514977	-1.008901935615757	-0.218069247846405	-0.22502976634574595	2.1012036420164333	-5.405731804639635

drug_388.txt	-1.85638684829898	-0.5926875963929846	-0.3649252570369739	-0.9923279446738444	-0.20260697923411336	-0.19684338123512893	2.808403286697757	-4.973849224948515

drug_389.txt	-1.88997456196657	-0.5470457546165258	-0.3401015896457415	-0.9841832038027533	-0.18802980478667958	-0.16295551404019523	2.0121341328003552	-4.843745265880356

drug_39.txt	-1.88118774219623	0.6215833560551548	-0.06152901907841679	-0.14090804255444905	-0.08650338124123011	0.06371771160913652	13.984126138130135	1.4080943641541288

drug_390.txt	-1.86248722154863	-0.5539541970212654	-0.361046157282905	-0.9845473088395411	-0.23978832317718418	-0.25574809557939165	0.3534177215189873	-5.422984486197692

drug_391.txt	-1.74788293749851	-0.9428095416211978	-0.09330798074209357	-0.17585917884512905	-0.09692620821158295	-0.053078120729404765	14.987848101265822	-0.3330579116273213

drug_392.txt	-1.78912108028434	-0.8763738759784218	-0.3211783987075427	-0.8903263479026255	-0.11651942591154128	-0.17190528946969905	3.684414834554741	-10.878415182799857

drug_393.txt	1.80155243325488	-0.9704174798196401	-0.08246601657555669	-0.14739444087722237	-0.10758539487893647	-0.08760913523402578	5.039324894514768	-6.6257199376609845

drug_394.txt	1.7109383543732	-0.7956246636450569	-0.3355126917380174	-0.9118333170991895	-0.11835893846173111	-0.05693876170349715	9.161812125249833	-2.82314949830504

drug_395.txt	0.120350426740841	-0.8364496024132994	-0.09332795346656544	-0.184909652169907	-0.14936517815135297	-0.1595127312926586	-0.843775260937153	-8.582146475423698

drug_396.txt	-1.89536647409838	-0.5540585227913983	-0.3598769796315593	-1.0905098309431411	-0.24180181154016844	-0.24640254156490846	1.1032733733066844	-6.8741079141704775

drug_397.txt	-1.78680075125407	1.065125573251761	-0.08736035231561409	-0.1523901810989748	-0.1293607614472706	-0.011028659344506609	12.978032422829225	0.8658268256962076

drug_398.txt	0.134027530133371	-0.5570869391247459	-0.3550015157508638	-1.0237861031224442	-0.2000072663224355	-0.20006057103372168	2.3830957139684656	-4.380302068386545

drug_399.txt	-1.66534483988303	-0.3764554899123906	-0.3781204154981286	-0.9531906461785131	-0.20611024372122688	-0.288031136961326	-3.0478436597823673	-8.901696295699605

drug_4.txt	0.0544516558495589	0.6564617353617768	-0.033115057317849084	-0.0859582826498691	0.01816146771576411	0.06443819619134568	14.793684210526315	-1.1244873254530836

drug_40.txt	-0.00257708675082613	0.6658044716988186	-0.06217473464993298	-0.14965632409590746	-0.07029370588387332	0.09502438640746946	14.68338441039307	0.7470786053249446

drug_400.txt	0.0705964862230464	-0.6188093827423835	-0.3369519714163267	-0.8972515846842659	-0.137788567208781	-0.20504596522915455	-3.6494692427270707	-14.566538983817125

drug_401.txt	-1.77743384922616	-0.5365494513840389	-0.3105021914856736	-1.3974474503117813	-0.20292123917116753	-0.1619319501320859	-4.08842993559849	-5.087424154788176

drug_402.txt	0.0953854931887883	-0.3848025613820327	-0.3932628615493479	-0.8863180178514252	-0.15870832661840376	-0.2531759530030747	-3.922895847212969	-6.77530735442737

drug_403.txt	-1.89822409243278	-0.6410526765333744	-0.3449547910747498	-0.9728217540327102	-0.18565922282712363	-0.20628650314827265	3.689913391072618	-5.5054230155208845

drug_404.txt	-1.78885956779117	-0.5860213098177074	-0.3461890914697227	-0.9104074264765922	-0.1426942279826353	-0.22608694731323845	-3.229180546302465	-9.864484466820555

drug_405.txt	-1.70688491072914	-0.37171003141824477	-0.38941304429677887	-0.9333964099324045	-0.23449323739772607	-0.22718496693834347	-2.37133466577837	-12.11984306159039

drug_406.txt	-0.0203718232175546	-0.5161960105504777	-0.32107074481461173	-0.9416576684049646	-0.17208045093710034	-0.22590109821026252	-1.3593604263824117	-8.722937036680083

drug_407.txt	-1.8264698190809	-0.6216338544653071	-0.3102148109615621	-0.8783187967596928	-0.19102332733643942	-0.21321383874454952	4.700937153009105	-4.960670067394659

drug_408.txt	-1.87285024843687	0.6629802298193005	-0.049111203846662566	-0.09757591784629555	-0.05342072110328794	0.0787674964524533	20.11842771485676	3.316282064262453

drug_409.txt	-1.86541140669947	-0.5906804905348214	-0.3215503167737367	-0.8486611528239778	-0.16245066622886128	-0.271339048049971	0.43356873195647344	-7.147322786646372

drug_41.txt	-1.6110905070965	0.46682621408218383	-0.035782280095342706	-0.07665714195086032	-0.05043576624096857	0.10206203974255684	15.409193870752832	0.7953897770196748

drug_410.txt	-1.87961628985094	-0.6656722347987848	-0.3360653790530261	-0.9026123623495447	-0.16340217094528808	-0.22562102226469102	2.551721074838996	-5.633379823782906

drug_411.txt	-1.80724865083327	-0.9137164705414105	-0.32905336454468637	-0.877359998986383	-0.11168975390541135	0.05257875842236899	11.33799689096158	-1.209455930959873

drug_412.txt	-1.85682190999215	-0.8694570970094773	-0.3109229426910899	-0.8216830837640094	-0.12282901290218025	-0.20584941240261032	-1.016993115700644	-9.594864556318594

drug_413.txt	-1.82816727290017	0.23474635237569133	0.012739821981327643	0.024227239293627856	0.02847768015767864	0.2154945777900967	24.65031312458361	4.1883573043863285

drug_414.txt	-0.120262463447686	-0.7884199925241262	-0.3111413075213003	-0.8744136895664912	-0.1366746396878756	-0.11442996161047686	7.079085054408172	-3.538176848261463

drug_415.txt	-1.90942158191285	-0.7565000443470011	-0.3401955461422238	-0.8990253803685601	-0.16158203118483466	-0.18281029282546168	6.667377304019542	-9.994630719216685

drug_416.txt	-1.86423935525284	-0.8413798274410547	-0.3263550768647146	-0.9101114717881573	-0.12480408523130501	-0.031213455413267265	8.30659560293138	-4.1920440400103836

drug_417.txt	-1.85582578513183	-0.9106578129064677	-0.308947437971485	-0.8706945619862836	-0.09977800614108669	0.03428193404865577	10.159431490117699	-2.5947535353231235

drug_418.txt	-1.92449896583696	-0.8420426594746042	-0.30823942254554026	-0.8597923880526004	-0.10791010426964563	0.022663957569295193	9.960017765933822	-1.8855909915240172

drug_419.txt	-1.85013432232603	-0.8325337457548938	-0.3144806569003722	-0.8856709800805851	-0.11372720502297125	0.03825624641756543	12.974106151454587	-1.62393535514075

drug_42.txt	0.183313125549771	0.7796164656948114	-0.08783497218710579	-0.1592661790110158	-0.13579723076202324	0.09058674038030765	17.06021763268932	1.2540495824705444

drug_420.txt	-1.79076147683237	0.7585996351053479	-0.2610144722143507	-0.8487980525907408	-0.07496871448031711	-0.014746987586029298	10.209407061958695	-0.7738906906862582

drug_421.txt	-1.84791384352043	-0.8842421365792733	0.043792953052219474	0.0	-0.07282561585169545	-0.0032447302843355316	10.936220297579391	-1.11683624427963

drug_422.txt	-1.77107909564225	-0.4028327710719452	-0.36516572000539044	-0.8865298378626507	-0.20053353488105133	-0.31835477801734546	-4.454878969575838	-9.7049026857945

drug_423.txt	-1.94367020897226	-0.7980210753847872	-0.36145161904715034	-0.8738661661483141	-0.13438945546143685	-0.018610344779354266	13.321794359316012	-0.3291450088988426

drug_424.txt	-1.8668806314338	-0.9172807308166893	-0.2883107632674049	-0.8344392248915151	-0.10393690729947165	-0.15075936655548558	6.278330002220741	-3.7143522356006913

drug_425.txt	-1.76930556546133	-0.6281762427548314	-0.31809555523239985	-0.9538360851101428	-0.20862562554309397	-0.22256934287494032	1.7393648678658673	-8.625716650695987

drug_426.txt	-1.84860804032047	-0.5443999877539918	-0.3300384967483533	-0.8473169205103408	-0.14433375427210854	-0.21952756329615403	1.74885187652676	-8.66132247677537

drug_427.txt	-1.84936167177805	-0.6968942803995628	-0.3079989515871089	-0.8451836411664826	-0.13292654876325766	-0.18914495649172583	3.708674217188541	-9.382308211534797

drug_428.txt	-1.91039393291016	-0.715775744799972	-0.27694540544480395	-0.8862451206227273	-0.13409019631502583	-0.10470292143244876	8.510433044636908	-4.83399049164069

drug_429.txt	-1.91468749257067	-0.7366851023799104	-0.32897006167653275	-0.8522756081743678	-0.1255825429307293	-0.026930007982508202	13.397956917610482	-0.7214844999545631

drug_43.txt	0.0988659867341845	0.8683902262692186	-0.014581995220904309	-0.01393896735706307	-0.10570268559757866	-0.04923206353492046	9.930055518543194	-1.222979149560372

drug_430.txt	-1.86171694838694	-0.5858460852023295	-0.3495598687214182	-0.9846151742782061	-0.2669402630264042	-0.27950527431253874	2.1110015545192096	-4.690821985401186

drug_431.txt	-1.90535149656468	-0.8394595885514893	0.050465310843534616	0.0	-0.0379329705072297	0.06443555096489563	18.106844326004886	1.4985960524841373

drug_432.txt	-1.82946532582079	-0.9135165699171454	-0.29325147603814855	-0.8284033763512235	-0.06983242106500685	0.08770272448375462	12.890712858094604	0.05434033282110746

drug_433.txt	-1.81835817702018	0.8973861150554685	-0.0368897787988027	-0.07426551299727302	-0.06399575529260651	0.04264421492440791	9.52834110592938	-1.416186806718009

drug_434.txt	-0.0667165917789982	-1.06631752188297	-0.07395001544674204	-0.168375556938985	-0.06698485314506322	0.05721786476409278	7.469242727070841	-0.9184669623738482

drug_435.txt	-1.90198274017545	-0.7339571723467178	-0.29262913284825864	-0.8297606831981117	-0.13094637972260834	-0.20103661122663685	-3.9173528758605376	-14.5682243338958

drug_436.txt	-1.77259824548891	-0.5968268700124261	-0.3333384468878152	-1.3542086069872736	-0.24320572870393678	-0.25076028656066635	4.739897845880524	-7.287503900393054

drug_437.txt	1.78068373630031	0.40419367004775936	-0.03432157527392998	-0.08561325516684581	-0.042000100467720625	0.1529760253273798	22.8865733955141	4.160701870538856

drug_438.txt	-0.207262915151083	0.8244460867243943	-0.06565792053232758	-0.12542545015344042	-0.13250440655082826	0.009403917416501118	15.716322451698867	0.8803417200362147

drug_439.txt	-0.0900316192378099	0.827673984269332	-0.06997000971541648	-0.13644125079232805	-0.15030855594268056	0.058336038510414245	20.10230512991339	5.53573706830291

drug_44.txt	-1.78108789197157	0.6263680843852157	-0.07907981679186055	-0.1616306374096077	-0.10591848969055834	0.06327090547531733	15.986364645791694	0.49533038593157985

drug_440.txt	-0.0404417183748187	0.935533886726877	-0.08329720058576742	-0.17468910473731775	-0.13788569958805916	-0.005486927885558021	16.375678436597823	1.3201017851990102

drug_441.txt	-0.179804103368756	-0.8921329634260721	-0.08141130601776453	-0.19975478776953032	-0.11567397704608698	-0.04172735912746262	13.524601376859872	1.131475964101159

drug_442.txt	-1.64931174666572	0.3730134821585272	-0.026790807080037865	-0.05612882726515195	0.0034531463658474624	0.20260852397506826	22.774692427270708	6.140765492241926

drug_443.txt	-1.83164776644557	0.6025465680713767	-0.03581965690068048	-0.08235146100017743	-0.04590848067430586	0.09944114619388969	15.99174772373973	1.1099312696267731

drug_444.txt	-0.0935406414188242	0.4761038836088336	-0.032829856475750874	-0.07734749517561429	-0.018093494112172624	0.14433392426241476	20.175029980013324	2.1155788903480652

drug_445.txt	-0.125143237524665	0.5666757819225602	-0.004540605452698354	0.002304107254048171	-0.03462561098232036	0.12126288760308963	20.192955807239617	2.6228331601259693

drug_446.txt	-0.123709673584861	0.9032807939769201	-0.08560032520967761	-0.21552667603242054	-0.13595749260423728	-0.047368343591028594	14.343646457916945	0.6105024040685627

drug_447.txt	-1.8564248864798	0.29972124158711433	-0.013245677581029486	-0.008612942489784281	-0.008502471368265263	0.18145669230743083	24.57331556739951	8.691289162304269

drug_448.txt	-1.86709697358724	-0.7897199306222336	-0.1202788250148662	-0.2765514583165676	-0.15091426878008085	-0.023840991448971297	7.098210082167444	-2.566141016355186

drug_449.txt	0.0314694624729572	-0.6201075317786853	-0.3184530643029538	-1.1994470840622942	-0.24131244442212652	-0.19431526882120936	-0.4102509438152343	-9.626120991655272

drug_45.txt	1.7654565770392	0.6408608140500491	-0.07140471674014004	-0.15136255456943404	-0.08462310386538158	0.09245590427714825	15.551259160559628	0.9724149872785073

drug_450.txt	1.8011031072439	-0.7564635830897778	-0.11914799020301384	-0.24620504233890744	-0.2051556608569786	-0.14665678412248487	3.2323162336220297	-5.706838245932474

drug_451.txt	-1.83812614411716	-0.8868890334217028	-0.10396972439591604	-0.21934400247713848	-0.15138131055837578	-0.05388345357407053	7.880923828558738	-2.842284403637243

drug_452.txt	1.78347954259088	-0.8676595895410412	-0.1117904936698593	-0.3135504161887544	-0.16531702782018823	-0.08453035832875407	10.802780368643127	-3.546566066058614

drug_453.txt	-0.0418277345885933	0.7042398663838818	-0.06847263445515078	-0.14286587717122967	-0.1213178915536678	0.055415729905990974	15.848314457028648	1.5649035733569625

drug_454.txt	-0.0439864013503554	0.7566441642223555	-0.07539930268164396	-0.16913534856049695	-0.13485349075689765	0.027469382168988688	18.062873639795693	1.5052576501113277

drug_455.txt	-1.77852982431115	0.679691011389287	-0.03991758969499018	-0.0831380026709409	-0.10970673456371757	0.09112819696621946	22.88234510326449	4.457778039485876

drug_456.txt	-0.132703325963436	0.5261014238964118	-0.03312250285639953	-0.07900876155106556	-0.06487726310761685	0.15576462452007053	22.19035309793471	4.337939282990598

drug_457.txt	-1.68133276276062	0.6958063058123827	-0.051246966481563155	-0.10381508278390594	-0.1041439308744833	0.10420212790016928	21.082940262047522	3.092692247781906

drug_458.txt	0.124211302094477	0.7778201778486669	-0.0757754988538947	-0.14646081228504337	-0.11659139642847687	0.08774359450997711	17.28523206751055	2.07760367904094

drug_459.txt	-1.79284406723248	0.5813496689692395	-0.05560649612446636	-0.10178613557209226	-0.097984705150485	0.12005265041902706	21.21855651787697	4.593421820628486

drug_46.txt	0.00387038489884228	0.6401428150632595	-0.08651412684320683	-0.1910041470388964	-0.08069279451675912	0.06747115153238199	12.788425494115035	-0.7139994538745245

drug_460.txt	-1.810928844828	0.8578656605386219	-0.06775468677607693	-0.14547157520277482	-0.15156984698094048	0.05029346524785063	21.463300022207417	4.479758578372026

drug_461.txt	-0.135249506692342	0.5961495253404757	-0.030070057219723473	-0.05880028823743366	-0.07598278795889804	0.10806465452318041	20.63341772151899	3.302999269982837

drug_462.txt	-1.62184104795188	0.7813715467002631	-0.09121350568412712	-0.20105721430719908	-0.1440969689514578	0.04137100889207902	11.790974905618476	-1.8828210169876822

drug_463.txt	-0.0763022133466467	0.634934503615026	-0.04322815071307387	-0.08148529234345014	-0.09977155571369471	0.07912279637453946	20.65097934710193	3.4328481334743692

drug_464.txt	-0.149656467679433	0.5763485662270605	-0.05575580063208346	-0.11881534752370382	-0.12251259280142597	0.09186795528376203	19.32245169886742	3.056656597206961

drug_465.txt	-1.84562917528469	0.5087439582790473	-0.04830406056011796	-0.09242017885393472	-0.1195643905147879	0.07914008726230601	20.173848545414167	3.506517243063905

drug_466.txt	-0.0325012481278083	-0.4490100674143185	0.0032705039930006896	0.0	-0.08728917164708823	-0.16140564427777385	-3.7516055962691537	-9.068288500153034

drug_467.txt	-0.132879252549747	-0.21814147974231318	-0.06366241878552956	0.1192046276441121	-0.15828427548027352	-0.22000949663175906	-4.166617810348656	-7.861234041021052

drug_468.txt	-1.88595677911704	-0.523962477476407	-0.2878860499038546	-0.8971909136860015	-0.15529956318493346	-0.17265310443698045	-6.407914723517655	-9.310117801837402

drug_469.txt	-0.122494829184794	-0.20012188330801658	-0.3295510528787502	-0.8856418582156702	-0.16937782891951497	-0.28526536982410594	-5.54753719742394	-6.565355760391057

drug_47.txt	-1.88598055298005	0.8082266393802017	-0.09170368311473537	-0.20208377743900524	-0.09668401702158388	0.04079115612342765	10.854772373972907	-0.5744919163990563

drug_470.txt	-1.91950645460381	-0.49824937029188765	-0.31087501309315024	-0.9512880374725934	-0.18365181545238662	-0.2260212024203772	-7.4594359316011545	-5.911309571421676

drug_471.txt	-1.8180586263462	-0.37353035468060974	-0.29753871901622597	-0.8424375560748028	-0.13952938326603825	-0.1838422851706358	-8.007834776815457	-12.19670806747344

drug_472.txt	-0.0444832750873689	-0.7088504532530366	0.05468760784975077	0.0945568381290185	-0.05312744312253217	-0.05576267225464926	-4.492800355318677	-11.86750665734942

drug_473.txt	0.00708936595107346	0.7972587604941724	0.29603170862350614	0.7216085684400837	-0.02431620084145502	-0.04376372677227007	8.656353542083055	-3.316171350383494

drug_474.txt	0.0226660009985022	-0.8450895726610315	-0.04718010969079266	-0.11505019593714602	-0.0428884033077082	-0.06817774338016892	4.752529424827893	-5.1236332198911185

drug_475.txt	-1.75860970449088	-0.755607910114045	-0.07271813897611114	-0.19550443649011945	-0.0867474431494686	-0.10697682973679831	3.7464001776593383	-7.011743029679982

drug_476.txt	-1.79220930508998	-0.4526614238134376	-0.2942076340695131	-0.8422021705481211	-0.16273814576627707	-0.23724737084410297	-2.2365356429047303	-5.6767834497029375

drug_477.txt	-1.85780614792098	-0.5420200656119966	0.014975479850009438	0.1252495958737575	-0.10879983979170017	-0.1563887223466913	-2.268638685320897	-8.60266252522838

drug_478.txt	0.0569027411264057	-0.45412794018247354	-0.011941608202638537	-0.038141690679276474	-0.13742024311432138	-0.2105245538734156	-1.5477592715967132	-7.705950827244779

drug_479.txt	-0.0787319021467798	-0.4666273266973307	-0.0029856624247924513	0.14462261802271714	-0.1212702365498854	-0.1848520885262392	-1.2653608705307573	-6.0523613447603175

drug_48.txt	0.0364714832513136	0.6729109108525301	-0.057188264339129324	-0.12334396172524087	-0.08229592110559648	0.06396128857194411	9.760168776371309	-2.465400976672558

drug_480.txt	-0.0201697453819271	-0.42716288935989977	-0.3065567216952927	-0.8503461772294101	-0.1288268568089412	-0.22194297454956252	-3.8403819675771707	-8.539050408265938

drug_481.txt	-1.92230226089437	-0.24392770404715972	-0.011215070327157045	0.0	-0.09649951559775233	-0.20012135665184722	-4.969033977348435	-10.30644580161853

drug_482.txt	-0.0537693459810284	-0.41203017691109084	-0.007068417251079678	0.0	-0.10150708364384897	-0.14403985568643105	-5.712849211636686	-12.771674188894071

drug_483.txt	-1.78865273518294	-0.34617622376745205	-0.011105982777270484	0.0	-0.12199410550269077	-0.2112233977608298	-3.5131867643793027	-7.848456303209916

drug_484.txt	-1.86664289280365	-0.45946807732835104	-0.2836514306350326	-0.830749814906939	-0.11054039291401091	-0.16874730175424624	-4.039742393959583	-8.756510489223976

drug_485.txt	-1.78458264983477	-0.4378387184649944	-0.002809061396228274	0.0	-0.1013391948786676	-0.13893519359147644	-3.5410170997113037	-7.243548548592792

drug_486.txt	-0.072890664003994	-0.41317139536873027	-0.3307465450511256	-0.839361473914668	-0.15110074914569943	-0.2224857346007961	-5.410695092160782	-7.400223125182714

drug_487.txt	-1.87245084753822	-0.34111686945427877	-0.3201152229699624	-0.8736185203121833	-0.15073847316954717	-0.2394806442979009	-5.298369975571841	-10.074555052617402

drug_488.txt	-0.0418871692461308	-0.5075249501023285	0.025694719068973026	0.0	-0.09075310076467749	-0.1886485724082023	-4.136602265156562	-10.905914998583661

drug_489.txt	-0.00716306492641983	-0.5440866907612439	0.028202275305917568	0.2542747878545167	-0.07355401663651229	-0.1443441785003827	-4.170650677326227	-9.74413670322813

drug_49.txt	0.0475049330765757	0.6883466037602655	-0.10530706735620615	-0.1959660909226451	-0.14118567026543177	0.0167167839165088	8.830752831445702	-2.519690237597123

drug_490.txt	-1.85270665430426	-0.6250664650777594	0.030362278390213396	0.0	-0.0716989517463176	-0.14935624318869659	-4.8934576948700865	-7.782384675693832

drug_491.txt	-1.92275158690536	-0.6495917169435155	-0.27773027411164486	-0.8415087633309632	-0.1111826701465641	-0.1436336105062055	-3.361065956029314	-8.089180506128416

drug_492.txt	-1.83947649953641	-0.6206459567880172	0.03372501519197152	0.0	-0.07187540055399595	-0.15220782491218685	-5.9737685987119695	-10.121779514111463

drug_493.txt	-1.84821339419442	-0.4493434040474815	-0.2863172775440034	-0.8545649759311801	-0.11407812882698952	-0.1840420447152072	-3.6088207861425716	-10.563137807637421

drug_494.txt	-1.83563226588688	-0.5062490692862935	-0.3763399337605705	-1.643531255100918	-0.30108274597383455	-0.3436141485852749	-6.277495003331112	-5.622627517290265

drug_495.txt	7.60763616480808e-05	-0.5586666053887694	-0.317418945861608	-0.911133777360145	-0.15788201897322413	-0.17158126929311743	-4.158019098378858	-8.03744362381313

drug_496.txt	-1.84217245560231	-0.4633444286054471	-0.3092743858949955	-0.8803754471069644	-0.15231143617795656	-0.18955682328753104	-2.961723295580724	-9.413913946189505

drug_5.txt	-0.036198083826641	0.7345620959463222	-0.2473965757634704	-0.887172392298796	-0.08485274102371652	-0.01607984380157355	10.150841661114812	-5.834904776960327

drug_50.txt	0.0702707842997409	0.607188867490911	-0.09359729023623231	-0.19975880164670634	-0.09672919300403027	0.04152317330720953	11.335243171219187	-2.312712007008189

drug_51.txt	-0.117996814302356	-0.8939862440908104	-0.11955502227543555	-0.2490146396104012	-0.16994567392977014	-0.03656848999253453	9.284858982900289	-1.9695762924078792

drug_52.txt	0.0293844946865417	-0.5641052121522757	-0.11469967630052308	-0.22337525916587103	-0.20550712456479162	-0.20033643205598925	1.092009771263602	-7.632196442954735

drug_53.txt	-1.81573354254333	-0.644807719107344	-0.07742677557642333	-0.15236940258229553	-0.1726419474576613	-0.1718589928416122	-1.8829224961137019	-10.240133419318012

drug_54.txt	0.11011102394028	0.6475497117982214	-0.05621070292861527	-0.11266784765503979	-0.04412778488492011	0.09177439306758918	13.241048190095492	-1.2699640086590034

drug_55.txt	-1.84054870075839	0.4625243277277682	-0.03324438310807756	-0.06871478189447161	-0.041579881572492074	0.12009340289109614	17.18330002220742	1.9234718981395729

drug_56.txt	-1.76202363121984	0.6128297075074007	-0.06270670551965155	-0.1417619299706025	-0.07441722336868928	0.01619140368376219	12.244894514767932	-1.6962081372186322

drug_57.txt	-0.0445070489503839	0.5818379637469098	-0.07378322402459786	-0.15428668119516648	-0.06674200520560687	0.08865815656411757	14.214630246502331	-0.905234282664497

drug_58.txt	-1.85048379811236	0.6171985163994179	-0.07511070250186849	-0.14140337654068724	-0.06672249660626768	0.11780044592367388	15.802469464801243	-0.32275091843543974

drug_59.txt	0.0875092123719182	0.802193592000658	-0.10246385265549587	-0.19774561194336998	-0.09315619175552006	0.07619789946500972	14.001314679102821	-1.8111525604787913

drug_6.txt	-0.0453320019970045	0.5437460566520274	0.24299904166540304	0.7580537953556874	0.019352836651104675	0.07841119430628864	14.820404174994447	-0.26967756190712633

drug_60.txt	0.0568551934003756	0.5797346336365907	-0.06860863823577071	-0.1476037819233571	-0.06168656942265387	0.051109552336000896	12.763384410393071	-4.645567982271685

drug_61.txt	-0.110886051874569	0.8228512639943667	-0.09424279550901699	-0.18461365938309382	-0.1337418304100254	-0.07226122359420778	6.560515212080835	-4.900111792563782

drug_62.txt	-1.75299907281934	0.7989284546528019	-0.07822801788414804	-0.15637913758891508	-0.07822198814435773	-0.015892029337674734	7.112751499000666	-4.666001276001809

drug_63.txt	-1.83251075767301	0.9537064579909673	-0.04931179465408572	-0.09416461443992441	-0.11342625807588132	-0.059223023153192965	11.291849877859205	-2.488560212015542

drug_64.txt	0.00601716472909686	-0.9224045346720005	-0.06574175435797408	-0.12221953630795224	-0.13588006531034555	-0.0322497177815477	7.269340439706862	-4.312688967103154

drug_65.txt	0.0957825167011388	-0.7083256255942705	-0.1089122841678192	-0.20394287331601035	-0.18904290978634228	-0.19400114423054096	-1.7569975571840994	-9.35715946012117

drug_66.txt	0.0765637258398117	-0.47663736659084655	-0.1299028510273077	-0.2849922889195814	-0.20238314194386234	-0.2625086151379033	-3.198285587386187	-10.089816125665005

drug_67.txt	-0.0190452416613175	-0.7350882186227109	-0.08776848110795063	-0.16051176893403768	-0.1432974839048816	-0.10578249895888103	3.865254274927826	-5.762047729938573

drug_68.txt	-0.182343151938758	0.9088346188925027	-0.05241968880120909	-0.1057888238529695	-0.0899124353284594	0.09151895757562421	13.912804796802131	-1.1740093183719675

drug_69.txt	-1.90485224544136	0.8076686221416456	-0.03414434647202494	-0.057257136950584986	-0.0966963325942077	0.06326512207668494	15.279395958250056	-0.16914558730496118

drug_7.txt	-1.77298100468345	0.7130236218758442	-0.030354389951136748	-0.06991245665289963	0.004352063331738709	0.0434603267761953	13.346035976015989	-1.6531842154115552

drug_70.txt	-1.86102988374581	-0.5394627636958449	-0.30049492408390077	-0.9278665253134284	-0.13325712468642298	-0.1430816603466098	0.8283100155451921	-7.026707095380676

drug_71.txt	-1.7931816560873	-0.5816352646898866	-0.3092161264210002	-0.9891634762163651	-0.16247294568609794	-0.13844353102362775	3.3103442149677993	-4.993572959047975

drug_72.txt	0.00345909706868275	-0.5359398935130293	-0.30358635553790897	-0.933351129871381	-0.1277841867800305	-0.11120822990595026	-0.23468798578725295	-9.642820519208662

drug_73.txt	-1.76946722772983	-0.48933612974861096	-0.31504845164021567	-0.9648310874565511	-0.14490797199173805	-0.15239190480211828	-0.3343815234288252	-9.937137731735353

drug_74.txt	-1.87096498109978	-0.49857415738499267	-0.3120309433988653	-0.9398317607013105	-0.14836342638753644	-0.14886878764431863	0.7535243171219187	-6.885450210249374

drug_75.txt	-1.88599243991156	-0.5038156849000148	-0.3185078726756509	-0.956778354617708	-0.15604592027118927	-0.15197513703775348	1.8251210304241616	-8.121860761857405

drug_76.txt	0.0325155124456172	-0.45562514230484963	-0.344816976267601	-1.00058567440049	-0.19365846507162415	-0.21447003554674945	1.000177659338219	-6.22788106411999

drug_77.txt	-0.00182107790694908	0.6304391638427038	-0.05427372293683866	-0.11474557267090035	-0.05347279805809313	0.04561791996823615	10.137721518987341	-2.5772945810401335

drug_78.txt	1.75412357653995	0.6912899518940459	-0.043670429359252666	-0.09051761960494009	-0.06189549626966286	0.0379913900610837	7.841625582944704	-4.600502603128813

drug_79.txt	-0.0353493569170054	-0.42375879242343206	-0.29605668514886624	-0.9983617446786017	-0.16041029821174524	-0.12562129822505144	-2.983708638685321	-9.540499166337579

drug_8.txt	0.0609395430663529	0.6053832283050667	0.2605868145341775	0.8119529462438162	0.07212227365561323	0.11325165081612286	15.803029091716633	0.3133237905547849

drug_80.txt	-1.88931127118846	0.6354003419769219	-0.06900721135899227	-0.1504304316550507	-0.06559418428630766	0.06105431516720574	10.563926271374639	-1.6921709619202752

drug_81.txt	0.157944036326463	0.6780445440531598	-0.08816035914045917	-0.18135913713298735	-0.09065118974716929	0.03484614755906919	10.116890961581168	-2.6548714454335887

drug_82.txt	-0.0510234648027958	0.9701919510462303	-0.09603359206564088	-0.18189961553895762	-0.12733437974292144	0.09826243965384467	15.252604930046635	-0.1650295527172231

drug_83.txt	-1.738187956161	0.8343752953009829	-0.06254586271373419	-0.1165528715177539	-0.16019368135463208	-0.12070434068476296	5.208110148789696	-5.991061357640224

drug_84.txt	-0.0792311532700949	-0.866292604744376	-0.07711747613772349	-0.14972316374683164	-0.16028334189848586	-0.12204696715110448	11.511365756162558	-3.9049315912704587

drug_85.txt	-0.0424601193447923	0.8212343072133301	-0.026082317993485732	-0.0608061548694786	-0.08981217557361056	0.016283117467736877	8.88572063069065	-2.8473085114044725

drug_86.txt	-0.0339490763854219	0.9065827587923673	-0.038340310532068544	-0.07169806853306021	-0.08870328878895556	-0.0051399666364908515	9.14772373972907	-4.174466582520554

drug_87.txt	1.643739153175	0.9292075148358225	-0.05159750684008671	-0.07736746364026864	-0.07133949411572574	0.13878973705321027	17.41255163224517	1.654490164992783

drug_88.txt	1.78183201388394	0.8446991113763861	0.0054856296851268915	0.023280461494647686	-0.03839449500940605	0.02279450644312186	3.639475904952254	-4.241352302124378

drug_89.txt	-1.74948054109312	0.9041245218685221	-0.005586876803458485	-0.009056971525206292	-0.06300848008967162	0.004655312587348666	6.102642682656007	-6.216382578184546

drug_9.txt	0.008917576016927	0.7001888257643444	-0.2806091726391072	-0.8780300225985671	-0.07857907378460051	0.052176540061164886	13.204601376859872	-1.1465234502058617

drug_90.txt	-1.8313743670209	0.998370694370406	-0.047672397510401726	-0.07174287544201119	-0.0959011087764189	0.05396253151351621	17.867039751276927	1.6066986340888922

drug_91.txt	-0.099600599101348	-1.0163166127034873	-0.05004179059842609	-0.09763301758096732	-0.1183999242876966	-0.10684007954351558	5.001083721963136	-8.867731876006777

drug_92.txt	1.71952547369422	0.8663905672597361	-0.01881646389192304	-0.03520956613018894	-0.04446464773258126	0.10575174938263163	17.983744170552963	1.0511783494412366

drug_93.txt	-1.9320115065497	0.9284354070841421	-0.06486049222736259	-0.12029865218264651	-0.08472078263230053	0.08112952196393644	17.126218076837663	0.11354996758217767

drug_94.txt	-1.8432708080736	0.8945334280432777	-0.032059104867730365	-0.06599775598680707	-0.054659888435794994	0.11524985125978336	13.752822562735954	-0.7266888665103062

drug_95.txt	-0.0522715926110834	-0.7892485485905567	-0.06488384942713712	-0.12676817703337606	-0.12329623409783437	-0.015353934955819937	6.5411681101487895	-3.4955772962965375

drug_96.txt	0.263533271521289	0.8866966382050531	-0.03866181768584198	-0.06833511015353821	-0.0695868425052275	0.12669675706414465	17.931574505884967	1.7203381653449739

drug_97.txt	0.0125074293321922	0.9200560465073501	-0.03529437323280571	-0.06274763725599941	-0.10259532592401009	-0.06833517527571005	5.4556784365978235	-5.369893452624318

drug_98.txt	-0.0297553669495757	-0.6947548298708071	-0.04649983328451905	-0.10153658359862378	-0.10129095394541406	-0.14116717139928092	-1.9195203197868087	-9.652619877315331

drug_99.txt	-1.94249578013931	0.9488882259685286	-0.02403890608449258	-0.04551776772123178	-0.0636976720079718	0.07059614444144667	11.782553852986897	-2.0885704067883513

