	SScmap	SSfisher	SSlincs	SSlincs_Norm	SSpearson_corr	SSspearman_corr	SSzhang	SSzhang_Norm
Acebutolol.txt	0.981616201337004	2.0833568199725585	-0.2997079639045328	-0.7601637244580532	0.06193588751236784	0.02955665024630542	5.421182266009852	1.332985943998842

Acetylsalicylic_acid.txt	-0.355190719622493	1.8648181179817027	0.47097203524210396	1.2013188866641529	0.1845440624506574	0.14997263273125339	-90.01970443349754	0.17730803724810162

Alprenolol.txt	-1.32038930397169	1.7017086400901484	-0.2755414907398865	-0.3527487975151342	-0.01699342672614324	0.00930487137383689	19.48768472906404	0.8067209330838162

Amiloride.txt	-0.220703893039717	2.7365286929447965	-0.006309159617068016	0.19717613480141133	0.03428185552503185	-0.0240831964969896	-70.36945812807882	0.9365431201866775

Amlodipine.txt	1.28558788832088	1.4989854185496179	0.4364944727385523	0.901123487021664	0.24046987612146398	0.13683634373289547	-55.433497536945815	0.26297308348065457

Atenolol.txt	-1.35253637436099	-2.668168094762823	-0.25359892569298753	-0.23448310846860837	-0.30749239598915723	-0.367816091954023	-23.91625615763547	0.5844753028314214

Atorvastatin.txt	-1.77909948879276	2.088636202685451	-0.38231944585837563	-0.8247082913277275	-0.3348122919161548	-0.26874657909140665	-98.84482758620689	0.21344970659760923

Benazepril.txt	-1.97031065670468	1.3759228620770183	-0.34528582005187974	-0.8811126745028451	0.0025495669319313546	0.047619047619047616	-137.19950738916256	-0.47689866198304043

Bendroflumethiazide.txt	-1.54050334250885	2.1014950067635176	-0.38356985369077345	-0.8223096919591861	-0.38583994262435706	-0.3634373289545703	-179.30295566502463	-1.709465984145349

Betaxolol.txt	-0.408867479355092	1.5394578375053862	-0.2915372729091999	-0.7450135307830373	-0.09233027571112132	-0.12698412698412698	-103.24630541871922	2.34246012119635

Bezafibrate.txt	-1.26749901690916	1.2752796006260467	-0.5216706339870956	-1.041617608246968	-0.1071237142085715	-0.11713191023535852	-158.5295566502463	-0.590802766281035

Bisoprolol.txt	1.32933543059379	1.1525061698490262	0.2926798750873232	0.3833059616801506	0.14424223671878142	0.03338806787082649	-34.49261083743843	0.5765557425255183

Bumetanide.txt	-0.329925285096343	1.2315692684343713	-0.01931701064938829	0.15598184060403625	-0.010413507832773622	-0.02681992337164751	-8.224137931034482	0.42811509400109843

Canrenoic_acid.txt	-0.0832677939441605	-2.749374115425087	-0.30189292934473	-0.4022907331052475	-0.34666690594330973	-0.31253420908593316	-35.62315270935961	0.5638516552037358

Captopril.txt	-0.0255603617774282	-2.270530115079004	-0.22943375637022284	-0.22682015416403933	-0.1937941284098122	-0.10727969348659004	-96.84975369458128	-0.25166515941718665

Carteolol.txt	1.6694848604011	0.8335592610859649	0.5117114465444518	1.178402078041346	0.351221747890738	0.37164750957854403	-53.14778325123153	0.2931091257011323

Carvedilol.txt	-1.22483287455761	-0.6019497155565279	-0.6547692279298505	-1.5714803897643115	-0.44581725520423865	-0.4428024083196497	-215.94581280788177	-1.2628992327776312

Cerivastatin.txt	0.0566260322453794	1.4515323609623292	-0.4306734012259925	-1.0406251877417474	0.14777435997195063	0.12205801860974276	-107.2192118226601	0.7476393357098656

Chlorhexidine.txt	0.0704876130554464	2.4347397221646654	-0.13281564682674002	-0.10498007943069998	-0.13179311558488987	-0.13738368910782706	-122.41871921182266	-0.28629000325979087

Chlorthalidone.txt	-1.00973259929217	1.152924665154162	-0.11860636032479155	0.058670656113402275	0.09390651771688317	0.09140667761357417	-135.564039408867	0.046824499838819394

Cilnidipine.txt	1.00776641761699	1.1565065022086038	0.4403190896466722	1.0588580863406019	0.3823992211993928	0.4143404488232074	-51.22167487684729	1.085047000840381

Cilostazol.txt	0.383798662996461	1.3394680010615736	-0.22193716302004457	-0.0724426269447731	0.1273285189585314	0.17350848385331144	-60.64039408866995	0.8439704596380821

Clofibrate.txt	0.993020055053087	-1.2415763192181717	0.11187090473046349	-0.011983640811141338	-0.045257744310094425	-0.09140667761357417	-158.7463054187192	-0.8364470122305244

Clopidogrel.txt	-0.441604404246952	-1.5782397454211115	-0.5688237855952716	-1.228636314932189	-0.2970704377812276	-0.2846195949644226	-177.11083743842366	-2.115557223230028

Cyclopenthiazide.txt	1.36698780967361	1.4465380593893258	0.4034678352875674	0.8854880116576033	0.19661395101291607	0.1330049261083744	-82.51477832512315	-0.0137335545681669

Digoxin.txt	0.332972866692882	-1.7347798259027198	-0.27076041721865785	-0.6357091440637559	0.030879738614494598	0.02463054187192118	-115.44334975369458	0.3020177231135117

Dipyridamole.txt	0.0829728666928824	1.0336708165225346	0.5181915564386415	1.032880185169406	0.11962690115109322	0.07443897099069512	-73.51231527093596	0.012415765072771758

Dobutamine.txt	-1.28617774282344	-0.813765017647386	-0.6121637519028547	-1.5067643061159792	-0.3984065593277008	-0.4570333880678708	-241.13546798029557	-2.08118204359797

Dopamine.txt	-0.273200943767204	-1.5248726052498869	0.335039887806168	0.7779925955054942	0.00027367503463587156	-0.06787082649151616	-116.76600985221675	-0.08919822525461436

Enalapril.txt	1.7625835627212	0.6893805786825962	0.5521197967489737	1.2222010726549608	0.5254261693972112	0.4991789819376027	43.01477832512315	2.089364211078695

Eprosartan.txt	1.36875737318128	1.872900143045029	0.3988104532004221	0.9186978913213772	0.3018242317946362	0.2260536398467433	32.83743842364532	1.6587194618227936

Esmolol.txt	0.328745576091231	1.8560164113096866	-0.15084895196085552	-0.0696521349766907	0.060793650229108834	0.11439518336070059	-84.46059113300493	0.5971025584571082

Etacrynic_acid.txt	-1.2558002359418	-0.8109151884131443	0.33350991301111477	0.8053509282468785	0.08074856318832038	0.06349206349206349	-119.9679802955665	-0.29686341133844113

Etilefrine.txt	-1.7978765237908	-1.557402219067137	-0.5356623525880997	-1.1912180615733217	-0.27324518606169357	-0.10673234811165844	-86.46305418719211	0.7441820534510046

Ezetimibe.txt	1.39549744396382	1.7343537976244086	0.5487600049076751	1.1975280904751158	0.18864667584843686	0.19047619047619047	-62.62068965517241	0.27274407239388304

Felodipine.txt	-0.887337790011797	-1.4906502854412929	-0.4280615948385692	-0.894884186915291	-0.11544030105266251	-0.025725232621784347	-80.4088669950739	0.16349751143412222

Fenofibrate.txt	-1.8399528116398	-1.7432182504869544	-0.1682391913597951	-0.17555770174918495	-0.2549223265509745	-0.18445539135194308	-91.4088669950739	-0.41151226675052327

Fenoldopam.txt	1.69091624066064	1.4833087908417002	0.464023495518997	1.0622249231582765	0.29676564416474555	0.3147235905856595	-24.061576354679804	0.03334590059093612

Gemfibrozil.txt	1.37770349980338	3.0116625890977167	0.3656957040705764	0.8433971883353806	0.15734124018338738	0.12643678160919541	-110.69704433497537	0.0496716157901056

Hydroflumethiazide.txt	1.91820684231223	1.819714907563165	0.24136174070904098	0.3389688245500649	0.357707759063362	0.3563218390804598	-35.73399014778325	1.6975149309823991

Iloprost.txt	-1.11561148250098	3.2405715138932916	-0.14028184487675582	-0.14494706493400517	-0.16314318367642835	-0.17515051997810618	-130.6847290640394	-0.2686952018081091

Indapamide.txt	1.5505308690523	1.218249793482479	0.5045000523660352	1.0256518296191448	-0.07463431870452228	0.0060207991242474	-185.0295566502463	-1.176032956054029

Irbesartan.txt	-1.49213527329925	-1.2969213053802675	-0.4009248909404939	-0.9087723431991301	-0.29500821917034525	-0.34537493158182814	-213.04187192118226	-1.0108913137192328

Isradipine.txt	-1.39569406213134	-1.924102704899692	-0.06984488809567026	0.01601765679340572	-0.10380018856133622	-0.11767925561029009	-53.076354679802954	0.4106771391587221

Labetalol.txt	0.424695241840346	-1.1936015086504899	-0.13793609475692412	-0.019356202572444747	-0.0552544809275502	-0.1258894362342638	-149.0270935960591	-0.45076504872101136

Losartan.txt	-0.0678332677939442	-0.8185612139642295	0.004320945790071029	-0.2527947521356079	0.008798924027145556	-0.09469074986316366	-128.08374384236453	-1.5030658974514342

Lovastatin.txt	-1.04512386944554	-2.929890922238572	-0.3021358735685016	-0.6765202900083322	0.03867659684110357	0.06349206349206349	-170.32512315270935	-0.22725501851875227

Menadione.txt	-1.37632717263075	-3.288427352561553	-0.3350589715349806	-0.6991735154255716	-0.14352498130707053	-0.20525451559934318	-68.72906403940887	1.4733809582004869

Mephentermine.txt	-0.0699960676366496	2.945940527513539	0.3369967045348772	0.7673434714744373	0.229345848266635	0.2370005473453749	19.236453201970445	3.3123306679418154

Metolazone.txt	-0.087200157294534	-1.1756157501109343	-0.6419886270710529	-1.472374084598823	-0.3225930907811129	-0.3196496989600438	-159.6256157635468	-0.7407601156627441

Metoprolol.txt	-1.01730239874164	1.4714371635843222	0.07110914938425428	-0.05618763752747835	-0.17344623040582036	-0.19211822660098524	-94.26600985221675	-0.08192998674108656

Midodrine.txt	1.66476602438065	1.5408101505378395	-0.051550772517950316	0.16624346204714485	0.2717481626830242	0.2747673782156541	29.04433497536946	0.7751455148860517

Milrinone.txt	0.573043649233189	1.8242407559907217	0.4677366044932758	0.9686708674803535	0.044241724116684006	-0.08155446086480568	-21.470443349753694	1.2435661904701805

Moexipril.txt	1.70330318521431	2.2571225915008872	0.5268161305251872	1.2174728053935997	0.2100153397186132	0.24411603721948552	-53.73645320197044	-0.2709756645979415

Nadolol.txt	1.61472670074715	3.365133439693805	0.46955609767565454	0.9897946686287394	0.4288774748490172	0.3711001642036125	1.4064039408866995	1.9212822851108944

Niacin.txt	-1.71244593000393	-1.7659166695432549	-0.4856779773837863	-1.2076345016530388	-0.4629067073014176	-0.3273125342090859	-190.807881773399	-0.801087925203243

Nicardipine.txt	-0.549449469130948	-0.8862521727707151	-0.40368707631239453	-0.955753747127412	-0.07337411254215702	-0.11986863711001641	-81.01477832512315	-0.8104371861329491

Nicotinyl_alcohol.txt	-1.07451828548958	-2.0788834555468036	-0.21676623368797007	-0.17943035389220424	-0.09199359874255221	-0.034482758620689655	-222.84729064039408	-1.5605004064268415

Nifedipine.txt	-0.374262681871805	3.271070782155835	0.29634716615295476	0.6880509439927591	-0.11425298743569698	-0.10673234811165844	50.943349753694584	2.4432879254049946

Nimodipine.txt	-1.21598505701927	-4.605170185988091	-0.3645132595491215	-0.7382449608695101	-0.10825664422959821	-0.18062397372742198	-161.7167487684729	-0.5136817162947774

Nitrendipine.txt	0.283621706645694	1.4374152692339885	0.32151801920349943	0.7298131021045591	0.1349826891542695	0.1598248494800219	-85.03694581280789	0.4981993975551395

Nitrofural.txt	1.45192685804168	-1.6714999007818634	-0.2559764917802789	-0.5942940039272677	-0.21077253279391706	-0.25998905309250137	-167.6256157635468	-1.8839857586464934

Olmesartan.txt	1.7294534014943	1.709645061505387	0.4172048211850872	0.9106546565008239	0.23093319143648985	0.15599343185550082	73.67980295566502	2.6496720391039497

Ouabain.txt	-0.0234958710184822	1.2844949148035556	-0.27213897363042355	-0.6936670178174935	0.04394929981643149	0.12972085385878487	-153.93103448275863	0.6208156822320235

Oxprenolol.txt	-0.110204482894219	2.467521290378534	0.25086085663977725	0.2730347038108454	0.19219935916615924	0.12807881773399013	-51.9064039408867	0.11523247043823105

Perindopril.txt	0.705269366889501	1.2730176830862288	-0.06842496097397893	0.07504810427130193	0.22457311099557295	0.2430213464696223	-70.5	-0.09700569846452646

Pindolol.txt	1.41889500589855	1.325182470971324	0.240851278567413	0.3262745609790287	0.31372742930443553	0.3185550082101806	-73.70689655172414	-0.9893263980162392

Piretanide.txt	1.32579630357845	0.9805409193607775	0.5972950573792934	1.3593580702781873	0.14935533950590885	0.03776683087027915	-50.52709359605911	1.1771783490020515

Practolol.txt	-1.75933936295714	-1.740776899423647	-0.009872447611925739	0.38767848769284086	0.1551405731640225	0.2889983579638752	-72.64778325123153	0.3397639541575412

Pravastatin.txt	1.02113645300826	3.525596043842802	-0.04201046087787705	0.08439726371837386	0.07742509324898376	0.08593322386425835	84.63793103448276	1.357496943744235

Probucol.txt	1.48318914667715	2.842666884551934	0.43789842675233615	0.8920469438979077	0.3733524523366718	0.28407224958949095	7.736453201970443	2.922173074797042

Propranolol.txt	-1.59683444750295	-1.6939386214196794	0.1351827693146683	0.09687843929768136	-0.16815761019813644	-0.1444991789819376	-89.7487684729064	-0.34435052510033304

Quinapril.txt	-0.126032245379473	-1.8635191933566633	0.42177032430160943	0.9049258236741611	-0.04120338223248618	0.044882320744389706	15.027093596059114	0.9603683811387423

Quinethazone.txt	0.964707038930397	-2.826265843925853	0.459034101694042	1.0300367572787086	0.13103726678385863	0.07881773399014778	-39.22906403940887	0.6583784396368906

Ramipril.txt	-1.53086905230043	-1.5401952819364393	-0.46867222658771723	-1.0223637288222387	-0.3284642995099747	-0.3185550082101806	-154.5344827586207	-1.3704244210784484

Rivaroxaban.txt	-0.016810853322847	2.1143729029458296	0.06835055936778184	-0.14854320253599895	0.03001671270031956	-0.03721948549534756	-271.91379310344826	-2.4709977899234534

Rosuvastatin.txt	0.2589461266221	1.0204739650206573	0.42954448017641533	1.086936247447884	0.28324509431615774	0.1992337164750958	-53.37931034482759	0.8170103880078226

Simvastatin.txt	1.21382225717656	-3.158034402063874	0.047344108989234523	-0.07173691575642854	-0.15698917521125552	-0.22933771209633277	-184.20689655172413	-0.9923954380242057

Sotalol.txt	0.175285096342902	-1.2844416704170336	-0.26536112619409685	-0.3668692089684029	-0.1066234264388163	-0.03667214012041598	-91.33990147783251	-0.28546811914548714

Spironolactone.txt	-0.210184821077468	-1.241834233343744	-0.35120149310175797	-0.9005709239030201	-0.1220064336788991	-0.17624521072796934	-126.72660098522168	-1.2901242258813372

Synephrine.txt	-1.57992528509634	1.803159103716144	0.1406358094693479	0.07684363212100581	-0.06675517181233945	-0.03284072249589491	-142.50738916256157	-0.34666639738378996

Telmisartan.txt	-0.216574911521825	1.7830970286325778	-0.3632022720170164	-0.9080533258197778	-0.11405261840252401	-0.09852216748768472	-201.32512315270935	-0.8803268832614906

Ticlopidine.txt	0.121411718442784	-1.301451291575202	0.0818341055212374	-0.13015449251627792	-0.22490838107306754	-0.12698412698412698	-246.13546798029557	-2.3810469951768383

Tienilic_acid.txt	-0.4731616201337	-2.8561439682131953	-0.18756961256174925	-0.18470023832697513	-0.07985719077443396	-0.08374384236453201	-135.2783251231527	0.026512785427347377

Timolol.txt	1.62809673613842	-2.268363281900946	0.35676229076008265	0.7796045820574322	0.02523384245173954	-0.0060207991242474	-168.13793103448276	-1.6868355632397356

Torasemide.txt	-0.534408179315769	-1.8654160014253136	-0.47815439353664074	-1.0694246511246024	-0.23153811620546116	-0.18664477285166942	-136.88177339901478	-1.3643735473408305

Treprostinil.txt	-0.10263468344475	-3.2099033073980694	-0.09728333061279329	0.021447105606614503	0.03514515712417718	0.10399562123700054	-26.40394088669951	1.1077152497721714

Triamterene.txt	1.67813605977192	1.0239643342873508	0.5102269365050929	1.1385217264201875	0.33599335348547504	0.2950191570881226	23.694581280788178	1.2530731588099857

Valsartan.txt	0.00953598112465592	-1.1783964103656652	-0.4679494703952375	-0.9947944777753017	-0.23808284017718656	-0.18336070060207993	-217.10098522167488	-2.1504661728874868

Warfarin.txt	-0.0439441604404247	-2.766678305987255	-0.20562286299403515	-0.1491235056461827	-0.021240337659659277	-0.016420361247947456	-28.66256157635468	0.6516607721703643

