	SScmap	SSfisher	SSlincs	SSlincs_Norm	SSpearson_corr	SSspearman_corr	SSzhang	SSzhang_Norm
drug_1.txt	-0.0674583363050663	0.857828395613776	0.014305541176960646	0.07058358885467697	-0.032355005232563745	-0.10483515960733039	26.08922588608711	-3.322410302275152

drug_10.txt	-0.0822270922620398	0.8075531559954845	0.3450461343926973	0.88516837651141	0.021699990744441677	-0.04760009338973724	40.28002116028919	-0.6001584303149081

drug_100.txt	-1.42228280955191	-0.9645706336105796	-0.1674371850373886	-0.28964266213868345	-0.12439282424038252	-0.031174607571734885	43.73761241403633	0.16910610906828769

drug_101.txt	0.24955661745477	-1.396248843944117	-0.16223673990919954	-0.2647279182419908	-0.09607707309285428	-0.002279346914012321	48.95115499911832	0.026157327053870447

drug_102.txt	-0.0409476694049835	-1.1124589322591665	-0.13617327919265956	-0.2000461457885233	-0.13477741628265977	-0.02697899555302194	44.42091341915006	-0.09403222086405565

drug_103.txt	-1.57660370915488	-1.1190266482400177	-0.16541361834747403	-0.2837130404408376	-0.11817395474762168	-0.112691516565118	16.557397284429555	-1.7627463761724176

drug_104.txt	-0.0554758770934508	-0.9152469629458536	-0.16745433924353575	-0.2741492973127173	-0.1672568232658406	-0.040922655424685116	34.406982895432904	-0.4617922431855661

drug_105.txt	-1.49507600071754	-0.829904509583203	-0.15936658572547266	-0.2832058438659607	-0.14032001688413104	-0.1787535880269641	9.940574854523012	-1.3270307296111359

drug_106.txt	-0.0296691326646394	-1.1106126548226876	-0.12115832549297051	-0.2340159724549118	-0.11896713896035727	0.011638789109602738	46.730029977076356	0.5499427758412498

drug_107.txt	-0.067044022710523	-0.75800500833212	-0.11078707348862318	-0.2229947220479399	-0.08685684553482893	0.019192907864448883	31.33133486157644	-0.5676944433529257

drug_108.txt	-0.0891063837144717	-0.628236313112819	-0.416452558066362	-1.0946323513436893	-0.15136465214597017	-0.03641994982930499	38.546464468347736	-0.19721581548690376

drug_109.txt	-0.0522661894603982	-0.7671664589083906	-0.10475433784821778	-0.18584797285653526	-0.13089866304961603	-0.017912035926043724	35.90724739904779	-0.3130991338959082

drug_11.txt	-0.0635051751377265	0.8577573985350012	0.05029714340348215	0.12236471906872887	-0.0300523193645007	-0.0371077254447658	30.98183741844472	-0.7307192804906769

drug_110.txt	0.177105769916554	-1.1136913907418489	-0.06431413563712307	-0.09781964035960661	0.0030424090301238494	0.07033197214542002	22.943219890671838	-0.6219325612428207

drug_111.txt	0.173710862278012	-0.8556659142118537	-0.09823439447418422	-0.14190731795871925	0.00706021448189533	0.030584599631603378	42.37577146887674	0.2911300412589671

drug_112.txt	0.378603523286499	1.1637376770926382	0.0005056095897320867	0.04060901061353911	0.03565657522589833	0.11839967064836852	42.55898430611885	-0.5177707560028196

drug_113.txt	0.12049069253263	-0.724669050378286	-0.1104767728009394	-0.1927592576786905	-0.027244006587360904	0.00013615567849188643	20.36201728090284	-1.8823244002000925

drug_114.txt	0.122706416565628	-0.9072221489605974	-0.11714181889981268	-0.2369184694419853	-0.011139763609147786	-0.03640399418640475	24.263974607652973	-0.8397862942558316

drug_115.txt	0.278974395549533	-1.1101131950428067	-0.0719056743712776	-0.1010966887360385	-0.014340037106768495	0.06179954962659512	44.8513489684359	0.7301887888858098

drug_116.txt	0.190984951144712	-1.0391189945637778	-0.06402800501938807	-0.10503586112311963	0.008366274984521787	0.08602582611086917	52.34597072826662	-0.015269463119200006

drug_117.txt	-0.196051809731291	1.0070187850577872	-0.05497202819280267	-0.08419522781929739	-0.03090991864902382	0.03290420592787617	29.020807617704108	-0.6952635877152678

drug_118.txt	-1.6153501349707	1.0906891629127322	-0.08417762366509371	-0.15110439325870256	-0.034740851936988684	0.0077911304914801685	13.140363251631106	-2.0938548485413815

drug_119.txt	-0.00879632931555041	-0.9316799646654677	-0.06181852958473433	-0.11362830990958234	-0.002337854762729909	0.07628247957580615	23.64926820666549	-0.9250559709948193

drug_12.txt	-0.12740931892205	0.9968040552120159	-0.007173003692058838	-0.0016214853923764982	-0.02321541797498676	-0.009317265845370544	15.045318286016576	-0.4988354696780862

drug_120.txt	-0.0179326248722155	-1.0460044336025058	-0.060925609886946286	-0.07770797095716642	-0.03411710352827179	-0.018935724916186426	27.67959795450538	-0.9647274907036291

drug_121.txt	-0.168043821713317	-1.095390094908359	-0.06139381822415069	-0.08519242371754526	-0.03425908707492291	-0.047609462706648446	23.10562511020984	-1.1858210369280753

drug_122.txt	0.158952048118299	-0.6654492743645359	-0.06841299652158797	-0.11761775190996554	-0.0340025738870686	-0.1296353343329972	-4.498677481925586	-1.8850187700119032

drug_123.txt	0.0294463067303806	-0.8844246800985569	-0.1339181769486191	-0.21945804460078916	-0.07411307340445064	-0.10261677328859119	-0.5223064715217774	-1.6108554077951005

drug_124.txt	0.290307396048784	-0.6595267981702897	-0.06153886179044679	-0.09591830051184352	-0.031046891769884278	-0.11898463430930853	-0.41544701110915183	-3.4521336705815524

drug_125.txt	0.117164729096831	-0.6593680866220124	-0.11950004996714433	-0.21222473518355361	-0.07807082851174488	-0.13557541400321085	-2.3022394639393404	-3.202665371159923

drug_126.txt	0.263994484463781	-0.6436951465955256	-0.0880709816950965	-0.149742605581407	-0.05748685362948224	-0.1351017326843011	1.5946041262563921	-1.8831735885520084

drug_127.txt	0.210256044504672	-0.6592599899634217	-0.13602782095440905	-0.2568770858094825	-0.02535653111541312	-0.10175949030372408	10.158349497443131	-1.9877786699098658

drug_128.txt	0.0394313291966812	-1.1113720019527382	-0.08512733017358037	-0.13136210795283726	-0.04296688920789026	-0.06447272330309294	24.849409275260093	-1.2314982617315038

drug_129.txt	0.0596509996909397	-0.7960972002099207	-0.11945376571516375	-0.17509113707992335	-0.09680639841353418	-0.12075969645285066	20.837594780462	-1.719180699417863

drug_13.txt	-0.0809789644537524	0.9151079569603768	0.3752755839487278	0.9837648105111554	0.025894275083748856	-0.007658568145218819	35.38017986245812	-0.43490884892068876

drug_130.txt	0.280821624705798	-0.7454373378728506	-0.10234674811809688	-0.1764419368099855	-0.05021441306860784	-0.1210827406025439	15.797213895256569	-0.9690648660589466

drug_131.txt	-1.6343171390101	-0.7734348121375609	-0.12494819985032085	-0.21684310046798694	-0.13694121223724545	-0.20431872974402432	-16.577852230647153	-3.765471645925744

drug_132.txt	0.117514204883151	-0.7907037038952498	-0.0613320592729448	-0.1353008291312166	-0.051220239774996165	-0.13654397431573367	15.468171398342443	-1.7880673669936873

drug_133.txt	0.0478686731807052	-0.8052796764275254	-0.14941404566598715	-0.2580496760646626	-0.13826737893729665	-0.20225118577001217	7.830365014988538	-2.5328285896304106

drug_134.txt	-0.0267693697548915	-0.9620383321582315	-0.06855434558928428	-0.1327037794214298	-0.010855832708885172	0.05540569502785156	21.54875683301005	-1.4030591849455614

drug_135.txt	0.0963958823669258	-0.8267922594051696	-0.07658224353071397	-0.13013152784419962	-0.03819070699928245	-0.15310453906267274	0.17280902839005466	-5.1748108560164985

drug_136.txt	0.0201103107243897	-0.8779020852409878	-0.06950925425933899	-0.10254024126729266	-0.04336210413405541	-0.027216007289655966	24.74977958032093	-1.1767997941733064

drug_137.txt	0.247818748068374	-0.8876037200437168	-0.08491195865615325	-0.16522500052043576	0.01438277832335128	0.02243543013371862	20.84041615235408	-0.46341707016864353

drug_138.txt	0.0803699213085135	-1.063220460200887	-0.04852898380731857	-0.09330585962047372	-0.030768626502907872	-0.0017801229038710842	23.428143184623522	-0.6134372844842144

drug_139.txt	0.0869101110239403	-0.9701277572166485	-0.046512190725847224	-0.1187346139786487	-0.027195300820409524	-0.04968661164863814	14.297831070357962	-1.3543054158751988

drug_14.txt	1.47989876656876	0.8686912844352208	0.05170892622732029	0.1370931824699353	0.019078668032331898	-0.06677878036901128	27.809381061541174	-1.2625873184608023

drug_140.txt	0.252243063975465	-0.9332605633326805	-0.08521876275241455	-0.16247282519563389	-0.08263634850967849	-0.01720100071614165	27.758420031740435	-1.2182973632780318

drug_141.txt	0.11946128426408	-0.7906520345440828	-0.09740865118017	-0.1748748567121527	-0.06649143570797501	-0.07823888965072778	36.32675013225181	-0.9953984758298318

drug_142.txt	0.200239683764397	0.8912654080224407	0.3988934431514998	0.9602959063668137	0.0990998030086263	-0.034084929466762816	10.826132957150415	-1.2321032275742154

drug_143.txt	0.00139747089322739	1.0672204595162178	0.43091196143408345	1.0112772570694433	0.13322027130406794	0.01981620798462079	29.483336272262388	-1.043685126138198

drug_144.txt	1.45324826612894	0.8785742636516236	0.4166217413629732	0.8481710759649217	0.12992359972738507	0.1766390563427014	54.70481396579087	1.0823012346106684

drug_145.txt	-1.460786958091	-0.9512923541578737	0.3915403919952114	0.8246837189083178	0.037800005633237	-0.12897113625622117	20.497266795979545	-0.15295513844375325

drug_146.txt	0.0331308232456509	0.855460685311009	0.40746035857783547	0.9591028573472257	0.12920712107563234	0.11120411381214222	43.6684888026803	0.10613026527032894

drug_147.txt	1.48988378903506	-0.8068945118337494	0.36157938881031515	0.9080660105272802	0.12563812063424928	0.06111308180246128	47.898430611885026	0.6997456746690415

drug_148.txt	0.307631410027815	-0.8807789619912221	0.3453728213690759	0.8367812120593421	0.06758504226289974	-0.07746519157966615	35.24722271204373	-0.6648105469005887

drug_149.txt	0.15369996952623	1.001715180252444	0.4409071428636101	0.9522710130118808	0.18273357819106603	0.10131924810045616	66.20543114089226	3.1557571087490386

drug_15.txt	0.219919687568215	0.9951944091814131	0.05295064733225732	0.12124211513179983	0.01513484024197733	-0.054144003199910314	21.779051313701288	-2.5905235614076303

drug_150.txt	0.124403438132844	-0.8752229639808458	0.43391488744741485	1.1686226764601397	0.13572673543849112	-0.06603318143449972	7.935461117968612	-1.686595107204973

drug_151.txt	1.47660370915488	0.940171480744208	0.46714313877237046	0.9888466620617198	0.14644949180673997	-0.06128447871587245	18.808323047081643	-1.4093275907847183

drug_152.txt	0.0422362127803966	0.7751844130811405	0.3206498693403437	0.9593329640360265	0.18807214224956526	0.2064343762854759	52.27384940927526	0.8279755925098744

drug_153.txt	0.140679024752914	-0.9174887391841502	0.34812412542222715	0.9061249319162726	0.09779562768366491	-0.04931190020553297	12.105272438723329	-1.782251571645851

drug_154.txt	1.39673303896968	0.9493405774077682	0.37893636868614516	1.0396597351496828	0.13977799585824707	0.14766348198941645	52.228883794745194	0.9596413029775581

drug_155.txt	1.36747692314342	1.0220903672300174	0.4323905441109821	1.2090294019177454	0.14240467428197537	-0.017800073566319456	-4.39076000705343	-2.06798844795583

drug_156.txt	-0.105541255216742	-0.6877744000937573	0.3294167547207786	0.906860663442274	0.10224088242386799	0.012537496307665699	24.29747839887145	-0.6168227441404972

drug_157.txt	0.0199601031353402	-0.9362720234640569	0.4150821672986834	1.0484145022928013	0.14568190085775623	-0.04835913501039438	19.77464292011991	-1.6726303366800093

drug_158.txt	1.63022371205097	0.635122192183251	0.40921129360066544	1.037358877839511	0.23147043014535723	0.14056059225422982	46.30647152177747	0.4212628450488521

drug_159.txt	0.0497063927917648	-0.9658792621552462	0.023929218020079912	0.05766871216172237	0.01600479179550035	-0.10270048467837173	24.076353376829484	-0.5163663881471549

drug_16.txt	0.158614027011431	-0.8900847011446011	0.014905967095314693	0.04252906611030721	-0.004855276500473399	-0.12576796348093516	27.30188679245283	-1.3128519392458893

drug_160.txt	0.171444780880627	0.915898113690128	0.44380154974526115	1.0716954797647595	0.14108198011213746	-0.018001444597578437	15.59178275436431	-1.9528572109065547

drug_161.txt	1.43531564125673	1.1203962540809962	0.42526110871614065	1.0647603367046696	0.14052685732410278	-0.06678833365256698	21.337330276847116	-1.1345673382137207

drug_162.txt	1.43911038204598	0.9583345387399146	0.4162790350583274	1.0683481026902384	0.1136402900771936	-0.0623950911942012	21.771116205254806	-1.2627793846464854

drug_163.txt	0.286401350355419	0.8489458643133122	0.38732537998477967	1.1447089411179954	0.12317555913429863	-0.10903639229533632	9.364838652794921	-1.5945373812817292

drug_164.txt	0.0697758556969741	-1.0038294515192208	0.33914526429928515	0.8410555941233351	0.0681337419250722	-0.14175822557504988	17.707811673426203	-1.4695242123371077

drug_165.txt	0.166780781209139	0.9716755486971115	0.3503139496158544	0.8584290391808749	0.07879357142682178	-0.06776073580721294	15.713807088696878	-2.3337138252978553

drug_166.txt	-1.39771965428481	-1.058087420905561	0.0674585439039003	0.1447965949357226	0.04404766392191486	-0.09652931540734194	12.327455475224829	-1.343822103933501

drug_167.txt	0.0849126742786254	0.8972708603278432	0.4475594303150419	0.9866410922379723	0.1059799391139474	-0.029697035791330477	28.526362193616645	-1.4612701555297194

drug_168.txt	1.55422774928516	0.7014121390338814	0.41689961752538085	1.0276693762102607	0.1922308753688408	0.2531582821939951	55.16822429906542	0.55076489366904

drug_169.txt	1.432810308347	1.0555070639765565	0.42498264291122295	1.0239770925840734	0.15863373530750519	0.032600207844452465	19.422324105096102	-1.8814163433584035

drug_17.txt	1.50356326981389	-0.6444651736710216	-0.020025441174000513	-0.03915257340228129	-0.017496269978738828	-0.1276142319444592	28.46799506259919	-1.1165656213482775

drug_170.txt	0.0370749071198397	0.8389613014411494	0.4544334355819282	0.959656783847433	0.1231795878402679	0.11949118297680222	55.96702521601129	0.756230851982039

drug_171.txt	0.179012433730357	-0.7301735296549399	-0.00432075561749351	-0.010815286226492749	-0.05650029433131322	-0.12723592347753915	-11.6547346147064	-2.946916440747466

drug_172.txt	-1.3608319123047	-1.027275061046359	0.0345148667958419	0.07987505083877622	-0.04511942303296344	-0.06955538049772554	35.81925586316346	-0.4223569340104123

drug_173.txt	-1.39169514127078	-0.7500222115868873	-0.033186976739826485	-0.060040059491196285	-0.07478168743767548	-0.119484172080991	-1.2951860342091341	-2.2006509361240694

drug_174.txt	0.229736347859164	-0.7980082350259201	0.0034856542893791087	0.033885774178264716	-0.053903661982967394	-0.09073583968655075	7.499559160641862	-2.8156519288652295

drug_175.txt	1.48802748258565	1.0433729336917874	0.06973235339130804	0.15446258265430995	-0.01244378333994443	0.09975168430548169	57.54893316875331	1.3944101942914486

drug_176.txt	-1.33397933402926	-0.9123419681636943	-0.009036322024504773	-0.021700830334993093	-0.06865679991241755	-0.012097958964345429	18.629165931934402	-0.42154994363387427

drug_177.txt	1.43894158761857	0.9358425573979559	-0.03469122401122962	-0.04817776061784357	-0.04138038089117705	0.08916247326726524	53.288837947451945	1.808380587145871

drug_178.txt	-1.49852537211499	-1.249804727878755	0.008925064044218722	0.03879055825649641	-0.04299174469124027	-0.02621746614851007	17.577675894903898	-0.9751471264067997

drug_179.txt	0.266081829636498	-0.7896872616843189	-0.02306416394489255	-0.03735774666734354	-0.08801393070088473	-0.11744272608570445	-4.315993651913243	-3.2721374223856703

drug_18.txt	-0.0649530033953398	-0.8039977628450059	-6.858166727927162e-05	0.009785693185007938	-0.0010184267887786832	-0.020928713871496585	9.083935813789456	-1.1037103847208665

drug_180.txt	0.0187677358421242	1.2493680582696527	0.010285881754708487	0.043321281433456316	-0.03800565116011526	-0.07326688343735624	25.886968788573444	-1.3512665512984292

drug_181.txt	-1.36833018869963	-1.1698358995682117	0.010212492175094512	0.029134525542485523	-0.06961228363293782	-0.15132947243937112	12.942161876212309	-2.6299184548395673

drug_182.txt	-1.19124581525979	-0.9827548891496087	-0.01442676293312109	0.020035829231662694	-0.09666805800263811	-0.15097761931727022	15.057309116557926	-1.8255726535239039

drug_183.txt	-1.2918948417201	-0.7038550096898315	0.028548455913030152	0.08227074500747517	-0.08313280756447289	-0.16987818771304591	-8.239816610827015	-3.218639880230748

drug_184.txt	0.236626013360911	1.2979126419539302	0.09051366637680741	0.1905334697055342	-0.029628587223054524	-0.038743854735302355	23.171045670957504	-0.6626405093717402

drug_185.txt	-1.30817042834017	-0.7506179760910903	-0.006438588955401614	-0.016636054470504036	-0.08028172053023978	-0.14136596420458386	13.49056603773585	-1.751740488299929

drug_186.txt	-1.40917844013201	-1.2811445510596746	-0.059777050934282094	-0.08849430523237789	-0.10156823428944924	-0.11566764602292083	17.338740962793157	-1.1444161253591698

drug_187.txt	-0.0844827996101087	-1.0970050718305557	0.014439446524760008	0.04889584301155503	-0.06547919101739892	-0.13192476685282375	27.470463763004762	-0.8432411186932249

drug_188.txt	1.25147279081378	0.947346408242369	0.0053985426372593626	0.002375157261232941	-0.008687573107683135	0.09661579239452153	35.31281960853465	-0.43614218636421936

drug_189.txt	0.0876994032760383	1.2518105716316346	0.024213393422974017	0.06959416270635471	-0.053344125620832475	-0.13281230016447454	13.484570622465174	-2.5138491366795637

drug_19.txt	0.0630050595103018	0.7143762132975179	0.004239134697958807	0.028240169321224085	-0.023825519000756752	-0.11806497054416659	26.384059248809734	-2.8997546972753163

drug_190.txt	1.52855716425362	0.76180594605532	-0.0248779620474624	-0.049897112428156476	-0.015715538860003694	0.08361534807106641	40.53006524422501	-0.18376157708771382

drug_191.txt	0.341081235289922	-0.6508732026697606	-0.2390946362155985	-0.7443848554748962	-0.010848097204824119	-0.013297871266040909	16.855404690530772	-2.158686322819643

drug_192.txt	-0.0139926473925476	0.8048219612427464	-0.006274990676310904	-0.013603875106751262	-0.02488098802222785	0.09435659958734235	43.21601128548757	0.1388734905357407

drug_193.txt	-0.209195730214202	1.1893832893916434	0.05576213265680302	0.11525266594606298	-0.04025004961109685	0.02510811567448528	47.07529536236995	0.5223780557590653

drug_194.txt	1.64997503744383	0.7335669930353728	0.025391719332563956	0.07377396510162898	-0.006626578780183156	0.10132503881249903	47.265914300828776	0.6124711566014666

drug_195.txt	-1.331185905125	-0.6769098186480402	0.02993227159025927	0.08019188950840261	-0.1051976855110389	-0.1631006092915084	24.30047610650679	-1.0493567027133628

drug_196.txt	1.37949028837696	1.1082504871989634	0.0031325052011998145	0.026669449955538715	-0.028681103238540666	0.08704448001053479	83.34755774995591	2.477741131260782

drug_197.txt	0.100230606471245	1.193351926843	0.04959441833893519	0.11133064269322357	-0.03276878775935406	-0.029828405032287425	38.16346323399753	-0.8045817145607932

drug_198.txt	0.0726243967382258	-0.9086280366084731	0.025981022252122954	0.06825628042556298	-0.07031451500005804	-0.10851607575803347	16.888379474519486	-1.7786188724418122

drug_199.txt	-1.50105793690417	-0.7896426636685216	-0.019426787581949934	-0.0351931707991085	-0.10448658986461735	-0.15511118316253536	13.309645565156057	-2.411236325574581

drug_2.txt	0.131992055207233	-0.751967237005847	-0.03550922114274768	-0.0831797976681547	-0.013872548507512232	-0.07675826617588545	28.83318638688062	-1.7103217769476087

drug_20.txt	0.173339557762923	0.8055145454705368	8.457624764754423e-05	0.02781913896782301	-0.0302566818028572	-0.11618940283513342	26.71415976018339	-1.5715659234306214

drug_200.txt	0.0858616836649787	1.1371429210463813	-0.010742741624296781	-0.04201493262808942	-0.05746948884333622	-0.1971983100091337	20.926291659319343	-1.3041607686178391

drug_201.txt	-1.46998722695178	-0.9954037723329512	-0.1318894052776223	-0.2861335858481451	-0.08591144008080684	0.0230639517923144	25.82842532181273	-0.9257582986299262

drug_202.txt	-1.52220435580396	-0.921770840171507	-0.07629121764258673	-0.12222166645210775	-0.10466718884861817	-0.03908254763231569	39.52953623699524	0.2910443793211833

drug_203.txt	-1.57337759594375	0.9354044094644627	-0.0808769877999046	-0.13207933191077825	-0.08214092514974786	0.06610320362707527	47.7109857168048	0.09024110117662346

drug_204.txt	-1.58341254352238	-0.9066543930813413	-0.08828185206091083	-0.13469949854101093	-0.12236963480410802	-0.019662397414191884	32.62017280902839	0.13104839596514123

drug_205.txt	-1.43723181461574	-0.7495345365444447	-0.10518889573349371	-0.17794036082439468	-0.1213722740857692	-0.05913859674011819	18.693528478222536	-2.088295296399694

drug_206.txt	0.0809000784537479	-0.8778598363253545	-0.08873646526304096	-0.12068341596330717	-0.1060231167521529	-0.07186666816686149	11.816963498501146	-1.5351762522332382

drug_207.txt	-1.38524075358823	0.7201285355538674	-0.08347969393685964	-0.17628902449107386	-0.08150194051068815	0.037679532621754774	25.3794745194851	-1.0036056272557083

drug_208.txt	-0.128307106439907	-1.1963455269476364	-0.06031424735654339	-0.10160216600528604	-0.09647427104281259	0.01197104893903058	50.987127490742374	0.9387131135677987

drug_209.txt	-1.44530066372303	0.8697550387457016	-0.07651113960684167	-0.16895413889969235	-0.055853044847535296	0.06897988908038363	35.73461470640099	-0.3516477885100161

drug_21.txt	0.19729647952314	-0.6329981312210998	-0.010807452171243459	-0.0015674836844093987	-0.07703845429903751	-0.1696103569467148	19.739375771468875	-3.094441545896799

drug_210.txt	-0.0405482685063315	-1.0554594311177028	-0.11230791596506337	-0.19386742707224525	-0.0902649326983072	0.022115150274381115	23.795450537824017	-0.939621892137829

drug_211.txt	-1.40123580862473	-0.8675171993636959	-0.04151905420904309	-0.08978961238287375	-0.07856377912762702	0.014817453492830432	38.96878857344384	0.056140740626074805

drug_212.txt	-1.48736116604314	0.7517042805693742	-0.05421625783301273	-0.09339666522383	-0.06954059863693189	0.08032513276290502	53.54805149003703	1.5716064063334154

drug_213.txt	-1.47712651801518	-1.0168316088003446	-0.06417498447572784	-0.12194742433445505	-0.1109699690646793	0.015463446015678626	30.114794568859107	-0.39220685195861704

drug_214.txt	-1.54631818506007	-1.0238631760731487	-0.11411204137145875	-0.184284938730088	-0.10604493871063114	-0.007449101279093228	32.93422676776583	-0.3111621513136701

drug_215.txt	-1.36082737365813	-0.9234810429966155	-0.0506645707944757	-0.13325492441622705	-0.0913091327815427	-0.016291123935577873	39.11691059777817	-0.14036245319893154

drug_216.txt	-1.36533965285837	-0.8381475860261631	-0.09408126356787136	-0.17227158185211883	-0.11731545630708999	-0.04650136801190041	36.41791571151472	0.383679452313804

drug_217.txt	-1.41381693693226	-0.7105648307893009	-0.07707452313509205	-0.1390795865752109	-0.11559927679634542	0.00916501891790874	42.20102274731088	-0.28204356447872586

drug_218.txt	-1.49754135031219	-1.7585131938162961	-0.03384544436174769	-0.05564820794933478	-0.09920549998810903	0.07007000146268995	44.95009698465879	0.30287617803066164

drug_219.txt	-1.52198563626422	-1.0554113326191326	-0.07920533370864993	-0.15137414260878124	-0.10450540606254377	-0.062378652987528656	2.0821724563569037	-1.882675821402817

drug_22.txt	1.17211044904505	-0.7315222668959169	-0.0337258017051623	-0.07530089424326328	-0.06737738289849293	-0.08661304446304806	18.666901780991008	-1.6561224751229453

drug_220.txt	-1.47501604735754	-1.5828662496172248	-0.04118510789866847	-0.06855142200194031	-0.1273544268257502	-0.13229724995267605	0.3641333098219009	-2.6708254490763426

drug_221.txt	0.0533105104248389	-1.3017467360249264	-0.06194791910657399	-0.09549431116585283	-0.10464894397366183	-0.03431835277631027	22.43219890671839	-0.8411416265654849

drug_222.txt	-1.50607854452088	-1.3923448199493023	-0.08003388569350722	-0.1316609774326447	-0.08783966604016917	0.05816960795584591	47.10474343149357	0.048985686262941856

drug_223.txt	-1.61256880912398	-1.408356341912446	-0.06341103631267536	-0.08673719682454062	-0.10739228840474911	0.012243577034607163	27.687356727208606	-1.5288896650609436

drug_224.txt	-1.50212538335354	-1.375183959350881	-0.08309442730622868	-0.09286122029111388	-0.10493744537392195	-0.06778884036638227	28.028919061893845	-1.6445704425727385

drug_225.txt	0.224734327080807	-1.2958158821684984	-0.052316827786719866	-0.078970195494102	-0.07666458342443158	0.06308520730939388	28.174925057309117	-1.1146252631653957

drug_226.txt	-0.0955162494353708	-0.5432689190662001	-0.06690033854556018	-0.15417930033808264	-0.09383074884063869	-0.1110097775981942	4.674131546464468	-2.5264160642173934

drug_227.txt	-1.53293825495523	-1.1575187590243419	-0.06444009546142493	-0.09456786366911751	-0.10539753868188602	0.04222166754803113	45.18109680832305	0.05717771744456189

drug_228.txt	0.18893802153912	-1.1548973401811318	-0.0658257359052396	-0.10717619845821647	-0.10623453746385941	-0.1203665755463235	3.8564627049903017	-2.689197919717501

drug_229.txt	0.0862420654732188	-0.7759884817945074	-0.06753642212324096	-0.10407767192685158	-0.11529400261349937	-0.08254573206019569	33.38846764239111	-0.8665231046269657

drug_23.txt	0.301328958942539	0.7216498370743496	-0.0010185689789477537	0.004883824567577133	-0.004596483676032662	-0.09275395418747862	21.84041615235408	-0.905458596868491

drug_230.txt	-1.5087154981813	-1.1903484981901982	-0.06918636581456461	-0.13725818977260829	-0.10906886768548965	-0.05760436449835373	32.223770058190794	-1.0441644954626583

drug_231.txt	0.13473836863752	0.8498348751600389	-0.01742395892878848	-0.0283328409175988	0.040480156394819826	-0.02424625030306603	24.578557573620174	-0.96008752101454

drug_232.txt	0.172512659582055	1.1156711562696746	0.4497517752041668	0.9264328996779942	0.12022711693508915	0.004820080298485712	16.568330100511375	-1.447041553418083

drug_233.txt	1.57130213770254	1.1749158206697077	0.0596632782582622	0.14937993963240864	0.12573839039815313	0.11319454471909657	58.000176335743255	1.288173215084926

drug_234.txt	0.105272610564672	1.14307822517655	0.015290689902763638	0.07945855737611607	0.09451210584085752	0.0774270841922919	35.436078293070004	-0.12821019233133876

drug_235.txt	0.111323490954045	-1.091645870912844	0.3761518004568495	0.7992701621939722	0.09545636500632605	0.010663671371649877	28.709927702345265	-1.3441239284425057

drug_236.txt	0.0478278253615247	0.9145469299862236	0.4454530491481928	0.9696266279425201	0.1120702976741648	-0.01469698890277344	30.03315111973197	-0.631127352338816

drug_237.txt	1.62790813779331	1.156881135895834	0.43529019429783966	0.950096161026754	0.12093271113746719	0.0848959331233289	49.06542056074766	0.3577668190446981

drug_238.txt	0.180519696645508	-0.7100276582856472	0.014783522096218749	0.03783326588587066	0.0721513608784411	-0.10011018973250947	11.847293246341033	-2.2208528587849656

drug_239.txt	0.0845137056320282	1.1657401839473502	-0.03346719746705307	-0.03888158128177466	0.029844936437074615	-0.052621243673137696	31.14882736730735	-0.6845365250488502

drug_24.txt	0.37592658631101	-0.8323958054499903	0.22388845369723276	0.7370947735087496	0.029044610176505913	-0.05817240980729726	1.8975489331687534	-2.47800099318632

drug_240.txt	0.139131778522692	1.008487366571738	0.07470747467378427	0.15443877798863126	0.11313319791157217	0.03243900890103576	48.25780285663904	0.427075994604499

drug_241.txt	0.142017925492713	1.3631272366355103	0.0634721936943663	0.1390752039899299	0.08801838210599588	0.15476962893599874	59.574501851525305	1.0970100791440465

drug_242.txt	0.209157692033379	-1.1390081561513776	-0.00881814373022563	0.010657441817619573	-0.0015377914294142615	-0.10098216820247917	38.18973725974255	-0.916628465503821

drug_243.txt	-0.107968566630574	0.6433293008914093	0.06998513835339876	0.19835938920117585	0.14099868267096305	0.24271718804910627	70.9575030858755	1.41429639560729

drug_244.txt	0.0601502508142547	0.7775527391281236	0.018534702214318077	0.07779352425845887	0.11411150659591748	0.05283353231978143	26.756656674307884	-0.7751253621530547

drug_245.txt	-0.102596538093293	0.8467935247664637	0.25260049490443126	0.7720024046858909	0.0908754680879418	0.09599175702226535	15.423382119555633	-1.3468125718736357

drug_246.txt	-0.00738848437300776	0.7798976187136964	0.052171560953572754	0.1537742703308997	0.09545528892732738	0.10572252497504503	48.20419679068947	-0.5083490640965208

drug_247.txt	1.57544635427811	0.691937887550454	0.08206323791265388	0.2068577712981458	0.12652392305624402	0.11319340248209395	45.408393581378945	0.8321360761760894

drug_248.txt	-1.39996866172603	0.504052214294215	0.25678661215387033	0.8798364477431929	0.1423406621458337	0.21345009027576153	77.28760359724916	3.2981947921616714

drug_249.txt	0.0784818443330675	0.6311448923177874	0.34553306438235076	0.9718066460638336	0.2035155722150484	0.25883338569525904	57.7742902486334	1.978764366931592

drug_25.txt	-1.35938170666079	-0.6779661596514739	-0.07429850734137888	-0.15641272323796945	-0.1311662757693064	-0.1650888576119825	1.6321636395697408	-2.9336972455660866

drug_250.txt	-0.0631049097349647	0.6703707767870885	0.09783032758425897	0.3005907685058872	0.11936379053507334	0.2318874063675982	65.21142655616293	2.069805983342569

drug_251.txt	-1.42103705912992	0.7360755865322468	0.09584069901344129	0.29027357067385784	0.10233320809858883	0.14644910079272117	48.080232763181094	0.3224843853606854

drug_252.txt	0.110483841337561	0.6496286906404949	0.09577159124320546	0.26592250069636447	0.17451879806782353	0.21550156350684344	44.51313701287251	0.00445030804912148

drug_253.txt	1.41681244367215	0.796288378483099	0.03222756585731945	0.1199389228122063	0.13597269363493975	0.19349915789320224	60.74625286545583	1.7333790904837454

drug_254.txt	1.44943493850134	0.5819774027916393	0.3021314078845234	1.0279943457017882	0.19612165771682405	0.2393401796748083	64.81608181978487	2.020631879505265

drug_255.txt	-0.0527803532796045	1.027002090842075	0.029769008821705356	0.07710738319836435	0.07955951264260576	0.013829651374477026	42.153941103861754	-0.8047646124832378

drug_256.txt	1.49158124285433	0.6595805578031144	0.09663755050920969	0.22917821450172055	0.16652236688025437	0.20207072392673486	52.97337330276847	0.11854714924314362

drug_257.txt	1.40567006632908	0.7179447355161921	0.05934170990174484	0.1409429923029839	0.14355726785817025	0.19638860346800507	49.88661611708693	0.043434734605295997

drug_258.txt	0.0790318850728235	0.7333702446143197	0.05148047708360143	0.11784263375544746	0.06677457832304065	0.12056451087053194	52.96949391641686	0.37247229755509753

drug_259.txt	1.47490625533561	0.6418555994277869	0.3290297944747828	0.879799425990692	0.15040422440709597	0.1361147888192709	46.40098748016223	0.6960185240526866

drug_26.txt	0.321139718992939	-0.8897791551715256	-0.05114813212542521	-0.08962034927334667	-0.1254815481157744	-0.13199509339642274	14.726326926467996	-3.6208654057213603

drug_260.txt	-0.0450415286161666	-1.2879393633008194	-0.06350029282898784	-0.1049018935423438	-0.15819528678126513	0.02162432533051637	43.41615235408217	0.7365763926723315

drug_261.txt	1.55866200698952	-1.0821284203810566	-0.1414824859728793	-0.2750348245277755	-0.19105530270038806	-0.13534236166294744	35.68859107741139	-0.23673048201071714

drug_262.txt	0.101833613216539	0.7840229561761072	-0.0034736457901087398	0.0017624507950822488	-0.07264421474393748	0.022380540448889357	47.09046023628989	0.49324788491950433

drug_263.txt	-1.59537555139153	-0.8469531214437928	-0.1452067090862231	-0.27634438999593974	-0.17902508022376537	-0.0914834211410447	25.375418797390232	-0.931193089704733

drug_264.txt	-0.0556256524304453	-0.8246955656895231	-0.12002865726287588	-0.2638099671545171	-0.1969799355376395	-0.08733994468704778	21.36025392347029	-1.6563405891090495

drug_265.txt	-1.58405206043748	1.4376299077241554	-0.0550281540250801	-0.07591046483612318	-0.1461495564273468	-0.004169577302013765	50.361135602186565	1.0132236677237711

drug_266.txt	0.0257023555575727	0.7355326055895102	-0.017224507625022756	-0.04603784346326495	-0.10763453123133432	0.04459470157026952	61.368718039146536	1.701282293010593

drug_267.txt	-1.44550079642441	-0.8990041042810526	-0.0879816816023331	-0.1794922833853994	-0.18545937926431133	-0.08737019577912897	22.615588079703755	-0.9890108737648545

drug_268.txt	0.0344887430758624	-0.905538127666644	-0.16033833749901227	-0.31861008000532837	-0.20014718261564676	-0.11320881346967003	26.004937400811144	0.10391258833438999

drug_269.txt	-1.53365903525664	-1.0594316544342315	-0.11044980385623679	-0.20417976425135664	-0.20059631818440396	-0.1760953161153988	34.40134015164874	0.19587509901615893

drug_27.txt	1.41114280959513	-1.0797230817824963	-0.07573917080023382	-0.13276560286481282	-0.10389888534992217	-0.09937612809872531	10.158702168929642	-2.1410154654450766

drug_270.txt	-1.45309849079195	-1.1581807599443952	-0.09549133112204483	-0.16548863926754404	-0.1747310932490702	-0.044130967502450415	35.86880620701816	0.08665314093476892

drug_271.txt	-1.59868011835061	-0.762349771212111	-0.13460965869978125	-0.26802209120599974	-0.17046544419135504	-0.12607047211227837	11.895080232763181	-2.9397332550751027

drug_272.txt	0.10882723533747	-1.0841548545190043	-0.0885454455913389	-0.1619039032043159	-0.19416472662754622	-0.03380559540071901	34.24387233292188	0.19769980813562152

drug_273.txt	1.5990514228657	-0.5953331486287746	-0.12756750792531335	-0.25370521526625767	-0.26639079135304095	-0.2325888030187413	21.13366249338741	-0.9099619373155176

drug_274.txt	1.58537194208687	-0.6910388776389546	-0.32018528645408606	-0.7948865476918087	-0.25912672145764754	-0.21661634728382037	20.27420208076177	-1.0609476090925845

drug_275.txt	0.130525640111262	-0.6357582427506856	-0.3346962247693881	-0.8853606089109218	-0.23518493380432517	-0.20284665102053742	14.409804267324986	-0.9318208602995373

drug_276.txt	1.627259111333	-0.6771965124441567	-0.3732579213295689	-0.9703088209382836	-0.26726419993486183	-0.22562777028748343	21.86527949215306	-1.3038909524609639

drug_277.txt	0.0486983809999287	-0.8472383843091713	-0.08782556186451704	-0.21703594884491517	-0.2223462727555049	-0.12729059025869596	13.77534826309293	-2.038143779056569

drug_278.txt	0.109706868269025	-0.7706774675919927	-0.31854398657854877	-0.8355129614694308	-0.2619719874936767	-0.1744365604535336	21.960148122024336	-0.7725456711651044

drug_279.txt	-0.0246630054917623	-0.6576640712828066	-0.349808918473942	-0.8327413419269196	-0.28642216805793674	-0.2768458157842514	5.858402398166108	-3.2552721290335005

drug_28.txt	1.54419323395859	-1.0520097812302158	-0.0788045881414034	-0.13689596999493547	-0.11069543468704122	-0.12670431112780325	8.507494269088344	-1.9008608549534503

drug_280.txt	0.160979958633478	-0.5193565904810803	-0.3763963199901945	-1.019076011062361	-0.2771632966743629	-0.25071980439623326	12.142126609063657	-1.6675304406468874

drug_281.txt	0.149856168128759	-0.754552412400667	-0.16796797266208507	-0.3514033578215576	-0.2610193608968171	-0.2276780795699367	27.055193087638866	-0.8618429687472469

drug_282.txt	0.125832679552101	-0.5930665361310643	-0.34060494571379096	-0.92487809729625	-0.2529455541742291	-0.2186397680167308	9.605007935108446	-2.3497055192563145

drug_283.txt	0.110256044504672	-0.6113253984921212	-0.3385875963026014	-0.8545295757945317	-0.2622066311125596	-0.2292074828504231	9.755951331334861	-1.8285966180386932

drug_284.txt	0.0568361743099636	-0.8024332480248069	-0.3236401875523406	-0.8750811299584362	-0.27503055153407635	-0.1732328788028791	14.040557220948687	-3.0654530849277597

drug_285.txt	-0.0281668406481188	0.7034628474147051	-0.03598166938760325	-0.104550054931629	-0.03883536931620478	0.03898832076961603	60.76212308234879	1.7462493754551884

drug_286.txt	-0.0286207053056778	0.8453594193411339	-0.024915888872074438	-0.07539723309450325	-0.12114043926087718	-0.00521826072642498	60.10527243872333	0.8769762492160236

drug_287.txt	-0.114781939644646	-0.8213292186353878	-0.17008032715578705	-0.35523985221721055	-0.20318757279380426	-0.12612184473512097	37.75171927349674	0.24861110775449521

drug_288.txt	-1.52043795778194	-0.7791483499202817	-0.09300051257700023	-0.16559861342750826	-0.20852492772081466	-0.1332093397612313	38.53658966672545	-0.7833382831096617

drug_289.txt	-1.35723276557026	-0.6855202586452533	-0.08379946020928608	-0.2187227303567766	-0.21729871139840237	-0.1560805095928499	2.100335037912185	-1.0319751024633836

drug_29.txt	-0.104837332745471	-1.3146372847115222	-0.045732189579849786	-0.05647764133638411	-0.10589636705763099	-0.06573290535897819	24.722623875859636	-1.915329528139914

drug_290.txt	-0.089380863769281	-1.2591524797729439	0.03962887991638589	0.08467253554054582	0.06030561188710275	0.07011539986214461	29.519837771116205	-0.6195949529947048

drug_291.txt	-0.021468230554601	1.1260200153919733	0.006159566927962684	0.032578890583583486	0.10088989140213542	0.14041440076926145	37.69264679950626	-0.8919573925296003

drug_292.txt	-0.00860657066348547	0.9111977134237211	0.07107828183212359	0.13906031094038018	0.05974042488543073	-0.010056813769859696	9.311585258331863	-1.730655655570979

drug_293.txt	0.0406695152077079	-1.0951770686801847	-0.02108182257170213	-0.026867049764966344	0.07786577950628448	0.15749344720332356	42.95626873567272	-0.05683493016916056

drug_294.txt	0.110034515326577	0.6851789738967242	0.30589486656834736	0.7625708574366832	0.12649795413837586	0.1218682465210345	26.709575030858755	-1.0555332458985902

drug_295.txt	0.00936646977585553	0.915658734590599	0.35983743573513216	0.8567862878112301	0.10565500585463312	0.11301610005191615	34.93969317580674	-0.8001639746962669

drug_296.txt	0.00178779449872812	1.1288939972990013	0.017107611740632772	0.03578786630669867	0.015167248019467665	-0.05242610120480691	10.025745018515254	-1.8490758682422384

drug_297.txt	0.023195725891682	0.9218915084112802	0.04294430331639243	0.08907850703150533	0.10829353286028966	0.08750820646778233	12.601833891729854	-1.9246586178012164

drug_298.txt	0.0572945776140983	0.8846685546416679	0.05174469235082782	0.09698009935706109	0.10097268451773415	0.07541854175983505	31.64627049903015	-1.1177627625751365

drug_299.txt	1.56635955158172	0.7857992622042915	0.28166643072218267	0.825483143863708	0.16690335240146026	0.21318247268368265	62.25815552812555	1.0972001543514176

drug_3.txt	0.0990414810684407	-0.7334524764143708	-0.05758266513047797	-0.1337225968000811	-0.060847285233632864	-0.13689834755699168	26.506788926115323	-1.24192257328208

drug_30.txt	-0.0377928777828929	-1.4580086753413863	-0.05771790204917854	-0.09741355974931676	-0.07356911624116083	0.06912244744010415	51.555633926997004	0.4937117504655169

drug_300.txt	1.54818681069305	0.7342738748375892	0.27939973081203906	0.877621397591041	0.15444550915213556	0.2002974576637131	54.60888732146006	0.9093022245058343

drug_301.txt	0.0161063599406086	0.8234876683499922	-0.0026871856867003163	0.008619277442280193	0.13042704365150629	0.18528230080761565	33.5367660024687	-1.3191513586610402

drug_302.txt	0.148657533180748	0.6403064747470334	0.36863512250221	0.8482758934450142	0.1363429344958127	0.07849474525662992	17.905131370128725	-0.924142948488052

drug_303.txt	-0.0411886499255447	0.9346078226565165	0.053124184808904185	0.10283511652683724	0.11947670851853914	0.12234210857575951	31.67483688943749	-0.3119335181196307

drug_304.txt	-1.55550440572907	0.9891290697416633	0.037405680039427985	0.0966726148873781	0.041821203599705405	0.07377965550322635	48.975489331687534	0.3568396088854279

drug_305.txt	1.53855126401307	0.7316946467755947	0.30034306722687265	0.7872980801756724	0.12897606030913705	0.18039525136526247	61.62281784517722	1.176984632953697

drug_306.txt	0.0107833920115499	1.0678969051079972	0.3190367534702796	0.7344118140589438	0.09764189846567596	0.104970527292968	28.141068594604125	-0.8180989768299397

drug_307.txt	0.0277389111138486	0.7762671459462045	-0.008257657628504833	0.0011502695904903049	0.11000609817178823	0.14719243371736004	44.62881326044789	-0.005997440232532102

drug_308.txt	0.0277888362261802	-0.8316899054110505	0.3869240110778223	0.9325971861043345	0.06519271891167842	-0.03778389015920966	14.371892082525127	-1.613772167833371

drug_309.txt	0.0269999762261369	1.1347301331664768	0.04419504487137374	0.10026878777078319	0.07869329745035249	0.07036745033256718	40.235408217245634	-0.6371122785910897

drug_31.txt	0.0139005777048713	-1.2264026793450975	-0.06284548866278378	-0.09526907915442961	-0.1418335471297162	-0.19713264684215634	11.587374360782931	-1.5756911917877612

drug_310.txt	-1.5202073513107	-0.8886450389803026	0.0067768349735527755	0.0330167066270593	0.04420723650808969	0.023173520250649136	31.823840592488096	-0.6850669134289304

drug_311.txt	0.147799728977962	0.7651954700182463	0.3958311591956487	0.7642102763941464	0.11648927639736606	0.07948159534304654	2.2142479280550167	-2.157658957405414

drug_312.txt	-0.0699954397408216	-0.6894512556907292	0.011769486977265764	0.028671915056063757	0.040557274232570835	-0.06242281950484844	14.606594956797743	-1.8364782241270643

drug_313.txt	0.018053439321537	-1.0316779355082786	0.02672622914003095	0.04496317141274658	0.06504562173085433	0.009638555836534354	27.942867219185327	-0.3582067646238407

drug_314.txt	1.54029864294467	0.9222090480258791	0.31397709878100527	0.7538677824164168	0.09856584583535719	0.11680699648971626	39.817668841474166	-0.039290605567762704

drug_315.txt	0.0104339162252292	0.8750770831866912	0.3792087469488085	0.9395652708221303	0.09441178309521929	-0.008988255782709597	19.58772703226944	-1.0892567023384592

drug_316.txt	-0.120115713875075	0.848109645164332	0.02578784230094125	0.06300418487340498	0.05663139392442774	0.15281200306947276	52.598130841121495	0.2688701860544411

drug_317.txt	1.52127717514637	0.90593214729662	-0.02923507096425136	-0.04748196972678359	0.06860952187247607	0.1304058723872183	46.02874272615059	0.1617007904303039

drug_318.txt	0.0139096549980224	0.9399158333246231	0.03776484035572894	0.09353869553696964	0.07018849323160031	0.08976525453628653	49.85875506965262	0.40168453749878547

drug_319.txt	0.131333519201717	1.0527792691278282	-0.014681745460129458	-0.0004545488121546759	0.06095877016999829	-0.015828649786835933	29.98289543290425	-0.9979747534715471

drug_32.txt	-1.26503513128576	-0.933686081612995	0.004184183929033497	0.004535742609430737	-0.11654682162511638	-0.1537702081625084	-1.8298360077587728	-2.3870188599799333

drug_320.txt	-1.41335810137607	-1.0701008828334226	-0.11893407280170795	-0.22824597040447925	-0.21979207653171637	-0.168636372016562	25.716099453359195	-0.952528479782924

drug_321.txt	-1.40901915524981	-0.7937212955764749	-0.09381541767361251	-0.18564583506830984	-0.24634477187507578	-0.21549355278405094	23.101393052371716	-0.7160456225940075

drug_322.txt	-0.0814274259606262	-0.7652329553957324	-0.06732027295102216	-0.11566837060931157	-0.21647203699714115	-0.2280758898826311	-8.74254981484747	-3.5373787298817265

drug_323.txt	-1.45390680213446	-0.926120688080654	-0.09033217872432162	-0.18470261742803296	-0.25364657569275006	-0.30054828597114086	-5.818021512960677	-4.2452330047627

drug_324.txt	-1.35418733371804	-1.0077889455563775	-0.07880741529420757	-0.13942785925572837	-0.22617189539116186	-0.21309533583252238	14.305237171574678	-3.8603299136041764

drug_325.txt	0.222656491453296	-0.8673269109477025	-0.07625420425764784	-0.140845512760311	-0.19456920200186598	-0.22770719060126413	-5.124493034738141	-2.4306679361361634

drug_326.txt	-1.38066666234415	-0.8798428248559833	-0.06544914410049946	-0.11083346346185807	-0.2279040305896228	-0.2086857860403524	1.8822077235055545	-2.2121152375189763

drug_327.txt	-1.46199467033216	-0.9137261207790722	-0.09805680791026278	-0.16430527846257698	-0.1824702287396078	-0.19144952920334388	15.813260447892787	-1.6335181777531966

drug_328.txt	-1.44122582360226	-1.0610377107007247	-0.07231805219649451	-0.10171135018630478	-0.22738051101806633	-0.14543049412107137	37.11214953271028	-0.3389306676607101

drug_329.txt	-1.38910400632817	-0.6701829722775499	-0.10125434352072832	-0.1807899177659582	-0.22062660776170784	-0.2844111944912897	5.716628460588962	-3.0220700598708303

drug_33.txt	-1.43672305394722	-0.6682104765097194	-0.023370652773980816	-0.03790392729566561	-0.11706619419884665	-0.12456567148137856	16.439781343678362	-1.2635941656714647

drug_330.txt	0.198673418443763	-0.891581064820915	-0.1165312718445772	-0.232546489168231	-0.2108806162618928	-0.1657455678537479	32.51930876388644	-0.043017292419249974

drug_331.txt	-1.54629008867651	-0.8265978340100679	-0.09384784663655991	-0.24424465519660965	-0.2033557782344158	-0.13901459690632373	10.12484570622465	-0.9619764044651556

drug_332.txt	0.0509450110548464	-0.876237330535619	-0.03853069959646685	-0.04978337149704143	-0.20496911489673772	-0.22520824012458568	6.292540998060307	-4.226191255500931

drug_333.txt	-0.0609082047923787	-0.6339543816924902	-0.09453961992400803	-0.14743927906288928	-0.2252126651510067	-0.2302644663443155	12.069299947099276	-1.7300968091699123

drug_334.txt	-1.26383001255692	-0.7052888462019091	-0.10280825877006439	-0.1785633574861321	-0.2531061075842049	-0.29058069857195534	-1.421266090636572	-3.5107125092228726

drug_335.txt	-1.5065777956442	-1.1368582535430498	-0.06792731973336599	-0.14594740441316945	-0.2104391277597378	-0.23369802533571882	17.94674660553694	-1.7189012528489458

drug_336.txt	0.184544611653948	-0.9765920542293894	-0.08833860629602217	-0.15997463402815731	-0.20409638734374563	-0.18987809546588647	17.547522482807263	-1.2791174672273453

drug_337.txt	0.0984237928821056	-0.5398584354031402	-0.10970530108108237	-0.2469689283559165	-0.22112796555790876	-0.22887942843625184	6.503085875506965	-1.7183335995218763

drug_338.txt	-1.40602861940855	-0.9918447819522869	-0.11904583241829012	-0.20656498455728828	-0.21899324152104824	-0.18292721379826943	24.084288485275966	-1.4637595199592561

drug_339.txt	0.0854432636759148	-0.7525038450584458	-0.08102187481022405	-0.1203149842799478	-0.229101500431212	-0.25997096217621457	10.957503085875507	-1.6590670938706904

drug_34.txt	0.0184227987023792	-0.6867701378704447	-0.07995319777389245	-0.13022610063409112	-0.1530325126078969	-0.16948172009680154	15.424440134015164	-1.129936926315408

drug_340.txt	0.0795021753084659	-1.0027748878738687	-0.09293842223683751	-0.15286939961318363	-0.19896393504340742	-0.10680125323317845	19.494974431317228	-1.4492906323232546

drug_341.txt	-1.58211449060176	-0.8897831289804876	-0.11512547657485772	-0.2335187912436239	-0.22600175945087883	-0.07267687549722471	17.89437488979016	-2.049616600910141

drug_342.txt	0.0319924874592873	-0.4949500509682352	-0.26004293292150416	-0.8744424957161128	-0.20874609052731158	-0.20567227375179079	-48.35584552988891	-2.3972214450234937

drug_343.txt	-1.47567868975757	-0.9212988664566315	-0.17168429310089306	-0.3106071245229853	-0.23259074352586515	-0.14071437231991107	30.820666549109504	-0.15907673012753473

drug_344.txt	-1.58321284307305	-0.8453028405518204	-0.08617823747089323	-0.16347640695879528	-0.20273639863474227	-0.20543822916409918	8.789102451066832	-3.6386503036626108

drug_345.txt	-1.2165628181105	1.0184454191814967	-0.050041122196991944	-0.07900006351260391	-0.12460184445239136	0.009616600874246721	44.52988890848175	0.7312615116327263

drug_346.txt	-1.47677250358229	-0.8549659430666271	-0.09711474407189738	-0.11971393472711322	-0.21466331822697263	-0.25810512980942313	8.614177393757714	-1.8003637570102442

drug_347.txt	-1.515305180757	-1.0712709219077272	-0.09650764275258555	-0.16456937134893207	-0.23802905885659456	-0.3015747422537142	-11.008640451419502	-3.500120267807765

drug_348.txt	0.165523143855645	-1.0724944595405244	-0.09413061684268967	-0.20998971176954262	-0.1831794437371405	-0.06001424593833782	44.775171927349675	0.32390240066693426

drug_349.txt	1.46438156617887	0.7240076456462319	0.4305228645383631	1.1046905181685793	0.13625007233735012	0.07475930076140401	28.909539763710104	-0.023729271233140694

drug_35.txt	-1.4534860047591	-0.9357375102911055	-0.03519180025255417	-0.05822549425050627	-0.12236140489822894	-0.1581786304525442	21.133838829130664	-1.376970209695616

drug_350.txt	0.17788274298509	0.6119942784855907	0.3832459895624297	1.0592444029197572	0.17293350911394026	0.22832243913697006	38.24316698994886	0.8417786054885419

drug_351.txt	1.48769659363768	0.7735983868310787	0.40507548732612886	0.9145130327668929	0.10365739375714705	0.09979962486674114	55.3177570093458	2.33747334733178

drug_352.txt	1.39473603447642	-0.8633480385440497	0.33970128631690266	0.937356121739376	0.03622803857845826	-0.07552240940295128	24.304531828601657	-1.3578877314432838

drug_353.txt	0.102995074487835	0.8003910967694767	0.41696194365848127	0.9753924157022502	0.07722966164883485	-0.07512919480222836	17.546111796861222	-1.1014882501269414

drug_354.txt	0.0494254289561329	0.6989525224792211	0.35503890356465284	0.9741370406593362	0.1401029326074948	0.15819191624660006	38.01710456709575	1.330823888119453

drug_355.txt	1.50875591374842	0.9441147033377132	0.5121432032485114	1.1894172776248721	0.1533758014280967	0.03407773925469259	34.95538705695645	-0.5766558730890707

drug_356.txt	0.0497658274493022	-0.7249750044234918	0.3020362260017988	0.8035181808813652	0.08823389508759587	-0.012275043651653323	17.091694586492682	-1.6225101366766908

drug_357.txt	0.217323581726977	0.8739411401376789	0.3877684833598541	0.8780585190288869	0.12739082943919397	0.18654618280625818	28.742373479104213	0.31648271243287895

drug_358.txt	0.189805767539167	0.845406403196096	0.39679127175754153	0.9163833200767222	0.08495519873557025	0.07800962059577886	13.538000352671487	-1.3745744665727098

drug_359.txt	0.296647885314885	0.8113700995777808	0.34076207251713686	0.8134129975512447	0.096323834724564	0.012027757449487432	32.35108446482102	-0.4117033445426401

drug_36.txt	-1.4536476670276	1.0324713834177621	-0.048067201199726434	-0.10279879898165212	-0.09682974779750587	-0.055180938046901586	21.0597778169635	-1.7021144341099492

drug_360.txt	-0.0676489594612411	0.9746272527120068	0.2998594521077441	0.8067305883523659	0.09441523119761704	0.16502586027939595	68.39446305766178	1.717234368436938

drug_361.txt	0.142635613679049	1.1356981911495374	0.4405110133655254	0.9596706610403322	0.09881726332468829	0.1186217873375993	39.17880444366073	0.2712486944495455

drug_362.txt	0.119401417354488	0.8406327195751726	0.4432239534604156	1.1087006683712657	0.14293457620927588	0.22489354554936655	66.23505554575912	1.605103457500291

drug_363.txt	0.24291657751468	0.6977370485186961	0.3926390570142217	0.9147717618781239	0.10496180704422008	0.020512695004379466	32.34068065596897	-1.0457009645127204

drug_364.txt	0.120571091414826	0.862890570728037	0.3716531044940011	0.9612983120647745	0.06658104946955375	-0.010591321031672948	24.82084288485276	-1.6991222682445155

drug_365.txt	0.315869053562513	0.692183011665513	0.44310097969316586	1.0155608083299903	0.11727393271740659	0.04205777789968939	28.55827896314583	-0.550747390263057

drug_366.txt	0.159160825860776	0.8942097959935204	0.44377522133174907	0.9896610102840331	0.10033025469836938	0.1344407142283131	29.023452653852935	-0.2947282658347405

drug_367.txt	0.295787271473742	0.6018189175086999	0.41245308180425333	0.9325615170892265	0.12801947755763896	0.04535865948469736	18.17845177217422	-2.9222941226706527

drug_368.txt	0.0306535867194877	0.9717171392336267	0.43815450616548723	1.0391164881089678	0.04797598546556265	-0.037510718608604665	37.355669194145655	-0.4923362052865828

drug_369.txt	0.284965409029313	0.5588256795422526	0.5246122444131953	1.250968833078401	0.17876743687256175	0.16283714991199408	27.549638511726325	-0.9499314657615044

drug_37.txt	-0.0733395577629229	-0.5942838364135661	-0.08137670513216932	-0.13474942262392592	-0.13491940758629414	-0.14117650583759164	15.86633750661259	-4.012707743346332

drug_370.txt	1.48158714309488	0.9446549794170205	0.3603025793137604	0.8711057928499146	0.058171327051607734	0.005963514130197504	28.79492153059425	-0.7693061428052256

drug_371.txt	0.245982973591561	0.8372251515185394	0.4329267207699474	1.0554282412379918	0.12037513486240446	0.13842666309296037	37.092928936695465	-0.1756255388742559

drug_372.txt	0.175358390984951	0.7947321819681273	0.45933379770649074	1.0170380497641869	0.11107890741355325	-0.0005394097727865823	36.58561100335038	-1.0886972756134847

drug_373.txt	0.0620374632855909	0.730440183341746	0.3245552278443741	1.0889404438709163	0.12905821271847967	0.18035947141107989	38.745371186739554	1.300582520752725

drug_374.txt	-1.23203052564011	0.6760857809004914	0.2773210206016814	0.7902524218067161	0.018114995820355653	-0.042974605207044575	14.51419502733204	-1.8893607482939605

drug_375.txt	-1.34021824406248	-0.7532921240241425	0.24205759056352916	0.6779182933978225	-0.020600018425907102	-0.08487483326782058	17.87004055722095	-0.888741578134233

drug_376.txt	0.162078311104771	-0.9665013564105034	0.019260274086048773	0.06757981665120721	0.02580195553796363	-0.07361386039160961	25.23734791042144	-0.20801504827457065

drug_377.txt	-0.0369949404896983	-0.5801096394720967	0.027079402981437406	0.11391420883083903	0.017245261818786658	-0.04067754632350403	-2.462704990301534	-2.080457401503251

drug_378.txt	1.46185721417873	0.753002759290861	0.25266236261086056	0.9624730624710763	0.08009324090407743	0.13674746222304962	34.93122906013049	-0.04356711713896473

drug_379.txt	1.49545681477783	0.7127845142159577	0.006441021012142195	0.013223697516514532	0.005001297717859687	0.09147209448531896	55.40927526009522	0.843592323932461

drug_38.txt	0.0469605116135321	-0.5482009229911315	-0.08380858634055127	-0.1793443264029546	-0.15492405266517237	-0.22066826861187364	0.2690883442073708	-3.181279556175852

drug_380.txt	0.267919549247557	-1.1350757783241394	0.0069841455109688755	0.02995106247835344	-0.019220303084966743	0.013902972527686528	22.784341385998943	-0.6325882831903722

drug_381.txt	1.40161662268502	1.036556198105274	0.04494269013152011	0.11573308064568127	0.02463154866898926	0.11120388970752146	40.1777464292012	-0.08554237687998519

drug_382.txt	0.10202791051518	-0.8979362860969851	-0.060903638756316825	-0.12010906640120045	-0.06298086653756779	-0.08130511127128462	15.631810968083231	-1.9949336732142622

drug_383.txt	1.50625965813185	-1.1913768568408658	-0.04319499128855342	-0.07141816240884452	-0.060926669778579266	0.08235905707886997	20.62704990301534	-1.2039091619864237

drug_384.txt	-0.0799437207824627	0.6580366754776608	0.0341978382087591	0.08320853499979891	0.024516705993962624	0.1313508818049012	64.22659143008288	1.3293527258411393

drug_385.txt	0.326643368280912	0.7165605237821508	0.042531002571294024	0.12620704578451214	0.007947509886769039	0.028940572845989478	31.297654734614706	-0.6152198546726944

drug_386.txt	-1.43438608321284	0.8402621843743754	-0.013587323074176233	0.028275961491458612	0.030531567992278963	0.12979637645633788	56.167342620349146	0.9195392189154082

drug_387.txt	-0.0816865610674896	0.7346273006139423	0.02561892653891623	0.07242711304865729	-0.026071492615937074	0.070775560183562	53.266619643801796	1.1673210047087583

drug_388.txt	-0.113938183633641	-0.994234671880837	-0.016575116509903065	-0.016047058163996597	-0.01799412983235483	0.06990837670122303	44.07564803385646	0.09454258626719436

drug_389.txt	1.49298908779688	1.008049892554474	0.02199018070810238	0.07176763423599353	0.05181203561373079	0.1378702314803028	36.49814847469582	0.14614832297684993

drug_39.txt	-1.50292375289879	-0.6337406267818612	-0.07010887530037724	-0.11376867697622933	-0.14628502129005425	-0.2217392680383853	4.4530065244225	-2.6501166417232067

drug_390.txt	-0.0106930513320929	0.6972467607524877	0.2882037164516328	0.9001351411962599	0.054848786018476765	0.14462758737582604	50.86845353553165	0.8742474052284432

drug_391.txt	1.38467061312793	1.1490049803240043	0.03017901430217959	0.11025155261692676	0.012676520957503313	0.06605063247728624	46.058367131017455	-0.45842855909955593

drug_392.txt	0.373523048760193	-1.114311652026086	0.010154021619107279	0.07291699126555878	-0.002993524296064368	0.026560375880785254	38.124493034738144	0.04361952011073645

drug_393.txt	-1.58121583857979	1.1845128308892754	-0.002028964051638771	0.016259844228871945	-0.019261105516091094	0.010554666396040167	55.74343149356375	0.036231922926925925

drug_394.txt	0.330708698856477	-1.2084665506393368	5.1249667845421065e-05	0.04054357167580808	-0.035320085653189025	-0.05249093287930343	9.463410333274554	-2.4041564239578515

drug_395.txt	0.0347828905991663	0.7580318424064658	0.014931648816733561	0.029515972934441304	-0.027578563823341957	-0.020882404943144927	26.411038617527772	-1.1934388349728577

drug_396.txt	-0.0567739300140699	0.7881020373649738	0.0016058967172498384	0.029304586459709403	0.00625332310036048	0.07666573259674628	46.29007229765473	0.18311650373043564

drug_397.txt	0.121139718992939	1.081628780384618	-0.03581616625047568	-0.029861470091972098	-0.04869390917461967	-0.04807340408669417	28.287250925762653	-0.4518220257163003

drug_398.txt	1.41583987654881	0.7660748001983673	-0.021133578227706534	-0.04160857351409597	-0.0007038997416282319	0.08465041232826276	52.453888203138774	0.7109960882131027

drug_399.txt	-0.0472881586710844	0.9591855906585307	-0.032208123207085826	-0.054579336136563184	-0.03848360717494476	0.10082075852178835	57.18391818021513	1.8327559278812129

drug_4.txt	0.0842137227059844	-0.7854024341542887	-0.010171184996136937	-0.002211758290279753	-0.0017590921319626928	-0.08048303048198024	29.01163815905484	-1.336635346875452

drug_40.txt	0.053301000879633	-0.6326133745063534	-0.12305951120216335	-0.26056769938227964	-0.11871716756669357	-0.1402671692560327	13.682948333627227	-1.0200876050401695

drug_400.txt	-1.46054684207455	-1.1211985249891683	-0.018215322056687938	-0.031143285410855204	-0.009465236272855101	0.0486378340390461	42.2272967730559	-0.06105285262888094

drug_401.txt	1.3479916488903	0.7492565643885329	0.004876599063253925	0.060671763175509985	0.040911504732643246	0.13537908684419198	56.50167518956093	1.1633300351264257

drug_402.txt	-1.50271497515631	-0.794866729042685	0.012827702863685037	0.04916909836856859	-0.030952804365615434	-0.09265646061518228	14.72209486862987	-2.852197465844317

drug_403.txt	-0.0993600508328417	0.8836901995761834	0.02710936984819512	0.08713557335852523	0.03256314265023362	0.16072885142363175	61.83071768647505	0.9735640878667858

drug_404.txt	-1.3907420254899	1.133732323626285	-0.008910630164712219	-0.018915399982182834	-0.02039791438485279	0.0782189158921352	43.2221830365015	0.7021538584220679

drug_405.txt	0.339272044314481	-0.5940349148272513	-0.2670583694177842	-0.8864015425658357	-0.030465236185050527	-0.045874378045951514	4.065244225004409	-1.5131286414322722

drug_406.txt	-0.0232741796396314	0.8639784201892229	0.007851441743090354	0.045574871769798686	0.00034504850067156815	0.16048841760820748	68.23805325339447	3.0650792600391954

drug_407.txt	1.59276539735851	0.6196305434976417	0.40532356388145463	1.2006362709160168	0.3873141345335302	0.3065081586489718	71.26556162934227	2.2587833703682283

drug_408.txt	0.0982431115231914	0.6279878745328266	0.5066722384065458	1.2955172620573645	0.38236154718521165	0.21088503314209756	48.722094868629874	-0.19290540739691267

drug_409.txt	0.0374434019965724	0.9294286628257373	0.4904720146473228	1.1708782513382496	0.27274847074407993	0.20638334298778346	51.529007229765476	0.18105197378555365

drug_41.txt	-1.3108618457595	-0.8970857012000863	-0.05496638026721892	-0.0781112366907381	-0.13220906350214107	-0.17332060266614555	4.529536236995239	-2.309366305493691

drug_410.txt	1.48193164798257	0.7978927740158359	0.5621406020178072	1.2070266793983015	0.4152248453803953	0.3054733991025505	57.90354434843943	1.366724504603316

drug_411.txt	0.184218693604615	0.7495876937028076	0.5952482239831207	1.2813226291780917	0.3607057559771463	0.1957688240776469	41.953623699523895	-0.2632091214361054

drug_412.txt	0.240683995651544	0.7260103594117433	0.6217065069580885	1.277623667497576	0.40882320155200647	0.1472928303085617	49.136836536766005	0.7039883286580834

drug_413.txt	0.130894134987994	0.625014149389103	0.4853482776895588	1.328522436767523	0.3216871784030794	0.0789679357105793	19.451772174219716	-1.6293756378545696

drug_414.txt	0.204538214323536	0.6824218618270914	0.5882864574169206	1.3962642584263474	0.4270321518644371	0.22865064808986482	37.12943043554929	-1.2397278268266974

drug_415.txt	0.304949502153696	0.742747136161306	0.6259471576328938	1.6563394775550289	0.36823879003092697	0.26357100614145706	40.471345441721034	0.11679933218400962

drug_416.txt	0.226055937738414	0.9525310207282172	0.5496664447282946	1.2397822108536816	0.29298240521371965	0.1034239530762352	28.60271557044613	-1.3938721474825038

drug_417.txt	0.233295079026482	0.831549378001691	0.5126524734963249	0.8810088846309505	0.2526133922397855	0.029904689000502135	27.20895785575736	-2.0092099607959275

drug_418.txt	0.0185172457763572	0.8116156113362637	0.5531801285186955	1.6742506315890222	0.3429397355808477	0.1110945991534806	27.870216892964205	-0.8758348483147088

drug_419.txt	0.0299500965002711	0.7278173177365783	0.5762990615205353	1.342556816009473	0.4029425693878787	0.22029081833590985	48.757009345794394	-0.10415866385963764

drug_42.txt	0.062337446211635	-1.2412880490902052	-0.1344913321264865	-0.24793118360468885	-0.09908597652287904	-0.036704814652671794	29.256392170693	-1.005737198322658

drug_420.txt	-0.0278586449330331	0.6196529589076725	0.4872010493658472	1.394545963492163	0.3622472438625707	0.28356089136177653	62.19837771116205	1.0489132968413097

drug_421.txt	0.061348453510211	0.8368331867122055	0.5271154652602497	1.2737836957088229	0.29900074102423124	0.14016846391622517	28.67078116734262	-0.9304663939324535

drug_422.txt	1.5447374392956	0.9466553862689597	0.5505155623253952	1.4065087609343263	0.373492911085778	0.29219663784247724	59.80479633221654	1.0258451174331351

drug_423.txt	0.241185624161161	0.7242941648002601	0.5957251225168965	1.5172961658989554	0.3463775454961572	0.13212827442204467	33.06736025392347	-1.1283056632073774

drug_424.txt	0.271537715072413	0.6652809870922709	0.6165934908995179	1.5416494621067793	0.37395988786089707	0.2871415772996091	44.36783636043026	-0.8412374237880058

drug_425.txt	1.66301003040893	0.5676178420678029	0.38166223447079595	1.2885710732553788	0.31638145455584465	0.25627910201087667	69.37171574678187	1.1182815638243042

drug_426.txt	1.6374483728952	0.7045332582362658	0.543214631284801	1.299611234873559	0.44217448569028406	0.40491039633867154	71.5930171045671	1.5991238729195645

drug_427.txt	1.54049380474742	0.7935707191377329	0.5421592045208458	1.2563600216847803	0.3652652147084548	0.2728258326269932	59.42214776935285	2.0624909369689934

drug_428.txt	0.205731878372917	0.8277916501039864	0.4412963648089536	1.0549403184276813	0.30188626640963523	0.21871654705858318	50.53941103861753	0.841813705058318

drug_429.txt	0.196191211018969	0.701833854162365	0.5974472962921366	1.4761581135107185	0.36498197498101875	0.16094046310646798	44.35443484394287	-0.250145758205839

drug_43.txt	-1.47597370178498	-1.1819124859613783	-0.0817446850317872	-0.132159639147446	-0.10419415622950132	0.03162083372381514	42.64309645565156	0.31434212727477084

drug_430.txt	1.63714882222121	0.5461508657519422	0.3877437113465817	1.234644576666366	0.3284793804594524	0.29793230855460234	66.61417739375771	1.7209362333609795

drug_431.txt	0.0830159522620831	0.7530512138503138	0.5179826840568955	1.2040251411000211	0.3131821054771635	0.14025919110348442	44.351613472050786	-0.095739621445807

drug_432.txt	-0.00848770134841037	0.7322836945990887	0.5907464199519332	1.3702341924190309	0.35170480357134826	0.09066694239052546	32.19837771116205	-0.7859050441312714

drug_433.txt	0.0881128523664718	0.8726080699700216	0.5791073504424668	1.2821126386901691	0.25674927778047535	0.08590234414398794	18.653852935990127	-0.6433028393566025

drug_434.txt	-1.5738487506835	0.9204770869548502	0.31070250752318906	0.7936069690551961	0.13752841632396895	0.06915980958944283	35.362898959619116	0.36524366252259527

drug_435.txt	0.129381901174213	0.8424613912279775	0.5056678177028198	1.0500126570771706	0.3107161232492259	0.19834245181098245	47.35937224475401	-0.0013042296121266548

drug_436.txt	0.160205146825217	0.777942769694534	0.2677664005005316	0.8543609758001451	0.1267006733196439	0.07727353257392991	61.1915006171751	0.383310812760976

drug_437.txt	0.182067375127785	-0.8295121674301811	-0.039487105906059916	-0.04137713977526547	-0.1343617267392595	-0.19540443725738296	18.189208252512785	-1.0984665712802348

drug_438.txt	0.0119725174143547	0.830288556257313	-0.011026046499781034	-0.0019622966986374557	-0.09837113704808713	-0.004076601737773443	28.144066302239462	-0.6417770345772636

drug_439.txt	0.201638019161734	-1.1282379661731068	-0.017322776955237873	-0.013667622895111586	-0.09755515643230205	-0.1425343870727624	32.57397284429554	-0.644725072383798

drug_44.txt	-1.45509549528521	-0.6659176903929317	-0.11200380056813705	-0.18719416997455923	-0.1584396638264989	-0.1966585156648372	3.7143360959266443	-3.4729832297033396

drug_440.txt	0.241877659700925	0.8518495838946014	-0.0384570183343832	-0.053225517383733156	-0.06109352489539452	0.02001465128730482	27.24933874096279	-0.9990584883615272

drug_441.txt	0.0479685234053681	0.740154120986088	-0.010958082932174373	-0.010360663853176466	-0.0679145799747275	0.028702634528227154	27.9111267853994	-0.5723798264251294

drug_442.txt	0.21001592848822	-0.7843190157949593	-0.07403412359103317	-0.14177702088478372	-0.1748945488569274	-0.19674094452948107	10.953623699523893	-1.7184687859484917

drug_443.txt	0.202436820959038	-0.7343915019996672	-0.019297365976678693	-0.01917899599372519	-0.1331285654296819	-0.16913860972415456	2.953094692294128	-1.487537624458724

drug_444.txt	0.145572118013456	-0.743037460648956	-0.03529224242184659	-0.03294763657959138	-0.10282417307263977	-0.1597892666801691	21.65879033680127	-0.9234614412571873

drug_445.txt	0.0959964814682737	0.9488468823052161	-0.021260696378229443	-0.04332193150226388	-0.12577519214003752	-0.1600570711994118	17.52689120084641	-1.148032856344829

drug_446.txt	0.213420345671968	0.7302950879123224	0.003754676924129452	-0.0002518134239726244	-0.017900683218581924	0.006826272546438976	29.94639393405043	-0.2572955710357455

drug_447.txt	0.0443739153174999	-0.7583955619902016	-0.033234947646112734	-0.034918199922768345	-0.12112101924442766	-0.13548107663675227	26.482101922059602	-0.761565552231372

drug_448.txt	-1.41364814250486	-0.8164873453521864	-0.014133539380053628	-0.004087161722277355	-0.13219238740559966	-0.13773127438672403	-2.1768647504849232	-1.8323005948204618

drug_449.txt	1.48968452083779	0.8281409485832827	-0.00791413533521973	0.02370996065314218	0.001752904059386013	0.08871127138509723	63.788220772350556	2.2997922833988134

drug_45.txt	-1.48874502099664	-0.554451060637027	-0.09257723582134159	-0.17549154815496076	-0.14993979696904303	-0.18225299819224813	12.5418797390231	-2.6989334571844092

drug_450.txt	-0.161538212162276	-1.0589530082542096	-0.03992607835849821	-0.0659011687328468	-0.12735127044250613	-0.15600530185398345	18.60923999294657	-1.4682230627587107

drug_451.txt	-1.52152723296008	-1.0029489169847516	0.020231768647425902	0.05066644336070525	-0.12809536416114423	-0.11418996788141418	9.884852759654382	-1.553097702148124

drug_452.txt	0.256565584523647	-0.6528340679545726	-0.10338367279842012	-0.24411490873437097	-0.13571319453308628	-0.11706578114931529	26.907600070534297	-1.743872092186681

drug_453.txt	0.250964030145258	-1.1602931354727004	-0.020766155399651626	-0.027533082598092506	-0.10965681735064435	-0.0665725545086935	30.979368718039147	-0.6136756136255292

drug_454.txt	-1.62128668469158	-1.298217430009593	-0.06767556609629699	-0.09513655171151686	-0.1415102211633728	-0.11115803154285209	26.516487391994357	-2.1060100346579946

drug_455.txt	0.362846206880156	-1.0039772104618327	-0.04595071622048447	-0.06853156584519432	-0.14742804456477254	-0.16578853106836056	24.361488273673075	-1.2319159687672956

drug_456.txt	0.309925587808763	-1.033310993818293	-0.04145747598614907	-0.04937721691732866	-0.12491303084136451	-0.1478420284022922	8.521953800035266	-1.6996691282721939

drug_457.txt	0.413223022608944	-0.9924470983862506	-0.04396773376140817	-0.10128372483558451	-0.14011973594808533	-0.13710095992853405	23.29095397637101	-1.587909239498227

drug_458.txt	-1.39267959532563	-1.1143408621385398	-0.019301719343988805	-0.021941213824088812	-0.1659263742604507	-0.1923066235606096	6.500969846587903	-2.003010698791016

drug_459.txt	0.309856643606019	-0.8955874531496231	-0.04903623513316124	-0.1070214252726292	-0.1699008853105242	-0.1946219242268171	7.3935813789455125	-2.1084971035049036

drug_46.txt	-0.0185217844229328	-0.7099930876365179	-0.10819066517981515	-0.20292566988431554	-0.15115588635245678	-0.1543401758041263	10.397813436783636	-2.602935816222157

drug_460.txt	0.373530180919097	-0.8115843262791054	-0.017565698079954256	-0.03897668671775806	-0.12057439326038316	-0.16192846812857278	10.470640098748015	-2.9222633178729422

drug_461.txt	0.276428214820626	1.0943023552210087	-0.027727550007172364	-0.03338717652270412	-0.11440583021154051	-0.14264538337433053	24.23628989596191	-1.3876209204432188

drug_462.txt	-1.35229968899465	-1.120431243669179	0.02708707062711352	0.06003394324268563	-0.1291233531808162	-0.09888256883788434	14.695820842884853	-1.7960601280448958

drug_463.txt	0.177124789006966	-0.7781154429630193	-0.028839662788182924	-0.053185375530784784	-0.12590283711166309	-0.1417876846803951	35.61788044436607	-0.8392163766525941

drug_464.txt	0.374730761001355	1.1376947524895673	-0.01769872046949758	-0.00730100946901191	-0.11782513579995763	-0.11807483843629814	20.64627049903015	-1.8513017817322879

drug_465.txt	0.266780781209139	1.0343025764055085	0.018599291056178663	0.05150595065944735	-0.07157653812029298	-0.13401794357062713	5.902839005466408	-1.7912785519349232

drug_466.txt	-1.53219888781546	-0.8069346185012661	-0.14190108738663026	-0.2744391768041676	-0.24850155543420965	-0.16432176058193507	11.530417915711515	-1.96787152370126

drug_467.txt	-1.49655235761077	-0.6959365372658668	-0.3901205902936308	-1.1344737101920073	-0.269332811773868	-0.16018612710178248	10.23928760359725	-0.9077342546334883

drug_468.txt	-1.53644252236364	-0.7264322179658815	-0.1313419549658592	-0.29115912347248024	-0.24540877965180943	-0.18174355937406483	5.313348615764416	-0.8250984524599544

drug_469.txt	-0.155975560468821	-0.5306042249064462	-0.11977616853766934	-0.22470702565772505	-0.230623624336699	-0.1703850171137418	13.425850819961207	-1.4903488856898315

drug_47.txt	-0.00933556375393629	-0.7748651406461279	-0.04558584265304741	-0.07611443249907907	-0.13164096774878034	-0.1335640986729391	15.67078116734262	-1.6388336937997654

drug_470.txt	0.101609490526116	-1.0035485438186071	-0.1120259397675307	-0.2193325866505203	-0.1677461681617524	-0.08139924403804003	7.375418797390231	-1.198777389848088

drug_471.txt	0.0763259872096617	-0.5951600819144667	-0.08440336370809065	-0.18569329402234025	-0.23199219103414245	-0.2166280555062458	5.206312819608534	-2.267580477888068

drug_472.txt	-1.58526928222385	-0.4169766092157591	-0.14674522665082274	-0.342186902565821	-0.2154983263317268	-0.15924915653665525	8.058543466760712	-1.0242939153327302

drug_473.txt	-1.48780595340755	-0.904561349270482	-0.14018215086564373	-0.2034367563747283	-0.22196776956872577	-0.08596927861712894	37.84411920296244	0.0067799758886871375

drug_474.txt	-1.45151990628775	-0.8571438440798405	-0.08396619206420855	-0.1900334474034785	-0.20031682711442428	-0.08578769600564005	34.8718039146535	-0.24072976731829387

drug_475.txt	-1.57803014093578	-0.9530430138067332	-0.0984333316493709	-0.2181751444639271	-0.19644166409439676	-0.057642391224862095	36.484394286721916	0.16801650279982672

drug_476.txt	-1.4694929467271	-0.825931067465888	-0.0824506358547881	-0.1749361796172404	-0.21172481960941358	-0.055402732464607245	46.324810439076	1.5557933164954596

drug_477.txt	-1.39635265716144	-0.8922231582700522	-0.07635936835337581	-0.15840709474494052	-0.19836265216420537	-0.07484211073469067	43.028919061893845	1.550631306247599

drug_478.txt	-1.57638261222884	0.8005018317342419	-0.0337816907792125	-0.04384818754023234	-0.15644545854476988	0.015273076648109136	35.60888732146006	-0.30942095988677293

drug_479.txt	-1.54902365067118	-0.7552207458600433	-0.09211495174499565	-0.22458352527096037	-0.20389747763368615	-0.03687135805510517	39.48280726503262	-0.2079181151388119

drug_48.txt	0.0184033473599124	-0.6090177461352514	-0.06964266010630796	-0.1306456518486248	-0.16772867986990897	-0.23635653361642775	8.027508375947805	-3.8231319692461567

drug_480.txt	-1.53259828871411	-0.7241933904577407	-0.13749740554490414	-0.2618065152657636	-0.2527590982964124	-0.1296096329116255	23.517369070710632	-0.6236051053844358

drug_481.txt	-1.53639259725131	-0.8533610041799922	-0.14825234780884627	-0.32139265207062206	-0.2521199960312241	-0.10752716977000437	13.909892435196614	-0.4441244233130805

drug_482.txt	-1.5929577495229	-0.7366444955682901	-0.06890556697311573	-0.15520298705436625	-0.2395782896565815	-0.1462946879464192	16.370657732322343	-1.2781670456445757

drug_483.txt	-1.50065075546853	-0.8041656763916234	-0.1456481758145964	-0.2727308743136923	-0.2429786037488822	-0.11719139987035752	13.077058719802505	-1.65492945033101

drug_484.txt	-1.42530922231372	-0.6956023256568848	-0.2212149335888124	-0.44228206144676296	-0.27260073539751456	-0.20091107168959632	10.650855228354787	-2.013648238233941

drug_485.txt	-1.47937811896873	-0.5561183962533578	-0.144356290664552	-0.2913968943071857	-0.24802126788794288	-0.19883295958033456	1.926291659319344	-3.264672977814109

drug_486.txt	-1.49136468457487	-0.6438856131394832	-0.12303996032304626	-0.2246036220010424	-0.2671621495766994	-0.26761174195577225	-1.3124669370481397	-2.0883506126318134

drug_487.txt	-1.42231371557383	-0.6746226812771354	-0.11825109156614813	-0.22747376619934484	-0.23642458370326808	-0.18807875893483933	19.508904955034385	-0.6208316502393749

drug_488.txt	-1.45890882291282	-0.5362396445473665	-0.17552379322958267	-0.33792730565726625	-0.23825905270394312	-0.21437790742996515	4.075824369599718	-1.8850802005030811

drug_489.txt	-1.40893832411556	-0.5629237181425517	-0.16187897212829486	-0.3110328826640026	-0.26332925634928017	-0.21775790286662114	13.579615588079704	-1.050358739719145

drug_49.txt	-1.43443103742654	-0.9129501416380968	-0.10063188529752662	-0.228604629406233	-0.1611196246004017	-0.19621623474025002	-7.646975842003174	-2.825281696243494

drug_490.txt	-1.46410103459529	-0.5863051937576098	-0.1502155400112208	-0.2792492357146748	-0.2606522723777119	-0.2714148792717148	13.371715746781872	-1.5819413753733689

drug_491.txt	-1.5096372756882	-0.5937148567420678	-0.14418873168277763	-0.2721912702554212	-0.2531355886270597	-0.18544581771610982	28.014283195203667	-0.8389436514422128

drug_492.txt	-1.56674706554886	-0.48111180209290333	-0.1695675815023136	-0.3529671288048422	-0.2632649861088177	-0.1982781238230074	3.9213542585081997	-1.3865040451476704

drug_493.txt	-1.61707157877902	-0.6690636121258923	-0.1325267283907396	-0.24354600046536523	-0.24402636457416121	-0.14330867031904784	12.303650149885382	-2.059168848741384

drug_494.txt	-1.60339209800019	-0.47747221704966725	-0.30076674252928537	-0.9709037060574491	-0.2142550013881938	-0.20900158582371245	-10.96755422324105	-1.8173641554061857

drug_495.txt	-1.61267816889385	-0.7813261673846383	-0.11165075291896026	-0.20760261178266837	-0.25417639129885183	-0.18350894141727428	8.035090812907777	-2.2385994503595423

drug_496.txt	-1.45272264763029	-0.7054879740825812	-0.12340461151056523	-0.21397775720935058	-0.24774651142109058	-0.18154180142626947	7.779756656674308	-1.2523409702784294

drug_5.txt	0.161697929296531	0.8172441360188774	0.2972696960399328	0.8300219402218305	0.05383814059408474	-0.007038527297788759	33.438546993475576	-1.9916520333026633

drug_50.txt	0.0839550198511756	-0.46335583969294947	-0.06758174336327455	-0.13331498437843364	-0.1657136869303501	-0.19625659703172932	8.066125903720684	-2.8384849767061175

drug_51.txt	-1.53341848698813	-0.7548245037115231	-0.09330089675716674	-0.1518395755755672	-0.1769361754841765	-0.2675969472214168	-11.439428672191854	-2.490726167722216

drug_52.txt	0.166890140979008	-0.7115688497129471	-0.07167887086919358	-0.1373588053430186	-0.054501503005404794	-0.03137663633873171	4.013225180744137	-2.9342014672404892

drug_53.txt	0.0684378194612841	0.7012950621617174	-0.07992529659291181	-0.14839924915832686	-0.09174889358960121	-0.025574556938580323	11.748897901604655	-1.805111602901889

drug_54.txt	-0.0938187956160997	-0.44125921614663743	-0.05496711300110704	-0.10242721010341616	-0.17732463917267136	-0.24077620453341264	-4.1421266090636575	-2.517957619363569

drug_55.txt	0.0749280840643796	-0.5855624936557704	-0.12636076515479674	-0.23857836445297959	-0.14432115101961132	-0.263227729168781	-11.73673073532005	-8.821715061828666

drug_56.txt	0.0814682737798065	-0.4714082563123108	-0.08493794365571816	-0.18788823126843268	-0.14156168264812713	-0.17591444652344881	8.448421795097866	-2.9200161281180392

drug_57.txt	-1.43496616547041	-0.48492292907138906	-0.06863730256041797	-0.1317398078135304	-0.18580743895217516	-0.24301631171051455	2.782049021336625	-3.0296761877759733

drug_58.txt	0.201538168937071	-0.8648268396566701	-0.10011054177834794	-0.17003451308877332	-0.14402405611152497	-0.19311842886921265	-4.886616117086933	-4.44126831836695

drug_59.txt	0.174818724294511	-0.7858444159031028	-0.11646771583589044	-0.2237796580254437	-0.14632170842080028	-0.17884026825840535	-2.8585787339093636	-3.3870245850641796

drug_6.txt	0.179820312820812	-0.8272824599928541	-0.05223602648083567	-0.07135244093136117	-0.036420718660605686	-0.12856209949633618	25.02839005466408	-2.2056804882845675

drug_60.txt	0.0555571404797567	-0.4191186991551739	-0.12259386254974247	-0.26499997178414236	-0.14653131358487484	-0.17457195593446787	8.701639922412273	-3.278286512801686

drug_61.txt	-1.45054733916441	-0.7569659462596442	-0.07073313164702377	-0.12096362329796434	-0.14885320444103017	-0.15315976030469183	6.045141950273321	-2.339777514833331

drug_62.txt	-1.37216988370258	-0.6576266833102755	-0.0911519341211317	-0.1501355502101947	-0.1564176051954842	-0.17899162685145276	-6.5725621583494975	-3.8741849538369175

drug_63.txt	-1.51621334232418	-1.1405256563000306	-0.07069340429814985	-0.1050448327883321	-0.14258175316755625	-0.1567620948192206	-4.7818726855933695	-4.225482997197174

drug_64.txt	0.321938520790243	-1.1814559511878069	-0.12833908284456302	-0.2211396136188158	-0.1294262132929578	-0.16008189329339415	-10.274731087991535	-3.2930318302142556

drug_65.txt	-1.38903506212543	-1.3672344172313906	-0.10676981808762459	-0.16565231199570019	-0.1300379781476561	-0.004525621932118081	9.684711691059778	-2.5135880224340044

drug_66.txt	-1.64480141259972	-0.9271354387479206	-0.07138299452650318	-0.14287377114366523	-0.1179841289634844	0.022254758464406745	44.373479104214425	0.24308061619094007

drug_67.txt	-1.55829070247443	-1.2894104696934652	-0.045835378877049304	-0.06098979575762775	-0.1447138603526996	-0.06416090759280449	22.924351966143536	-1.9747864594371605

drug_68.txt	0.0661412642940351	-0.9072845810022288	-0.10245231379761971	-0.20020149912635804	-0.11563398558247087	-0.09645074077625568	14.731440663022395	-2.1546838952221044

drug_69.txt	0.0711337755271854	-0.920863490024974	-0.07688937745213734	-0.15123301110947163	-0.1341948083937168	-0.14081898968489157	11.826838300123436	-2.9708663648380407

drug_7.txt	0.147169289356009	-0.7957004417910004	-0.04109061989124377	-0.0631934099136629	-0.03073345005639904	-0.08246385290415617	38.51296067712926	-0.4167368548224097

drug_70.txt	-1.47976801032218	-0.5352717824799108	-0.0628205829718434	-0.07960061650600309	-0.15232415232857324	-0.15109119286637698	2.728619291130312	-2.6172456566064324

drug_71.txt	0.063335948458265	-0.4502020538865126	-0.04719199259752191	-0.0904578077123766	-0.17043241577714124	-0.17304827943112377	4.079527420208076	-2.1100820190267062

drug_72.txt	0.0530513753179754	-0.526183192251413	-0.10521998306444523	-0.23788178919930314	-0.15565573307641864	-0.16657013164869386	-1.0153412096631986	-2.3373269051470555

drug_73.txt	0.240610512802225	-0.45070477521182345	-0.08057039348419998	-0.14848411582510634	-0.12207808321758694	-0.16173674724404605	-3.4288485275965437	-1.9675849828376588

drug_74.txt	-1.40386735913446	-0.6797262541939968	-0.08029158376146486	-0.16892920702587716	-0.1468316205554044	-0.14528911346622558	8.986245812026098	-1.7076995320479862

drug_75.txt	-1.40318288800565	-0.7759741437316323	-0.06780995222092301	-0.12135870366002666	-0.165152731255343	-0.15387619097844965	-4.440839358137895	-2.1414156557298774

drug_76.txt	-1.5080161143566	-0.5081480679017492	-0.0872058394812811	-0.1652249145202162	-0.14792419182112762	-0.1682451667450854	-1.1953800035267148	-2.181028053787036

drug_77.txt	0.308318474668949	-0.7898832599099281	-0.05621630167882202	-0.09349097596937089	-0.09483894321586499	-0.12767097323550505	12.890142831952037	-1.6382687825252233

drug_78.txt	-1.41840053772156	-0.7541966852222326	-0.07937471422712725	-0.10621354664137889	-0.15575882878386824	-0.20692233255513803	-2.9807794039851876	-2.811417005030523

drug_79.txt	0.248817250315004	-0.395050218581965	-0.09218599038282768	-0.21096039849256273	-0.11725830219346477	-0.16642886362851628	3.8973725974254982	-1.5145111950681571

drug_8.txt	0.106480322805835	-0.7905967793429779	-0.02232151434953271	-0.05036046668903077	-0.003122586016229459	-0.06912479172828359	30.84694057485452	-0.9447442291627894

drug_80.txt	0.0831062929415401	-0.5626145425282802	-0.04329617268005248	-0.09770685893924957	-0.16887937738498235	-0.1915442995015194	-11.775171927349675	-5.340926869441779

drug_81.txt	0.0854527732211207	-0.633783352882607	-0.08316986515654132	-0.14366828837681045	-0.14599917838907212	-0.175389292336924	2.635866690178099	-2.0269451797929134

drug_82.txt	-1.48713790785683	-1.0653318889232732	-0.15315549450826432	-0.2580129276015111	-0.1322341792455661	-0.14942833574339182	13.348086757185682	-3.3121234197773473

drug_83.txt	-0.0777928345576873	-0.4121771283333855	-0.15391957028427822	-0.28595246331802393	-0.13143405633844102	-0.13526276101201876	12.416328689825427	-3.1125480116003508

drug_84.txt	1.46278439483632	-1.31740331617594	-0.14882387807593614	-0.2696506469261837	-0.10186205957880987	0.03191581905249475	44.97637101040381	0.5134339569120085

drug_85.txt	-1.24266414231467	-0.9492578492384107	-0.16624264872259434	-0.2707056485118111	-0.1288537790173777	-0.10530381030620638	23.701287250925763	-1.7992527156045959

drug_86.txt	-1.5024649173426	-1.08989551486089	-0.13706140730377186	-0.2277915887127377	-0.139725521659956	-0.19564513063353434	18.82190089931229	-1.4032771366887

drug_87.txt	-1.29632175113952	-0.9658422057650662	-0.2031166531263039	-0.36803913482802214	-0.14053117016513644	-0.1553245483346551	8.970199259389878	-2.2308222899247014

drug_88.txt	-0.155376459120843	-1.2221744749177388	-0.1602205236885575	-0.263730635219887	-0.13713126635361153	-0.14653376687471248	31.958384764591784	-0.2430870318815012

drug_89.txt	-1.2679143622229	-1.0103652647738657	-0.213946396311251	-0.40450186665374815	-0.1323570183135386	-0.1577551977388077	6.038793863516135	-4.419647296538395

drug_9.txt	1.48564015448688	0.8486722017545039	0.3505360521225988	0.8826569722395126	0.0333670413106517	-0.07260766284351297	31.304884500088168	-1.003032910425261

drug_90.txt	-1.32722539567272	-0.9240238686375728	-0.16431945593058675	-0.29352048617939436	-0.13600861024055488	-0.20903426610539544	25.348968435901956	-1.333415803726725

drug_91.txt	0.294299027649003	-1.2889006978949684	-0.1686775723508145	-0.32783554047233454	-0.13077318221382717	-0.1169081849304344	25.800916945864927	-0.8612672728083723

drug_92.txt	-1.2655843075214	-0.9296272234278354	-0.20994035035333003	-0.3890948251022416	-0.1469479841026689	-0.17118932639578385	15.081819784870394	-2.50089735679797

drug_93.txt	0.0831657275990776	-0.9168760373179903	-0.45148457835167977	-1.1047458388565112	-0.15567475023856175	-0.16602292831353907	26.03561982013754	-1.4172914501800762

drug_94.txt	0.318553122696907	-1.01455782932172	-0.1900321084307125	-0.3193039089158149	-0.15950354427139363	-0.18801224426352867	18.221477693528477	-1.4792910748827162

drug_95.txt	1.55497705822219	-1.2149477766576326	-0.1358591224317344	-0.26369450959481233	-0.09696744463691523	-0.03664100592303877	25.23558455298889	-1.5799153541450062

drug_96.txt	0.110864655397856	-0.8002288915244486	-0.20094698643765468	-0.3521470677100934	-0.13550198472691974	-0.15695842884699004	21.91588785046729	-2.125451071450125

drug_97.txt	0.0687872952476049	-0.867597031485793	-0.1849923643240205	-0.32015401354632594	-0.11581906137355795	-0.12299993696407822	21.11109151825075	-1.2268113741554647

drug_98.txt	0.299153650476666	-0.9949860172213978	-0.1463437474005314	-0.25347061518924613	-0.0756532245513885	0.011775033939203913	37.23487921001587	-0.6033872444369832

drug_99.txt	-0.0374628533390391	-1.2336448583431578	-0.16600543976752447	-0.26817294665280245	-0.1227226937470507	-0.1447950961440522	30.2017280902839	-1.1166280333669927

