	SScmap	SSfisher	SSlincs	SSlincs_Norm	SSpearson_corr	SSspearman_corr	SSzhang	SSzhang_Norm
Acebutolol.txt	0.231321274085725	-0.6593577823532082	-0.06558030654854768	-0.18948785150716707	-0.18574968227022196	-0.16579185520361991	-25.956259426847662	-1.2179055494138782

Acetylsalicylic_acid.txt	-0.0407982697601259	-1.0281973845567396	0.0097342924405803	-0.1380197413894842	0.05780784952310738	-0.019276018099547508	31.782805429864254	1.0727122679211174

Alprenolol.txt	1.56154148643335	0.8924799459718169	-0.06309717813086338	-0.014179463287504301	0.03511033440137653	-0.0383710407239819	26.671191553544496	0.5787967938431798

Amiloride.txt	-0.0320487613055447	-2.3414963273989953	-0.10001394937384223	-0.37825196596633487	-0.07821839579250457	-0.1016289592760181	13.762443438914028	-0.3668727074994959

Amlodipine.txt	-0.206055839559575	0.744731259061989	0.17638129848520157	0.36188798298038916	0.2684447928389855	0.23475113122171945	51.10105580693816	1.8520307070835968

Atenolol.txt	0.22915847424302	0.6428435571706539	0.3840277631146489	1.2553029583716873	0.23588973618351944	0.2705882352941177	66.18476621417798	1.9515669190624703

Atorvastatin.txt	-0.167223751474636	-1.85851501787963	0.26883288968540464	0.7509352732499139	0.0654984783916605	-0.002262443438914027	-11.888386123680242	-0.7904601447982145

Benazepril.txt	0.385273299252851	-1.0123188403023038	0.013720111538536306	0.11403673530634106	0.0376869772568762	0.020452488687782808	-6.460030165912519	-0.6100076846337843

Bendroflumethiazide.txt	0.337396775462053	0.5731948758007619	0.09286800535230341	0.09623261023655993	0.043600113339857687	-0.01574660633484163	14.957767722473605	0.5227602949135142

Betaxolol.txt	0.237907982697601	-1.6510902765177986	0.035173812799994916	0.03339521410132035	0.015630190664537698	0.044615384615384605	17.190045248868778	0.41350077591513795

Bezafibrate.txt	-0.159653952025167	-2.444606128465585	-0.10187804382998483	-0.3293338946193751	-0.12569896815589607	-0.1554751131221719	6.76395173453997	0.14536938342402658

Bisoprolol.txt	1.49125049154542	0.8465650922494976	0.4218045265778854	1.2077742677562668	0.14598281437933308	0.18009049773755656	10.575414781297134	0.12419199431493931

Bumetanide.txt	0.144022807707432	-0.9645642143734414	-0.3545320976848951	-0.967545162011886	0.012294356749002184	0.023257918552036193	34.51282051282051	0.34826865544894237

Canrenoic_acid.txt	-1.02339756193472	0.5045306897458413	0.3377844171188391	0.964932663009969	0.07982393745043134	0.04334841628959276	24.638009049773757	0.6020001582814988

Captopril.txt	-1.62288635469917	0.7820828930664516	0.03296941397572209	0.1907517612067885	-0.1556425281928709	-0.045972850678733024	-5.733785822021116	-0.37097016665089255

Carteolol.txt	-1.41378293354306	-1.3490759612769487	-0.3373003295034804	-0.9137843057989081	-0.10915839238693933	-0.11583710407239818	-6.269230769230769	-0.3925430859129586

Carvedilol.txt	0.405426661423516	-1.5015391132218312	-0.35084451902241937	-1.0360660211451198	-0.003601661618699182	-0.09348416289592759	8.948717948717949	-0.038260110233277723

Cerivastatin.txt	-1.61570979158474	-0.4145937970235234	-0.42958268941898203	-1.3456372445069755	-0.2587689180899577	-0.3012669683257918	-21.154600301659126	-1.147062642942792

Chlorhexidine.txt	0.360597719229257	0.838085430642758	-0.003500836430757298	0.0998033268798415	0.0701881744276624	0.08316742081447963	41.632730015082956	1.109558051965553

Chlorthalidone.txt	-0.441014549744396	1.1812875128877967	0.10309114540648218	0.2119411314408977	0.14209030742089665	0.0776470588235294	30.511312217194572	1.3448378240087857

Cilnidipine.txt	1.18285489579237	-0.9740025979663325	0.006575013681817787	-0.04195464404633087	0.10295439248433821	-0.0020814479638009047	13.180995475113122	-1.3230919017188825

Cilostazol.txt	1.59034604797483	-0.46871762763945657	0.30383314689062224	0.9109942607004144	-0.10318736247104904	-0.0502262443438914	-9.582202111613876	-0.6614393882339251

Clofibrate.txt	1.35145497443964	0.4121791120491997	0.3926017947097469	1.177538395270035	0.21435608749148571	0.14714932126696834	26.82126696832579	0.22668549191901455

Clopidogrel.txt	0.37357451828549	-0.843961289071441	-0.3766229916239902	-1.078121849144618	0.008048497327280607	-0.07167420814479637	2.2767722473604826	-0.17898679115346774

Cyclopenthiazide.txt	-1.30790405033425	-0.7878530338440656	-0.4647347022218247	-1.3978497898889464	-0.266595212760695	-0.3114027149321267	-49.866515837104075	-3.4049897454173514

Digoxin.txt	0.197601258356272	1.046113619571042	-0.0042236787759717676	-0.10402437616419102	0.054070233175942235	0.02506787330316742	26.863499245852186	0.17495136890915963

Dipyridamole.txt	-1.64451435312623	-0.6229084634888622	-0.2655035565761148	-0.6791982192802839	-0.09706790502290583	-0.11502262443438914	-18.61085972850679	-1.3883653748434006

Dobutamine.txt	0.110499410145497	0.9966927096632139	0.328517794044084	0.9413162756938639	0.06278957004414254	0.08307692307692308	43.68024132730015	1.4971273806929222

Dopamine.txt	-0.400412898151789	-0.8554975730861347	-0.3617381970247966	-1.0141569652556424	-0.029088021756595018	-0.1620814479638009	-55.459276018099544	-4.205189883088399

Enalapril.txt	0.0479748328745576	0.4494179974274968	0.363312784904886	0.9913144244231835	0.17366462343667405	0.28968325791855204	78.8996983408748	2.0155901677701893

Eprosartan.txt	1.35450255603618	0.8556457564544169	0.34107456907598266	1.0257291336042957	0.1194266555811314	0.09828054298642533	-1.7066365007541477	-0.3190949272576195

Esmolol.txt	-1.61708611875737	-1.2658629651170856	0.024184297914603275	-0.0296847256408157	-0.16848568345862452	-0.17619909502262443	-9.312217194570136	-0.39755490277776245

Etacrynic_acid.txt	1.68069209594967	0.29165979578470197	0.46634339019638427	1.1940336315083278	0.2974033874143816	0.30615384615384617	59.413273001508294	1.8583034226619959

Etilefrine.txt	-0.47021234762092	0.4230539387798925	-0.047920436173322756	-0.11049530165741012	0.2768074252095269	0.24524886877828056	49.77224736048265	1.7782562670710704

Ezetimibe.txt	1.78598112465592	0.8717257145099915	-0.05028769327328572	-0.26976741927387216	-0.05978605369635255	-0.11131221719457014	-12.496229260935143	-0.4612652592044947

Felodipine.txt	1.45782540306724	1.158896456929932	0.32831334074664686	0.917319182070012	0.07103828188368742	0.07710407239819003	38.052790346908	1.0724242777354327

Fenofibrate.txt	1.44199764058199	0.9186009387608276	0.39535193700836224	1.0994356208739753	0.04286291747951069	0.04497737556561085	-9.576923076923077	-0.32086511998348943

Fenoldopam.txt	1.55662603224538	-1.4989708399766868	0.33367134845778496	0.895154957070784	0.09256626262328167	0.06289592760180995	47.61613876319759	1.526691080006669

Gemfibrozil.txt	-0.172827369248919	-0.8350249077843496	-0.4617914482643482	-1.3079148358726589	-0.16667060112147902	-0.22380090497737554	2.087481146304676	0.1298458786526661

Hydroflumethiazide.txt	0.302202123476209	-0.9462926077277651	0.052178774473584766	0.05204315287768202	-0.01263007242251064	0.049140271493212664	27.171191553544496	0.6053781669350148

Iloprost.txt	1.41142351553284	-1.052091333507444	0.0999778327904241	0.15899212591290846	0.018149991094932892	0.026515837104072397	20.670437405731523	0.6813488335555437

Indapamide.txt	1.68983484073928	-1.127457818401144	0.12285169472806023	0.2479503034768012	-0.15908956855106893	-0.21493212669683256	-11.05052790346908	-1.1066112671681527

Irbesartan.txt	-0.423220605583956	-0.4739221374985249	-0.49107505588745204	-1.4863239457709922	-0.3366041628315191	-0.23276018099547507	-0.8174962292609351	-0.03248078747235657

Isradipine.txt	1.94573338576484	0.7217591594302293	0.05757274981899363	0.0781375597820646	0.03319671278294373	-0.030226244343891397	-1.043740573152338	-0.7038081087502498

Labetalol.txt	-0.108139992135273	0.899804059823748	-0.0491610439275931	-0.10566343465777456	-0.16806429049048377	-0.05656108597285068	-14.45475113122172	-0.7356627201733107

Losartan.txt	0.204974439638222	1.1630998622300845	0.03352574203036898	0.21523050577317682	0.10464972380340275	0.02959276018099547	66.69079939668175	2.393343823711652

Lovastatin.txt	0.0230043255996855	-2.4502085156018225	-0.10994628293816092	-0.42672116495661866	-0.020234514041254273	-0.15393665158371042	-15.383107088989442	-1.627452487846375

Menadione.txt	1.52261108926465	-1.0755762450201414	-0.01938810745077818	-0.11262770617078899	0.13889712409498053	0.07276018099547511	14.7526395173454	0.6751901245767838

Mephentermine.txt	1.29502556036178	-0.7513498863644005	-0.024782372563574906	-0.12875666904269256	-0.0323017608930697	-0.04081447963800905	30.64555052790347	0.9158957571295434

Metolazone.txt	0.0739284309870232	0.5722214342585672	0.3523597413223218	1.019746530811706	0.0007157670111148512	0.08479638009049774	17.92684766214178	0.7536858472618461

Metoprolol.txt	1.49695241840346	1.238666791368435	0.021800139162016424	-0.05879139127949884	0.09248912470604337	-0.0028959276018099543	-36.21342383107089	-0.9847343693124679

Midodrine.txt	1.39962642548171	1.2704435408396333	0.33236435358321187	0.9645181418487933	0.3629602853247991	0.334841628959276	60.67571644042232	0.9284030583462398

Milrinone.txt	0.0660637042862761	-0.599639748178536	-0.3219581842210212	-0.9234670222103833	-0.069257426313382	-0.07773755656108595	-4.301659125188537	-0.7118299784406419

Moexipril.txt	0.202516712544239	-0.9662000042896248	0.020396774301662368	0.005781226843631804	-0.09225914884038094	-0.08190045248868778	32.33107088989442	0.8696493761234432

Nadolol.txt	-0.539913488006292	-0.7843044079865413	-0.42410151899159254	-1.1676672210188588	-0.1356313946059206	-0.07574660633484163	10.58974358974359	-0.25080892837290325

Niacin.txt	1.44868265827762	1.0597069406033892	0.05294669367808555	0.10614698046483634	0.04769973725994325	0.01574660633484163	22.981900452488688	0.47800453688182754

Nicardipine.txt	0.393826189539914	0.8757709250149842	0.41262805383548706	1.0950086023256342	0.06603664356270464	0.0865158371040724	12.971342383107089	0.18888967167502838

Nicotinyl_alcohol.txt	-1.46824616594573	-1.0513546842815837	-0.5123381066323901	-1.575301961436109	-0.25829946347107696	-0.2829864253393665	-55.42081447963801	-2.852313781363084

Nifedipine.txt	-0.125933936295714	-0.6071083614456153	-0.3990813346563066	-1.0700031279281348	-0.17136524703837788	-0.22036199095022624	-23.598039215686274	-0.07278501008587608

Nimodipine.txt	0.243118364136846	-2.5209057323158066	-0.42802600755376397	-1.1128702205628462	-0.024975290888762387	-0.043619909502262445	57.07692307692308	2.0634574491177142

Nitrendipine.txt	-0.678725914274479	0.5495569967225018	-0.012381635653486017	-0.0939188894489636	0.16146312687826314	0.1885972850678733	36.526395173454	1.3631774115412403

Nitrofural.txt	-0.157589461266221	1.024399879919304	0.08426590513686794	0.11577026703259419	0.01749525578338467	-0.029502262443438912	24.57239819004525	1.3276157864497724

Olmesartan.txt	-0.949862367282737	1.0276307008461547	-0.32841922664213724	-0.9818199757903636	0.08156630360915894	0.13266968325791853	46.23453996983409	1.482224256879641

Ouabain.txt	-0.534113252064491	0.1472567968284506	-0.27653854138332534	-0.8965919356213292	-0.00792951962548355	0.07131221719457012	36.026395173454	0.7782550026971204

Oxprenolol.txt	-1.2379079826976	0.4642390523590331	0.2540695009655223	0.7325329065436321	0.05296201148316157	0.044524886877828046	41.77224736048265	0.9467118939398316

Perindopril.txt	-0.152674007078254	-0.40104489421247175	-0.06654348242675648	-0.09791062014663843	0.08715678247035986	0.15638009049773754	26.23076923076923	0.6323059223486429

Pindolol.txt	-1.59555642941408	-0.2647669737062426	-0.46342220177384097	-1.3306455965372432	-0.26644419631815225	-0.2797285067873303	-26.245098039215687	-0.8355611004049275

Piretanide.txt	-1.47325992921746	-0.6688192982602912	0.2735773825425155	0.8226355186827764	0.07939370123453687	0.09764705882352942	40.06485671191554	1.4547692680456241

Practolol.txt	-0.405819897758553	-1.3216070503741637	0.01239558627365378	0.1929037678276898	-0.06243333328148945	0.04180995475113122	21.248114630467573	0.5786345194325977

Pravastatin.txt	0.0653755406999607	-1.2720562368165742	0.003068068562880208	0.00014242032182720799	-0.012207461707936249	0.019547511312217193	18.702865761689292	0.46230618707437887

Probucol.txt	0.118265827762485	0.6888491966937806	0.11729125390948682	0.24339209151497448	0.014586481711784626	0.06986425339366514	30.700603318250376	0.4015736991158278

Propranolol.txt	1.41063704286276	0.7957373976426425	0.31005532602765834	0.8468412642061363	0.18944262896396458	0.15945701357466063	23.293363499245853	0.16809951921865912

Quinapril.txt	-0.12947306331105	1.315183351051782	-0.06247168818876092	-0.1119958608013244	0.10310220924109464	0.21484162895927603	23.042986425339368	1.144013300831125

Quinethazone.txt	1.42833267793944	0.8958189496201734	-0.007687697539527472	-0.09860803833665016	0.08634005372414447	0.0628054298642534	17.518099547511312	0.11038360026445083

Ramipril.txt	-0.445930003932363	-1.0998804781557132	-0.16449101684985223	-0.4340495085487038	-0.18651598046448833	-0.0990950226244344	-18.182503770739064	-0.7516941897039567

Rivaroxaban.txt	-0.340247738891074	1.3497819678178815	-0.06690593391583424	-0.2534971671083248	0.027779173758054804	0.01683257918552036	9.55052790346908	0.010859247093118802

Rosuvastatin.txt	-0.338773102634683	-1.017089815521922	-0.3602778582719751	-1.0078319481773481	0.04784644048710799	-0.029230769230769227	-23.689291101055808	-0.45688748136061463

Simvastatin.txt	-0.321962249311836	0.5896097840729023	-0.06205123228882031	-0.25792350299340217	-0.0904901076906142	-0.1638914027149321	-4.189291101055807	-0.7904385387478516

Sotalol.txt	-1.63871411718443	1.1153917061572431	-0.03788018489882708	-0.024123186451363965	-0.09791134733267004	-0.006787330316742082	-12.302413273001509	-0.10423235608492225

Spironolactone.txt	-1.1136453008258	-0.6339724574098949	-0.3489179287596873	-0.9199716734319252	-0.1849225089308606	-0.18334841628959275	-29.249622926093515	-2.338266183859502

Synephrine.txt	1.06134486826583	0.9051634361875533	0.14842152305058862	0.42842279554033313	0.30074556809974107	0.3151131221719457	70.00301659125189	2.1904840889264583

Telmisartan.txt	0.61453008257963	-0.6127412172572789	0.05125906550141712	0.004866608523246385	-0.2329308903270167	-0.13140271493212669	-11.533182503770739	-2.052766322988224

Ticlopidine.txt	-0.115513173417224	0.4253531943930045	-0.05761319099529774	-0.0862640997909579	0.04506844281007991	0.06072398190045248	11.049019607843137	-0.17902606246577596

Tienilic_acid.txt	-0.267499016909162	-0.8569417238878041	-0.36704648420100877	-1.2824989666968076	-0.1984990146202813	-0.16542986425339368	-11.198340874811462	-1.7625914434144152

Timolol.txt	-1.10676366496264	-1.0268278103989394	-0.25542576267283945	-0.7514172283329492	-0.12524882832997092	-0.25104072398190047	-28.737556561085974	-1.5526203325658359

Torasemide.txt	-0.305348014156508	-0.6247235666298895	-0.18452864597289448	-0.48761744644671956	-0.1683502795467483	-0.16244343891402713	-15.273755656108598	-0.7862686925333913

Treprostinil.txt	-1.50235941801022	-1.0545614981803793	-0.09658524577685972	-0.3815590533014312	-0.12091229738232732	-0.07085972850678733	-19.058069381598795	-0.5649693093685194

Triamterene.txt	1.18659064097523	0.6440422261257928	0.028415514790896296	0.20092370521506164	0.30846355456241903	0.269683257918552	53.530165912518854	1.6559735171347596

Valsartan.txt	0.28863546991742	1.0343845879858613	0.3227201013576794	0.9191908496741799	-0.08278041135855459	-0.13122171945701355	-6.739064856711916	-0.014357412077926783

Warfarin.txt	-0.290994887927644	-1.1101976664212203	-0.3468825496377812	-0.9717647207428343	0.11379830297178982	0.023348416289592756	3.0708898944193064	0.471451924454111

