	SScmap	SSfisher	SSlincs	SSlincs_Norm	SSpearson_corr	SSspearman_corr	SSzhang	SSzhang_Norm
Acebutolol.txt	1.48135404378031	0.4940022290265502	0.46686991160408886	1.191938165192806	0.3158256176057304	0.18516042780748665	26.81283422459893	0.22215918004304064

Acetylsalicylic_acid.txt	1.21945864464543	0.3131554870992282	0.12467161134005986	0.23791449353665534	0.20629541075636607	0.16243315508021391	6.0124777183600715	-0.8835994843292524

Alprenolol.txt	-0.868953991348801	-0.2887385951079064	-0.08853804883173558	-0.3136966399190604	-0.15910867663639666	-0.2142379679144385	16.925133689839573	0.40640043201954545

Amiloride.txt	-0.0618364136846244	-0.47169985873511944	-0.5776552059495494	-1.5003629607225308	-0.22594082956508682	-0.3185160427807487	-0.9500891265597148	-1.8126273837319775

Amlodipine.txt	0.267269629047057	0.03762264538754283	0.3891680323231605	0.9420720475036635	-0.034417043550897204	0.12767379679144386	40.94117647058823	0.22917245575041137

Atenolol.txt	-1.17076287848997	0.6799987604529185	-0.12387289607613464	-0.18914455729209273	-0.11226729015425459	-0.0016711229946524066	23.58823529411765	-0.0016986893802303327

Atorvastatin.txt	0.538602700222834	0.7051911442853579	0.5263393671464687	1.3321397347952249	0.321839122179814	0.3913770053475936	106.43850267379679	1.865917401629879

Benazepril.txt	0.0258552890287063	-0.3557368247623293	-0.48029812479225253	-1.1896953279352351	-0.312098926808144	-0.29512032085561496	10.379679144385026	0.18798935430116506

Bendroflumethiazide.txt	0.0280180888714118	-0.3170496438171568	0.017465840133843002	-0.04068216797078106	0.029035169929325692	0.030414438502673797	18.58645276292335	-0.4472062305119752

Betaxolol.txt	1.52903394940359	1.0474390033257657	0.019604346531251038	0.06838833285702167	-0.005925922943558201	0.054144385026737976	-2.5311942959001783	-0.46273587319072335

Bezafibrate.txt	-0.0147791322584873	-0.5778481871386447	-0.45048304915792464	-1.0878476857722452	-0.1905776059780646	-0.12600267379679145	-1.7700534759358288	-1.1930563636298834

Bisoprolol.txt	0.178136059771923	0.24350312837573923	0.4903530766045725	1.223700966832043	0.25433308421832146	0.3161764705882353	91.37967914438502	1.3271912830409025

Bumetanide.txt	-1.34195176300957	2.190474753266616	0.06707254570265214	0.06433672875301222	-0.13637523766868698	-0.03977272727272728	-6.007130124777183	-0.1335793947556455

Canrenoic_acid.txt	-0.299941014549744	0.706988175112533	0.4258994314159603	1.1114900191795776	-0.09157312838069023	-0.014705882352941178	-52.38324420677362	-1.2289528569861836

Captopril.txt	-0.0494494691309475	0.44099381952338484	0.028361309159429388	0.014567552741782008	-0.0324304740217869	0.0625	62.0855614973262	0.12589240362951695

Carteolol.txt	-1.28824223358238	-1.0921470183953874	-0.4422049890491896	-1.0640967367750092	-0.282972707723344	-0.19251336898395724	-45.84135472370767	-1.5744605026933371

Carvedilol.txt	-0.234663782933543	0.5504425060578426	-0.04851850287935597	-0.08268359785433305	-0.07066907185173807	0.04879679144385027	28.32976827094474	-0.007462300337085693

Cerivastatin.txt	0.69189933149823	-0.85257040101011	-0.3813148518354862	-0.9795465271374899	-0.1117503167762177	-0.13135026737967917	-62.20499108734403	-2.211148408658176

Chlorhexidine.txt	-0.404246952418403	-0.7841777842137768	-0.06569170220160253	-0.03204244368021236	-0.03803999936378077	-0.10294117647058824	23.739750445632797	-0.653645657231461

Chlorthalidone.txt	-0.121313409359025	0.43303969182924734	-0.10634657631546462	-0.2006535122348551	-0.11370493214999225	-0.12834224598930483	-30.19607843137255	-3.3135808512287857

Cilnidipine.txt	-0.0267400707825404	1.1237377444888352	-0.0017200216403013002	-0.07844765915128771	-0.07065917015799467	0.001002673796791444	50.1283422459893	0.4535358353215716

Cilostazol.txt	-1.24708349718181	-1.1093301570478098	-0.061220739996525775	-0.12320506722294827	-0.2398460253713673	-0.17245989304812834	-13.536541889483066	-1.5710053290371941

Clofibrate.txt	-0.408736400576747	0.3595111927061461	0.03852157560236169	0.15700271417162937	0.13827306331680334	0.1677807486631016	68.20499108734403	1.0045508904957248

Clopidogrel.txt	-0.397758552890287	-0.5552506628902701	-0.1608212666814215	-0.34807492650948924	-0.01542056939537173	-0.22994652406417115	-5.260249554367201	-1.5994020134399498

Cyclopenthiazide.txt	-0.165323109188622	-1.080505427764113	-0.013291373888256686	0.11965604113075284	-0.0222950704572793	-0.017045454545454548	23.06417112299465	0.21233307019416983

Digoxin.txt	0.38389697208022	-0.9919958155327546	-0.07311087656632585	-0.1521057563737384	0.03687553923966269	-0.030080213903743314	-6.80035650623886	-1.0202289303000294

Dipyridamole.txt	-1.51936688950059	-0.5106163135401912	-0.39296218334461874	-0.8839670869153774	-0.3399695511301919	-0.29445187165775405	-8.809269162210338	-0.5974085521387787

Dobutamine.txt	-1.17105780574125	-0.7986794861388933	0.06513459079232539	0.20018976451152604	-0.05967579728171603	0.04779411764705883	36.8716577540107	0.9320533214894046

Dopamine.txt	1.31753834054267	0.6184068308117464	0.009161888189108902	0.0857685287156707	0.22847392140327577	0.18348930481283424	-53.58288770053476	-1.265760588611833

Enalapril.txt	-1.26317341722375	2.392798003808573	0.28936393559080464	0.7091162760182206	0.04008833400564011	0.04010695187165776	-37.22638146167558	-1.5401757306979027

Eprosartan.txt	-0.437278804561541	0.5992591763802129	0.17343429439254565	0.6183331991467395	0.20360597540221084	0.06851604278074867	-3.0089126559714794	-0.31625715792607395

Esmolol.txt	0.597915847424302	0.45942283899910596	0.6101967593893807	1.5707651566202632	0.10474145446652688	0.22994652406417115	73.36185383244207	0.9919147536494768

Etacrynic_acid.txt	0.0481386813474899	-0.056488649353184386	-0.0978108660396109	-0.15118537547537342	-0.01756685493748501	-0.030414438502673797	56.42424242424242	0.042929357385904976

Etilefrine.txt	-0.177939441604404	-0.06873958175752967	-0.3533105541892714	-0.8336908895416613	-0.14556240726158193	-0.14605614973262032	0.09803921568627451	-0.43446151833666014

Ezetimibe.txt	0.387206711233451	0.9827818110452835	0.13812194460547184	0.3037512353318956	0.02795905770123209	-0.008355614973262033	104.09982174688056	1.1799988524068556

Felodipine.txt	-0.0182854895792371	0.20744951111976473	0.36942165933397986	0.9207758759556655	0.019384825068326863	0.014705882352941178	-22.153297682709447	-1.0347117613776236

Fenofibrate.txt	1.63664962642548	-0.4591031785615124	-0.04209690020154183	-0.13843153791839713	0.12598596177772053	-0.04846256684491979	41.31550802139037	0.14223858051666088

Fenoldopam.txt	1.87514746362564	0.4050693769522684	0.1564324770196256	0.2797260793328302	0.3767286545836683	0.3649732620320856	107.20677361853832	1.2137167097508659

Gemfibrozil.txt	1.77791977978765	-2.33829337264268	0.04028504786244755	0.1068558914448951	0.032935306205964666	-0.057152406417112306	-23.93404634581105	-0.7229892155355603

Hydroflumethiazide.txt	0.18498492594049	0.4552935970986451	-0.006392969838448309	-0.15841838193716018	0.13648591992772724	0.08288770053475936	93.09625668449198	1.0463125407465317

Iloprost.txt	-0.430954253506357	-0.448846153559793	-0.3405682214872371	-0.7975598070317165	-0.21289665367410374	-0.09592245989304814	0.8663101604278075	-1.0694925797328458

Indapamide.txt	-1.63311049941015	0.17690691260971303	-0.008960401069704332	-0.13589520166957847	-0.190247316566457	-0.030414438502673797	83.96791443850267	0.6330709870014886

Irbesartan.txt	0.23220605583956	-0.7008812443701979	0.02287875533144801	0.1147496775720982	0.07253048390686143	0.061831550802139035	18.919786096256683	0.6181261901069703

Isradipine.txt	0.160047188360204	-0.46551871705178977	-0.5130135228242384	-1.2536460212912703	-0.07315617454451949	-0.1931818181818182	39.297682709447415	0.3085285985029529

Labetalol.txt	-1.64707038930397	-0.15271333465279222	-0.5559940981278116	-1.4070357263568476	-0.21864186017726828	-0.2931149732620321	-43.45276292335116	-0.9608822633211013

Losartan.txt	-0.172532441997641	-0.2120347270738442	-0.36003634944161617	-0.8500665911977169	-0.02921315726382352	-0.016377005347593582	-16.15686274509804	-0.5237094530038658

Lovastatin.txt	1.4499606763665	1.9819518136525671	0.4287786686710721	1.0648449398049182	0.09821171280494363	0.12366310160427807	51.40285204991088	0.6651187221495403

Menadione.txt	-1.45431904574649	-0.42523045151011785	-0.5614386958108419	-1.5106792324623504	-0.3749061324028891	-0.2964572192513369	-61.42245989304813	-2.8587976261831036

Mephentermine.txt	1.1332088084939	2.2706324264868845	0.5625061693870719	1.4551709817777128	0.26182222178312575	0.2767379679144385	124.7433155080214	1.5177576461940923

Metolazone.txt	-1.59037881766942	-0.08055889092723395	-0.4491718982063465	-1.019221899127398	-0.2522957980875484	-0.05949197860962566	-0.37433155080213903	-0.31959123832708813

Metoprolol.txt	1.44779787652379	0.4009724768776525	0.5218360596313051	1.2846698297866932	0.2487646745781706	0.37967914438502676	88.8698752228164	1.3791725516757953

Midodrine.txt	-0.559182068423122	-1.124850555655477	0.05785191359923028	0.08489707279428804	0.03689288414413934	-0.016711229946524065	-143.31907308377896	-3.4886648022345996

Milrinone.txt	-0.0944750294927251	1.0373077835000581	-0.01880833172707219	-0.07982232294842534	-0.02257260045087845	-0.047459893048128345	78.3903743315508	1.7846973110592608

Moexipril.txt	-0.158933018744265	0.76884168903669	0.4166351269110541	0.9940046734669418	0.06776771490593939	0.13903743315508021	69.75222816399287	0.9575863348260956

Nadolol.txt	1.71647660243807	2.4315579498839672	0.5648998122674423	1.4291119541801627	0.0921963178728265	0.039104278074866314	84.85026737967914	1.0231027275350768

Niacin.txt	-0.291486433346441	1.0530677067503365	0.4430666807982104	1.1889725298299862	0.00493210935153276	0.018716577540106954	12.488413547237077	0.20541362291377996

Nicardipine.txt	-0.351258356272119	0.6194750995337482	0.3873996825209297	0.9506499004461255	0.08469778726554766	0.22326203208556153	70.50089126559715	0.6553403648614176

Nicotinyl_alcohol.txt	0.142548171451042	-0.4477325021174436	-0.46744079175316655	-1.2453130998048114	-0.32863379781939633	-0.411764705882353	-91.14973262032086	-4.413701178900758

Nifedipine.txt	0.468246165945733	2.2195602046809366	0.16778530946409487	0.4289033238326498	0.31354050438127745	0.321524064171123	57.233511586452764	1.7820198129738902

Nimodipine.txt	0.178594835496133	2.0898312293526984	-0.017714869279770645	-0.09662755351519958	-0.12348875643201489	-0.21791443850267384	-43.15686274509804	-1.458578242573418

Nitrendipine.txt	-1.33654476340281	-1.9969221617232633	-0.4866461025047866	-1.182214477327415	-0.14692759379552303	-0.0838903743315508	-25.076648841354725	-1.4691900888498755

Nitrofural.txt	0.892810329007734	-0.42042800569408606	-0.36375521056986837	-0.8986914199559934	0.03358685938505943	0.080548128342246	45.83065953654189	0.18371774153396464

Olmesartan.txt	0.242921745969328	2.355963399908959	0.10598668484049126	0.2992051659960612	0.06477552976039323	0.1524064171122995	82.12655971479501	0.8828263441431153

Ouabain.txt	1.67164766024381	-0.6267331078358277	-0.07110656450393055	-0.14314485547709882	0.17588067766884483	0.06283422459893048	26.72192513368984	0.2580966461482176

Oxprenolol.txt	1.36384191899332	-2.7456974243457566	0.017741434943665146	0.009624410769950575	0.02913622536398976	0.024732620320855617	17.055258467023172	-0.23843559629464528

Perindopril.txt	0.0400117970900511	0.3489831348957224	-0.009299924513968688	-0.11179098879817456	0.09988840036123288	0.007687165775401069	95.57754010695187	1.0623714464069272

Pindolol.txt	1.44920697339101	-0.08575563720938105	-0.06783955162848831	-0.12657409702540545	0.17726342337740078	0.07419786096256685	7.549019607843137	0.9325349720497345

Piretanide.txt	0.127605190719623	2.4778139589948633	0.009908664483145424	0.13436746774704045	-0.11637712305167176	-0.23495989304812837	2.823529411764706	-0.6499773052917047

Practolol.txt	-0.37347620920173	-1.2676710342597768	0.3450819571722294	0.8965807870166147	0.08664970984343619	0.09291443850267381	53.35650623885918	0.8208408820445524

Pravastatin.txt	1.44750294927251	0.3217520638942914	0.47194191159149385	1.2336578918674599	0.22343399513434664	0.08856951871657755	35.15864527629233	0.8524916674162933

Probucol.txt	1.63645300825796	-0.36535061912887545	-0.4335502082661473	-1.0680267655526292	0.05073184209138349	0.04679144385026738	31.76114081996435	0.1460150280431691

Propranolol.txt	0.0718639402280771	-0.3044035711707359	-0.06289428740690226	-0.007227970207088319	-0.09296955000150271	-0.12165775401069519	-87.33511586452762	-2.6383708278463636

Quinapril.txt	1.51730239874164	2.6514816548559352	0.06427766914088044	0.11928884302327752	0.23786931581557935	0.2199197860962567	204.7058823529412	2.9779669717123283

Quinethazone.txt	0.424465853978241	0.14786623739132773	0.3869699295001083	0.9170681274630872	0.22944302692490068	0.07754010695187166	36.20677361853832	0.9967629828302799

Ramipril.txt	-1.49184034604797	-0.4962406927881662	-0.07226112049838396	-0.14241204825183396	-0.1459700404559204	-0.04378342245989305	-21.023172905525847	-1.6681957221764327

Rivaroxaban.txt	-0.177841132520645	0.9486327877259348	0.07896241742414573	0.2998008648275883	0.12804286790359376	0.06818181818181819	5.262032085561497	-0.7954859780268199

Rosuvastatin.txt	-0.237219819111286	-0.7600173398745914	0.3196296198529683	0.7698050406450265	-0.01725270351651789	-0.09057486631016043	27.367201426024955	0.17845974118050723

Simvastatin.txt	0.11407130685542	-1.9262557947899892	0.027407731742296826	-0.0052003254901707985	0.029333659677762018	0.06784759358288771	15.180035650623886	-1.574829424064085

Sotalol.txt	1.84644121116791	0.8588493148490572	-0.012814021464169462	0.01869951031309569	0.09554006385628713	-0.00033422459893048126	6.901960784313726	0.05860344320393335

Spironolactone.txt	1.32651723685935	0.9270722935524245	-0.06667152322570577	-0.07019396260993532	-0.04522331497304182	-0.011363636363636364	28.336898395721924	-0.07185698184294968

Synephrine.txt	-0.343164241709267	-0.503683275103646	-0.0816257616130377	-0.21191858298087346	-0.17881592680444972	-0.12399732620320857	-1.2620320855614973	-0.29199808140608824

Telmisartan.txt	1.56498230436492	2.2320023703545773	0.1517389992001616	0.40064806091101796	0.34270438980106577	0.40274064171123	85.94117647058823	1.832539954659054

Ticlopidine.txt	0.139500589854503	2.5462101655617695	0.05427614074033138	0.22916975255284144	0.09126527563103394	0.20153743315508021	76.13190730837789	0.9590510825544796

Tienilic_acid.txt	1.136846244593	-1.2936799805911812	0.32589127832369685	0.9121138637820767	0.11461985993437444	0.16176470588235295	71.39393939393939	1.0032732836773575

Timolol.txt	1.60964739808625	1.1163607582620756	-0.04893771116102849	-0.0645584726447288	-0.09431024682628626	-0.09725935828877007	-5.089126559714795	-0.5050322607730974

Torasemide.txt	0.399724734565474	0.1326848119804023	0.3548700437113654	0.8855022303661033	0.016404761886071918	0.05247326203208557	-37.03030303030303	-1.2344694604280513

Treprostinil.txt	-0.405230043255997	0.9092323783985838	0.06205407617179881	0.21695124663408955	-0.13110893137488988	-0.02840909090909091	-21.46880570409982	-0.5260775660727446

Triamterene.txt	-0.243511600471884	0.7344974808417255	0.34470456804300076	0.8039741174597957	0.013747174622826075	0.08088235294117647	104.06951871657753	1.0323699008437472

Valsartan.txt	-1.35394547122821	0.4307360082015969	0.00030097634540979246	0.1143619664091628	-0.13577993699034865	-0.0053475935828877	15.729055258467023	0.4106356672189254

Warfarin.txt	-0.337265696683707	0.15932167166367278	0.061431687453005646	0.0979387947995839	-0.009434233686011437	0.21758021390374332	11.2174688057041	0.03644176480019817

