	SScmap	SSfisher	SSlincs	SSlincs_Norm	SSpearson_corr	SSspearman_corr	SSzhang	SSzhang_Norm
drug_1.txt	-1.84795888359242	-0.6843305208682295	0.05270076423854286	0.12770017657161092	0.058685673250568386	-0.024021306020556698	-6.627525390743782	0.8481415253134137

drug_10.txt	-1.84651105533481	-0.6552504973868517	0.03837167599269638	0.08543075878182407	0.0559180434415389	-0.010202014636524152	-3.2238034421942467	2.013148563339522

drug_100.txt	-0.0573165861689894	-1.1271831054541768	0.03265127240166277	0.055085343742946935	0.12427559159034447	0.07563897689586055	2.847546068235723	3.6480702372860434

drug_101.txt	-1.91860942951267	1.2262957632660063	0.0233528647315005	0.04227518734269681	0.11387033274895707	0.057606706056843864	-1.4067505929574895	2.9384532259430767

drug_102.txt	0.0197175648082374	1.1532146276744457	0.024144364475565533	0.03715433822987002	0.11298646843882065	0.047986829013767114	-3.417004196314541	1.6611189813877032

drug_103.txt	-1.8223038878252	-1.0809536070223529	0.003386531284861466	0.0018772002026876677	0.11900357942683341	0.15964604912435665	7.091552636380222	5.764074102533134

drug_104.txt	-1.7668370880249	-1.195218182198451	0.0362954796289619	0.06643390957943635	0.12595412140609374	0.16257277289489636	1.9476494556954327	2.9842742392974952

drug_105.txt	-0.0246243202200868	-1.2488557138029348	0.028489095833869688	0.04783326124075854	0.16134047952483918	0.0802985164363932	2.8285227756492124	6.345672210215629

drug_106.txt	-1.83278816141482	1.2013440108853022	0.07745767890377994	0.16088944858691878	0.1395679206766359	0.20563700618840194	5.329392446633826	10.19974698912737

drug_107.txt	0.00293906965638502	0.1458379833676467	0.4644455894544607	0.9508256364147059	0.28590977326749034	0.44538803519019887	15.397774128808612	14.54991588887578

drug_108.txt	-1.88885406256309	0.21801062198745005	0.4917170534951171	0.9657005750340284	0.3238028355351524	0.4919984625747478	15.703472602323178	12.683159607255911

drug_109.txt	0.0150209468406086	0.12798060631959607	0.4379382344514619	0.8917573694860566	0.26003736432537355	0.44655638430007333	15.869123639238582	10.40525419772022

drug_11.txt	-0.0690655797126228	-0.6328678123081266	0.05040026406915632	0.11146001287634805	0.08191322467846782	-0.023899290602737242	-3.6659733625250865	1.9035559205032202

drug_110.txt	-0.00393896944934002	0.07095692865540293	0.44505930717065256	0.9734581739231077	0.3119139775136975	0.46120975797804703	15.996034786839385	10.70311898143876

drug_111.txt	-0.00469947253033498	0.10480564533373253	0.3985948632788318	0.9205821502433799	0.2563472273303491	0.43399979479913525	15.514139755519066	11.510156556157627

drug_112.txt	0.0374489486734757	0.07879949428566438	0.4164834889181362	0.9182905348353663	0.28281777350807674	0.4151090369501125	14.833679985404123	7.3869389612051926

drug_113.txt	-0.00484924786732954	0.03154683718689805	0.42538319674171726	0.9225239686863391	0.28466980581273543	0.47600118040355055	17.222088426686128	12.126687253697451

drug_114.txt	-0.13674743988841	0.18011605381732193	0.3935546798153376	0.9314212565756066	0.2571784645404735	0.39436673278354206	16.14490056559022	12.71098167209156

drug_115.txt	-0.0339555883565955	0.10749264017147395	0.39257655187533846	0.9067444135838747	0.2547659128124621	0.42701845599361027	17.568010703642887	9.406826878955673

drug_116.txt	1.89939081847747	0.11741189022434546	0.4031218627026838	0.9217823362723668	0.2731986432369081	0.4204874709533637	13.270376451985648	8.66343541986758

drug_117.txt	0.108884112782583	0.9410480996973899	0.09310998963108028	0.19311951200036054	0.14246264349979598	0.08023357138071567	-1.768874293012224	2.0764943178796624

drug_118.txt	0.024268719017959	-0.9905166734533407	0.07249803480037667	0.14130121218779573	0.12734448734200166	0.049826404957432895	-7.104263212309189	0.1322767490293525

drug_119.txt	-0.0210210295039869	0.5811938962668594	0.33149719610834716	0.9405715445833043	0.2191945430778868	0.1883538637818056	6.440673842972694	5.671498532572272

drug_12.txt	0.05196948472467	-0.8479521236747394	0.034862702390174805	0.08430466728426295	0.0738046770881498	-0.057160489272415765	-0.16636866751809282	1.8751745166211102

drug_120.txt	-1.75645266465995	-0.8923725605832306	0.07379063131988318	0.13949109472902738	0.09840750508168061	-0.02585579041272653	-10.192507449978715	-1.4482877708849105

drug_121.txt	0.0255168468262467	-1.0926880937853505	0.045480613288096744	0.08230963001805597	0.11527086580309491	0.05445666766000919	-0.6804476068843885	2.7521892972263142

drug_122.txt	0.00779343194856308	-0.3640685332414185	0.0066131413791136184	0.015222781325150925	0.052825258544945075	-0.147025096982717	-16.149425287356323	-4.021492667692335

drug_123.txt	-1.87662241004188	0.7353791393329523	0.0973166292037077	0.20560414673324529	0.14656353637806466	0.08436813898918553	2.6475095785440614	5.887625874354366

drug_124.txt	0.0150824983489625	-0.4263483193070015	0.018144965430396703	0.02410389874986285	0.06327765421902058	-0.1821323131869416	-18.97532080520586	-6.3906557444168195

drug_125.txt	0.113678083232507	-0.33394901287920425	-0.011365605724577205	-0.030608285940534163	0.03804527296230832	-0.16000504908174945	-17.750678100103386	-5.00541567690702

drug_126.txt	-0.00588604883026866	-0.356449626135266	-0.013221811163090541	-0.013300777760858529	0.04694837960216772	-0.16081207831413455	-20.355677187861097	-12.304348655602265

drug_127.txt	0.0266651244098711	-0.3535109260114528	-0.01486779324378562	-0.039165060086239656	0.011154265913818474	-0.20605408844296608	-19.666362585902817	-3.9465499327460196

drug_128.txt	-0.0940614688449755	1.1499325048809435	0.07746968540377264	0.14954044898935187	0.16013868780491214	-0.04408625478944615	-13.996947029130936	-2.0334137152529985

drug_129.txt	0.0308588338457174	-0.7471410003194895	0.014471638012356347	0.030637076013472597	0.1026996324098994	-0.11451436785297274	-17.06776135741653	-8.976225128871757

drug_13.txt	-0.0541569718085171	-0.8968611499322721	0.04469909894787358	0.08759734944238445	0.0646989588410535	-0.05107309139114089	-3.245952685033145	1.892587219477698

drug_130.txt	0.0178783046395267	-0.6784190067770114	0.03179437059069298	0.055990663594664425	0.09001049910245182	-0.11843291044563294	-16.393772425956335	-3.4420655803257527

drug_131.txt	1.92625052891181	0.9152108268044062	0.11244249903643562	0.2070390586180952	0.18840821172804642	0.16092780999166903	4.261825700906161	4.033895333979358

drug_132.txt	0.00349987228805393	-0.7215880527969135	0.031610194083694476	0.057502299696110926	0.11544098069433222	-0.09894922487227473	-15.421018062397373	-3.9003537896098366

drug_133.txt	-1.78575870559854	-0.8033735076312248	0.030418516340945556	0.05096854420767022	0.10421239535852159	-0.08633353459567707	-15.734938879766466	-2.7524082378788637

drug_134.txt	0.0223216396370304	-0.9211248479222929	0.08482381262437516	0.17041115550016372	0.16957023194704934	0.02629055443110949	-10.69473940278538	-1.2117810652070606

drug_135.txt	0.00904155975685073	-0.9519290503147141	0.08107307376386597	0.16679567062544604	0.1409848505698919	-6.273339491004059e-05	-11.041038739889315	-1.6439385432443807

drug_136.txt	1.91282067369464	-1.063539910830394	0.08172839836643386	0.15627403897628278	0.17146085758134436	0.06600615510199719	-8.283354618986802	-0.14202860457440641

drug_137.txt	0.0177784544148637	-0.4923973792628577	0.027079300423615976	0.05775228114633396	0.07002959304801008	-0.14354467403918642	-20.14598309310953	-6.643345287518149

drug_138.txt	0.0105393131267958	-0.7844864792360964	0.059547300160659705	0.1346687595290525	0.10325061895715772	-0.031584718295129495	-10.917813051146384	-1.5240423866125155

drug_139.txt	0.0334549396869556	-0.9605183300196256	0.032890918170811495	0.05144109326475138	0.10503223039881925	-0.024360870553709026	-12.11782521437694	-4.2400716285126006

drug_14.txt	-1.89663586811563	-0.6088244430526271	0.022830923732893665	0.04995421533648425	0.05074744555915741	-0.03212663452788213	-4.964921243082163	1.3674561629431434

drug_140.txt	1.87103335467317	-0.7708565599832888	0.04249508738126792	0.06933801217608832	0.12151204075183362	-0.0011477994160778006	-10.26688560481664	-0.9942361109632425

drug_141.txt	-0.124166311580872	-0.869550375409545	0.036690761040530706	0.07206945929686093	0.1118633792810189	-0.13899997363971817	-20.059648482636987	-6.031783318026056

drug_142.txt	-0.0968364308807783	-0.7052002267892727	-0.178233577780589	0.0	-0.1258171913922888	-0.08235566475614303	1.8600863589369336	3.4343868958849826

drug_143.txt	-0.0333282684668649	0.6708452400756415	-0.06354659141626615	0.0	-0.04908639565620687	0.1229302073261508	7.813562002067749	5.956016338675076

drug_144.txt	-0.0750157372636697	-0.9601821514684472	-0.12964462264827079	-0.4330151619563519	-0.1239816534086323	0.07619631989466412	10.531703460439093	6.55032489823228

drug_145.txt	-1.88498161037182	-0.5305770242917947	-0.1602879918203754	-0.6250325500060387	-0.15500456332451049	-0.16449109711822102	-2.4004500395304995	1.8461375864783036

drug_146.txt	-1.92891570922354	-1.1355840354608733	-0.11217852869432432	0.0	-0.11318958973960387	0.049351001737693335	8.296916621054551	5.5917669804862635

drug_147.txt	-1.80465210463043	0.7736043711131374	-0.07321999311567076	0.0	-0.08496926032631101	-0.018568101278941627	4.208210180623974	5.563604250712479

drug_148.txt	-1.934557246917	-0.5064294085025893	-0.18322916392674138	0.0	-0.1727849942401526	-0.18839670552009843	-5.164240102171137	1.3365262870681858

drug_149.txt	-1.86496164032688	-1.0177735614483794	-0.10146659874876801	-0.2855405078756914	-0.0921137422885639	0.003485608238896138	6.927884206045126	4.983191518535433

drug_15.txt	-1.88135878374219	-0.6735487891633425	0.046925800907795995	0.10649232141812259	0.07899033914954737	-0.04336121089282443	-6.268904701088609	1.4419874626863098

drug_150.txt	-1.93300956843472	-0.6611505000550316	-0.18199035587604503	0.0	-0.15105744398623194	-0.16767383815369646	-2.5312412576780394	1.5055575130822325

drug_151.txt	-0.0660109300016622	-0.9121293688186832	-0.1535316648359284	0.0	-0.12995641436605837	-0.15295281310847536	-2.416614972936812	2.037221581822615

drug_152.txt	-1.88243542964291	-0.8956590528480207	-0.09301637123198445	-0.5001687578679506	-0.082736829994923	-0.04212327742016536	-2.821760019461169	1.4722427668537887

drug_153.txt	-0.107948024360125	-0.6384621469830934	-0.1576943467952957	0.0	-0.12244231638762941	-0.13719612307221057	-1.290616067627562	2.098499752172988

drug_154.txt	-1.85315760724607	0.9760123413488777	-0.15241580767661705	0.0	-0.1267726223012013	-0.05635345484465244	-5.085312899106002	0.7921416613447557

drug_155.txt	-1.8752961385795	-0.46351273413752436	-0.1746975744923449	0.0	-0.15762239205668996	-0.18338328442504723	-3.28503314480326	1.0847353238841073

drug_156.txt	-1.94853627836982	0.825223646377907	-0.10872787102760187	0.0	-0.10382520535913216	-0.045554631490355796	4.25314115429058	3.17642213593843

drug_157.txt	-1.91761092726604	-0.6202867047238959	-0.16736944839870782	0.0	-0.15771488028352518	-0.18734626854829478	-3.7808794015690568	0.7926354412017084

drug_158.txt	-1.90300457592349	-0.6101508399354731	-0.18438709749921373	0.0	-0.1738508711245858	-0.13968550056470413	-4.132421091041781	1.6909830746984529

drug_159.txt	-1.8054009813154	-0.7206192994320297	-0.1446550122792466	0.0	-0.1051776507998216	-0.12723652174387898	-3.53356443471386	2.188178240883401

drug_16.txt	0.040936034899408	-0.5960498051948382	0.020162992120288548	0.04527425798531842	0.02177451629193771	-0.11439965138331651	-8.771319102353585	-0.7474923404011614

drug_160.txt	-0.052802481804393	-0.7733472739068498	-0.15793722417106532	0.0	-0.11425116860350426	-0.11021283358327329	-2.332530560116767	2.0284141916034186

drug_161.txt	-1.86416283852958	-0.9591188125929692	-0.11650842123851385	0.0	-0.088193726409176	-0.06528251668670747	-0.6199476981086176	2.3456696375831174

drug_162.txt	-0.0544500105113325	-0.4994116397900481	-0.18775059703453045	0.0	-0.15675940949430525	-0.15707346367282035	-1.8364775284315513	0.8038923259064021

drug_163.txt	-1.86900557442573	-0.4582383403572786	-0.3577017486645226	-0.7328471626169071	-0.17032386841655256	-0.2011800780252561	-9.755956942163838	-0.8434753381234006

drug_164.txt	-1.9399491590488	-0.522500209092459	-0.30861062871632094	-0.7226861148996279	-0.1378598945761574	-0.21187183510289326	-8.08148148148148	-0.19204841771632045

drug_165.txt	-0.0843551527979026	-0.5956230823327122	-0.3100155642652611	-0.7143053108744912	-0.10147233951112591	-0.1938621958435839	-7.3688134768594535	0.6878788067162968

drug_166.txt	-0.0500066755138288	-0.5080191786232456	-0.14319013066811526	0.0	-0.10716676505412126	-0.1605770731580314	-4.80283403271909	0.8980791000859477

drug_167.txt	-1.81373847507476	-0.970788586112176	-0.12133024547330683	0.0	-0.06705923791580806	-0.13559338017389908	-2.088572644894484	1.6760467410206041

drug_168.txt	-1.8689556493134	0.8766833802081448	-0.07199746693437317	0.0	0.0015368849747788116	0.05842104581144781	1.7750410509031198	3.6695092870509565

drug_169.txt	-1.85937002774575	-0.50123897072114	-0.17760357831554455	0.0	-0.1632792636813735	-0.24539745163368176	-7.2973544973544975	-0.975632988057465

drug_17.txt	-0.0255142896138222	-0.8746242489054445	0.06890335652475486	0.14358643737376864	0.11088266627705229	0.031725556775383454	-4.474293012224047	3.4528006089698473

drug_170.txt	-0.0831569501019466	-1.0771493540641905	-0.0951412187481473	0.0	-0.02367312552209741	-0.059614656522842195	0.41132396764580675	3.1759082741187856

drug_171.txt	0.0157098182386932	-0.5036251439992405	0.015615203121918997	0.020082130754265792	0.00588494464244884	-0.1972578199802993	-12.16855804901782	-2.0854796465035665

drug_172.txt	-1.85847137572379	-0.7582737930350552	0.05560891676408811	0.10756656206894732	0.06684851163513716	-0.042500922593959135	-2.2662896065194915	1.5903767548669117

drug_173.txt	1.92375427329524	-0.6616710353031323	0.02836325469064252	0.062381427260463695	0.044300369730338005	-0.0915759304495367	-5.39773763911695	0.6482471244297469

drug_174.txt	-1.88707846508974	-0.6137769405829341	0.020439723103850838	0.05422093449133797	0.0385878359131928	-0.10457575082905586	-6.102256279267774	0.4245468942515001

drug_175.txt	-0.0039606760199189	-0.9197390251199932	0.0532248760271173	0.11512326872443374	0.05369426920353728	-0.05314243942826099	-4.921826917229216	0.15704305071970887

drug_176.txt	-0.0975853075657509	-1.0666328345029823	0.03763392370554866	0.07057844334074714	0.058428630225470665	-0.11005255788610244	-3.565736179529283	1.573089056315057

drug_177.txt	-0.00769102451147563	1.0759398348979887	0.08605545342581644	0.1841483196456004	0.1141329467922874	-0.032978690704672145	-9.600827099677675	-1.0351219086943597

drug_178.txt	-1.80195614856453	-0.99866308923739	0.04682072705908777	0.08536949827484469	0.08999206185923166	-0.04394655305334756	-0.1123152709359606	2.566376953871387

drug_179.txt	-0.0049591782665489	-0.545753239047881	0.0022810325215912586	0.013636170971502659	-0.002063634677815207	-0.17918623789491683	-11.140156905674147	-1.9936398427171933

drug_18.txt	0.139721240057722	0.5977178512721771	0.3023474954041018	0.8945740092417216	0.15867480771582654	0.15140251855624715	0.6365748342759837	2.8596600228082365

drug_180.txt	0.0990630492617238	-0.8685278862329144	0.08926091180127427	0.17782011682791676	0.1307553465944451	0.051573301652591136	1.5174481542297635	3.5411468517014746

drug_181.txt	-0.117056101375037	0.9312134945295398	0.08025683020851986	0.1714190963725019	0.12178670504187007	0.06412100899706456	2.62004500395305	7.29714874323823

drug_182.txt	1.73836728528411	-0.7843723759595038	0.04666823024613498	0.1007867436076827	0.09509181549657675	-0.008609539708131747	-0.9718786109590707	2.0778090323930654

drug_183.txt	0.0483890602452486	-0.5611125421669239	0.03433212660945076	0.07098543750895381	0.06363194099186321	-0.040586862469876965	-1.8684668247886638	2.0107405884080154

drug_184.txt	-1.92781735675224	-0.8720406492829971	0.040547605884317245	0.07440878110208449	0.0694488677768173	-0.019091983451773917	-1.942626041476616	2.5359261211838664

drug_185.txt	1.91426850195225	-0.659094005949765	0.06712494033874049	0.15197997943528876	0.08965235589872933	-0.0015381601603132527	0.8021407285775102	2.341446947269203

drug_186.txt	-0.00436007691857088	-1.0756533934208041	0.043358816964847946	0.07061874458903344	0.08850729754492592	0.00046189772372994263	-2.1031806847898804	1.6898508336896596

drug_187.txt	-1.94049833528445	-0.8455236996669013	0.05265079676932144	0.12259708290191812	0.08818969412429886	0.03923772462535402	0.504822720914675	5.513001775557807

drug_188.txt	-0.00316187422261482	0.6932648470070693	0.2771046424312714	0.8874679597360873	0.15559293129920646	0.13866502239963824	4.311074621419449	3.0214697488973807

drug_189.txt	0.000931984988568391	1.134931502370171	0.06747484726332983	0.12196228623827582	0.10820594603042043	-0.0716885485324968	-8.749911816578484	0.14546258614079513

drug_19.txt	1.80376918243837	-0.7356141984015571	0.020029086520340217	0.03979735379458432	0.0322208089757186	-0.018644528098856045	-3.6576658760566807	3.633549979135043

drug_190.txt	-1.81753278361196	0.8463496340439715	0.2381535310456483	0.8892352848515901	0.09524567727991917	0.0770911006208869	0.11167061971659673	2.150434670828429

drug_191.txt	-0.0253645142768276	0.4934159918416917	0.06520469755716038	0.0	0.16691548267391687	0.2019964714624623	7.511451681566624	6.024752355516703

drug_192.txt	0.0211017303704955	-1.1316154869719273	0.05042116015607556	0.09806892910349169	0.10110921198500211	0.036860344107720135	-2.6665936872833425	1.816872528096663

drug_193.txt	-0.119382183425279	-1.09937923576569	0.03098273862579698	0.03465173073486222	0.10706526750366992	0.04486453506965978	1.2831478440673842	4.978173364038183

drug_194.txt	-1.95223073668235	0.8391307283331431	0.08014589861520577	0.17653761609526852	0.11571720244778053	0.10985920153052507	7.29428936325488	5.578989039385534

drug_195.txt	-1.88568056194446	-0.7038594818968251	0.05135684979489788	0.11529173678870913	0.079503012679034	-0.015386537183277715	-3.9627561880435445	4.006979484533837

drug_196.txt	-0.0776860320002426	-1.1056210224397962	0.058226051421221336	0.11144544768352832	0.10902902267761361	0.025339125312575327	2.0265523322994587	4.130811886805733

drug_197.txt	-0.109118008514328	-0.8309578073889942	0.0030259907925536678	-0.003618823727734033	-0.0025708865795319017	-0.06613665659751483	-4.222307364836101	1.599568422656153

drug_198.txt	-1.93999908416113	-0.7190698961201918	0.07168622613997573	0.1530627210416397	0.09870639533501345	0.04464475344860508	-1.1545581706501247	3.316944154450891

drug_199.txt	0.058695339956117	0.6381956427422598	0.30183654697254025	0.8682473067146773	0.15109248952609602	0.15750736626161096	6.8617648847533905	6.251350630121445

drug_2.txt	-0.083228581784857	-0.6464893738009625	-0.19958421289405148	-0.780517904578993	-0.02379010963142476	-0.06409925036247478	-5.974493705528189	0.4813952950485344

drug_20.txt	-1.76862788009766	-0.789823913709149	0.029902114477541458	0.07945387355366729	0.039073235501892414	-0.012043680986156624	-3.8408927811226663	1.6006949408449256

drug_200.txt	-1.75387826538929	-1.1076299887584278	0.020285637845698923	0.04134282097884501	0.12168650732507272	0.03207385161268008	-2.0205923493279814	3.211574001943989

drug_201.txt	0.0262874300817981	0.690984192508301	0.12109235933931503	0.25561625838136315	0.179641465730649	0.10570306787742835	4.3585233838107404	6.105555841627755

drug_202.txt	-1.8927200027832	0.9236002641886727	0.09207828716863434	0.18830447498070696	0.1523097698564237	0.07814830916985041	3.0510125889436233	4.873352188971265

drug_203.txt	-0.0483441008826249	0.7574421365068547	0.1353675265510781	0.29282108143647323	0.1497547987113208	0.04689889865268077	0.60762634555738	8.15265402706758

drug_204.txt	-0.0518887838581616	-0.9446319032934056	0.10626567268317119	0.201386759072982	0.1682262868705489	0.08075951339476628	4.3419327373350365	5.402919111653035

drug_205.txt	-1.90894566429094	-0.9399948950338559	0.08746361273545837	0.16726931591718938	0.13164263348251617	0.02079313150995787	2.8676762148026516	4.159448242072715

drug_206.txt	-0.00445992714323395	-0.8505795695448592	0.09915003022817923	0.17773678760917222	0.16105128986288592	0.04732512682050245	6.352940460986438	5.616731275805391

drug_207.txt	-1.89037352250362	0.5711451692524045	0.29220173785074444	0.9436920444290406	0.16257634135185006	0.131883041176503	3.650088183421517	5.642728313120782

drug_208.txt	-0.0273755537033937	-0.9833810411998327	0.10089710931275629	0.198317693726925	0.1337440536984137	-0.016752827991585215	-6.707145897950496	-0.2816467663752352

drug_209.txt	-0.16465557768172	0.6181785563554523	0.30297981622626585	0.9708388625061972	0.17695954000606964	0.12127756722994512	1.9140424496746336	4.244096383055954

drug_21.txt	-0.0349002107321447	-0.8112354699003163	0.0326423041566648	0.07194667723155806	0.06283551941552809	-0.0006031410096601645	-3.3320197044334976	2.2973330210316227

drug_210.txt	-0.00885333702840618	0.9897221913574434	0.11172848962749328	0.24139489799832017	0.14993501057875133	0.03408065090828325	-0.6341543513957307	3.444402629844117

drug_211.txt	0.00173078678587235	-0.7190161503552743	0.05941054476096916	0.12339562316126157	0.10294042127913738	-0.004699806042878859	-4.879438058748404	0.8366915403661592

drug_212.txt	-0.0568313699789803	0.8046347614267042	0.11432213760096722	0.26126265969118145	0.14170448649632733	0.03635601430257121	-4.557793589977498	0.9328592947290296

drug_213.txt	1.84077873660028	1.0235640328499302	0.09564699209939845	0.1812976941513899	0.15930160538364738	0.0170184808617246	-2.686164325244785	2.510339402288106

drug_214.txt	-0.0214344653359448	-1.0109302893459287	0.1007333016117534	0.19038215268944508	0.1375839560374307	-0.08193437211189632	-9.631551420057168	-1.4023837506574826

drug_215.txt	-1.87454726189453	0.7534965561022504	0.26852895672388916	0.9610689572146616	0.1459252769592197	0.098159102290274	-0.18039287234689533	2.833185923674982

drug_216.txt	-1.88927517003232	1.0836388298590394	0.11056092778446436	0.2145492916336283	0.16209896286134048	0.02214906092074365	-2.299276287782035	2.16240438235878

drug_217.txt	-1.92701855495494	-1.0324615386473097	0.09222069310752673	0.18728668784103292	0.1388428481454741	-0.038359219281984165	-4.545447910965152	1.041597344729207

drug_218.txt	-0.00331164955960939	0.99059817832474	0.12412346635511666	0.2453507734848925	0.18945191033240097	0.07860469574182187	-5.308690628230858	3.401111271406346

drug_219.txt	-0.0432825151789884	0.8923413320324913	0.1179795687732085	0.23637904187734088	0.14742030605499007	0.03166092635587724	-2.8135863285288574	2.9555279384397393

drug_22.txt	-0.066952995164787	0.8389132986221204	0.055451954134003834	0.15262928733445186	0.09369085921230075	0.04633613595569799	-2.7904032110928663	3.1682782378917107

drug_220.txt	0.0724887058929177	1.1447306928779444	0.08622163664945559	0.15761780808252113	0.16551405682657458	0.014894591898605848	-0.674049747612966	2.213185270270242

drug_221.txt	-0.0100515397243622	1.1442064298938048	0.09414229025252632	0.18030240769794992	0.19815172325103453	0.2395080845604761	11.430967584990574	5.597442360567794

drug_222.txt	-1.89916034227396	1.0319505360147723	0.07729296960998466	0.14324823810109133	0.1615909429484659	0.1349294637958926	1.5666484218208356	4.368000188242726

drug_223.txt	-0.033765968081826	0.9960886567976152	0.12053125425254393	0.21153852807947204	0.1840514923336093	0.11735933132537825	2.5999513470777837	6.764029380591806

drug_224.txt	-0.0213346151112819	1.1222877174087664	0.06553210923026181	0.11620612943020209	0.1687424816460118	0.07750071783958748	-1.0855683269476373	4.275879365176573

drug_225.txt	-0.0444615685167901	0.5448082969628568	0.36408469451598485	0.9874736118451217	0.2169273529989938	0.20984225365555942	5.4407346591254635	5.31491515451213

drug_226.txt	-0.0132467469135785	0.39475662505565645	0.33759445669117427	0.8883267849404775	0.16136969864146267	0.1330878531599687	8.554716292647328	4.691484425608264

drug_227.txt	-0.105819531572207	1.0531618459503773	0.0987533380163087	0.17487123379232705	0.19204727656819506	0.11230036779682989	-0.15043483549230677	4.644047497221046

drug_228.txt	-1.85996912909373	-0.9955942215359419	0.0939226491029288	0.17269677569722025	0.15316284180165085	0.130059999538804	2.4848263698838413	3.8610024500339533

drug_229.txt	-0.0589282246969034	0.6481589381739439	0.3319512795607756	0.9524120199398569	0.19016829524202483	0.19709998498848308	6.982120051085569	5.951924279486086

drug_23.txt	-1.71414438794459	-0.7745870047528843	0.030306961752935013	0.07945780180625045	0.06132442782503471	0.0014636631243193617	-3.2333394149486105	3.274788285778966

drug_230.txt	-0.0450490434687457	1.1936835832214099	0.11047635409847317	0.211389120996464	0.22276184332161725	0.23549048703298003	4.597761965578058	7.826580002246986

drug_231.txt	0.0817747767865773	-0.24608465404389834	-0.34518666296971134	-0.940352654564432	-0.1450876212885131	-0.2733848914834712	-21.627561880435444	-11.051073577370024

drug_232.txt	-1.75581015017081	-1.0089605299575533	-0.3519961337636859	-0.797704460481858	-0.045340807910786644	-0.16581902810485355	-12.047485252082954	-1.4961848742090107

drug_233.txt	0.00812655346937896	0.8886245842188248	-0.07105275639159905	0.0	-0.004993073175485528	0.0057111729991915485	-1.1409231891990512	4.147808864063983

drug_234.txt	-0.0130330115309465	-1.0006842841120407	-0.2913517542493591	-0.7260220215500398	-0.005989834612032849	-0.07145839219498881	-6.449869245271544	0.23159638353326334

drug_235.txt	0.063531563881099	-0.8288791409236597	-0.305031761727818	-0.7364891173558186	-0.03438081780580941	-0.08800446030572359	-6.939658213221431	0.24158164370236204

drug_236.txt	-0.0643916198364751	1.0512338983456784	-0.28811456461287976	-0.7588081883668971	0.03128715924688692	0.004243136882421854	-5.6028826856413065	1.5635040760997285

drug_237.txt	-0.0755891772823194	-1.1980611232737064	-0.006457983325724864	-0.02002030640167074	0.03162236229379456	-0.0026950580972405326	-5.721109286626528	1.2109972873088493

drug_238.txt	-0.00223500365889517	0.7289699678116044	0.04388364328473755	0.08913877097378231	0.08364565289459303	0.09441120879368957	6.482685641306331	4.888451444772348

drug_239.txt	-1.87021028909286	-0.9879930761844294	0.03453861618226023	0.07264310035828453	0.0948949866687347	0.01832921544348376	2.5002493462263575	3.8455732164945085

drug_24.txt	-0.07589741058454	-0.6916882072739587	-0.009591228246685346	-0.03804618097227147	-0.03465846456558993	-0.08344256786005806	-10.338624338624339	-1.3842341536085794

drug_240.txt	-1.80510794261258	1.0414030152181224	0.03684758389292281	0.06490885391387058	0.06679661720119129	-0.05703086107229672	-7.568691844553913	-0.2084200254352578

drug_241.txt	0.0149749764870265	1.1400325376769793	0.04124809829842627	0.07310857085358746	0.09388511726706875	-0.07386007122303884	-11.679194794137324	-1.9216615146412308

drug_242.txt	-1.84115387371593	-0.8489057148430859	0.03463956779725455	0.06321255660783665	0.042169030630204905	-0.11928024804309308	-11.125013683634373	-3.8761833288553236

drug_243.txt	-0.0772866311015906	0.46280487234627987	0.36272903132962203	0.9979272718818586	0.29949321108584703	0.31153482951826056	10.127190901903546	9.925886052018946

drug_244.txt	-1.87461889357744	0.3685320254756732	0.3577500514947341	0.8679180810827516	0.2249936631538827	0.21667687364634186	8.706416104117254	7.527885699408745

drug_245.txt	0.0105316414895228	0.487232888040294	0.052219555644083177	-0.2426079086599655	0.13955503493380694	0.15367993663740903	9.16205072067141	6.25423952622868

drug_246.txt	1.79182135076123	0.27511333288238415	0.3354445357110861	0.8338353799099245	0.16778868821415896	0.20791327738367685	9.668077601410936	8.2607420574284

drug_247.txt	-0.155677740090281	0.2356381761238926	0.3665136135439323	0.8912069774825975	0.2395406717543218	0.2923872177970604	13.33739585233838	8.017619160270588

drug_248.txt	1.8672082703818	0.5322032329300509	0.09580383981087053	0.3068467401104148	0.2042840529388306	0.19799849491966717	7.1514687100894	4.9625032984797395

drug_249.txt	1.81933008765589	0.4213335790773776	0.057279396936905036	-0.16123911215389886	0.15587747193113774	0.20017913704337423	7.544158608526424	5.177991156211575

drug_25.txt	-0.00455977736789703	-0.7002783360973306	0.059763761209907035	0.13237170971455836	0.07878286328814692	-0.04012272222976511	-7.684412820045004	-0.3475278177859458

drug_250.txt	1.90874596384161	0.5048096067711353	0.34112321239941823	0.8659827552806603	0.23317349472753934	0.260747101033768	8.395730706075534	7.678220215685616

drug_251.txt	1.73545589893897	0.4332366658252848	0.33061684197589375	0.886674000119259	0.22074568608809755	0.22191051678264925	10.433266435565287	13.15775672478297

drug_252.txt	0.0376743104521301	0.39221866949985557	0.3221217086692959	0.8197619191627517	0.1727459204371433	0.20118941404364643	8.539670376451985	8.401243212016864

drug_253.txt	1.89646438620806	0.5075279948743927	0.31437999419042467	0.8470315562851589	0.19935610554066183	0.21822535009994845	8.644930973666606	4.181359947262162

drug_254.txt	-0.0736420979013909	0.5767467864311614	0.08778924954617348	-0.029469738138908852	0.18704937500089416	0.18437464837437778	7.523493279815119	7.091000739095228

drug_255.txt	-0.0413405502229085	0.24302087363562958	0.30863907310185223	0.8252139440425368	0.13669681317962187	0.19419153934582384	10.136933649577328	6.31899223399512

drug_256.txt	1.79197112609823	0.21285995608867858	0.35841256707851926	0.8436961990802415	0.1818868603427406	0.25472807275056614	10.04967463358268	10.204553005374041

drug_257.txt	1.88053827537431	0.3146212840938062	0.041497804000640875	0.0	0.12292417002089483	0.17680820991575935	7.031527093596059	5.8362700277516995

drug_258.txt	1.79856124092598	0.11298880590661342	0.40916745917550035	0.937163295636205	0.26892722627535404	0.31207620940189845	11.3103205011251	9.295295701598464

drug_259.txt	1.76945490043672	0.1632851570673377	0.39195508098172976	0.8808261319128078	0.23142845470053933	0.2764142112461953	12.178933284680411	8.493900379058697

drug_26.txt	0.00892000296160878	-0.6779684305846035	0.04769475869671763	0.0871872603731857	0.07250937776708063	-0.06525510543455157	-7.5412151067323485	0.32144124470847585

drug_260.txt	-0.0848839308042106	0.6880565944847298	0.2985800621099375	0.9000821896689098	0.1338553986107999	0.1698926452070828	0.6012284862859576	4.929316471396151

drug_261.txt	-0.0787930670997672	0.7784907087575715	0.07713980210372388	0.1769262830768268	0.07615128256221297	0.030981168729258705	-0.4912972085385878	2.2068560469889325

drug_262.txt	0.0575610973057984	0.7737303406634377	0.2529162866870226	1.1901136217348809	0.1344537497710935	0.09986464592537908	-2.0676762148026517	2.6216203013386568

drug_263.txt	1.77417863675006	0.6251447667762835	0.28758066697660045	0.8516181515973261	0.11446519170402772	0.1858603357961719	8.154801435261206	4.881939868459995

drug_264.txt	1.72474409291364	-0.7793774931892009	0.05172689265204575	0.12194516662359739	0.03181148543628307	-0.0329487096366956	-8.56998114699264	-1.5648773055323684

drug_265.txt	0.0450798192229227	0.7204178033781286	0.3298462603438379	0.9002707213535184	0.1604322134881267	0.25562631483636644	8.471021103205011	6.390962150132526

drug_266.txt	-1.83295096069416	0.6339336879665457	0.29435046172532187	0.9137121912979985	0.15000789382858906	0.1525482711457276	0.13167913397798456	4.352617357947887

drug_267.txt	1.79227067677222	0.4242269286554301	0.3412422057970169	0.9286793418412056	0.1851521092339093	0.2678930944393805	9.175247825822538	5.485762904888483

drug_268.txt	1.89107247407626	0.24949026603933425	0.36841447923105863	0.9101300063452733	0.21192190915158318	0.26311899255859517	8.868588457094205	6.894304712064809

drug_269.txt	-0.012084434396648	0.7731780080035562	0.06251446155932402	0.13794053035986809	0.13185823125688897	0.19934257759650512	6.471896855804902	4.52552078807428

drug_27.txt	-0.00076546883070272	-0.7119759647758768	0.02987787173955664	0.0581343923772526	0.0709403602966718	-0.03423617854814797	-8.220032840722496	-0.01405643352743414

drug_270.txt	0.0383399290581699	0.8581032240756812	0.28009160408539124	0.8479792741023704	0.09551536508169242	0.18140364872260695	4.758121997202457	3.3384082320261736

drug_271.txt	-0.0117016256437263	0.6133213659605864	0.26649637926475056	0.854584703740461	0.09484995827072353	0.0782987345649942	5.100626406373533	7.363581339785778

drug_272.txt	0.0578900261876393	0.8341381382812618	0.31818610965105815	0.8996154428192151	0.14510694688734876	0.1616997312279896	6.777948063005534	5.494608697123402

drug_273.txt	-1.74108875400419	-0.300322287547378	-0.0694273880631158	-0.1873512871006009	-0.08379867159589673	-0.16737721873979414	-19.67836769445965	-3.304058195435377

drug_274.txt	0.0210952183993217	-0.30578021340306183	-0.07355848196486975	-0.19765284791704452	-0.08973371933808999	-0.1870507535110784	-20.871604938271606	-5.874184240740729

drug_275.txt	0.0481751761874758	-0.2141458909242749	-0.38185186882435673	-1.071856063252913	-0.16656232597285228	-0.2173371140267508	-22.778981937602627	-4.982915006578902

drug_276.txt	0.130651461759118	-0.34633121347716156	-0.05869590359796087	-0.14693331142627636	-0.04398530240648728	-0.12612599435293367	-17.411883476251294	-3.851497085730789

drug_277.txt	-0.0561183834730334	-0.4217283644389841	-0.0424602268162321	-0.1111407369899966	-0.05057147967416987	-0.09758386829851054	-13.06498814085021	-1.6617742210329678

drug_278.txt	1.84257604064422	-0.37817596064523346	-0.061202789449148864	-0.15789450423677942	-0.06517497987913076	-0.14439046064718433	-17.902049504348355	-4.046468500756233

drug_279.txt	0.065194287187444	-0.2098292544551761	-0.3382793589569635	-0.9739485451081438	-0.07969821475077349	-0.1705731352191544	-19.052168095846255	-5.140742496355307

drug_28.txt	-0.0025627728746368	-0.589976873440932	0.020939809378440033	0.041927831469464216	0.0440277138037538	-0.05167350778792827	-7.743659916073709	-0.3070138863716705

drug_280.txt	0.063996084491488	-0.3581806835662389	-0.048259135145604565	-0.1087521074835629	-0.046329180894308486	-0.15638168626177687	-17.93428206531655	-7.351361267002536

drug_281.txt	0.0279555056932173	-0.34798363315645237	-0.05510254767726644	-0.1417767399615389	-0.040752715573069094	-0.1369536767700493	-19.304968679681323	-6.479390858637624

drug_282.txt	1.84047918592629	-0.3829128387120144	-0.061570204525297545	-0.12623673860166507	-0.07387208095911563	-0.14320235261299807	-17.040491394514383	-5.0389377404991516

drug_283.txt	-0.116236901348394	-0.3486828315160957	-0.030509900327813977	-0.07697783717078494	-0.018226345044166314	-0.11927834542349945	-19.403636805935655	-5.697738536795402

drug_284.txt	0.0151247518240211	-0.44573659483165284	-0.04082447972816905	-0.09690304824115381	-0.028503825098462186	-0.07635907641823048	-14.059964726631394	-2.5110256882942235

drug_285.txt	1.73388907109853	0.694625454328948	0.05825948649104533	0.2989897660550073	0.14897039049708094	0.1266291715481224	1.313495104299702	2.850859542962151

drug_286.txt	1.87313020939109	0.7653544164171646	0.26629368697892863	0.953201347212504	0.13965671595663864	0.10693680641305761	-1.152952624216992	2.6152902530616786

drug_287.txt	1.86369436316044	0.570227299639416	0.30968860730706127	0.9726562550004663	0.17194501096539994	0.11767585942074493	5.755616371708325	5.838585008009968

drug_288.txt	1.81681468268116	0.7499528337675143	0.09130406738538396	0.1944385179283113	0.1754970029381338	0.11624419348250346	2.2317217052849236	5.425948930562892

drug_289.txt	1.6962147606464	0.5526976212604857	0.21276781989846322	0.8489159019402028	0.11191850718787277	0.11747868725437252	12.020701818402967	5.254996046889078

drug_29.txt	0.0231486599760871	-0.7664703166468636	0.044337743479348546	0.08601542752386537	0.10187865005306973	-0.05038331432744849	-10.04141580003649	-1.033563091047668

drug_290.txt	-1.75325094549956	0.7261151034218571	0.29691507725848865	0.8580165172931926	0.16705855356943425	0.2127037388448891	5.418512436903241	5.062609164122799

drug_291.txt	-1.82118382878333	0.8842799443606106	0.086364464939099	0.16974541211198882	0.1741824463966707	0.23303304995040663	6.530620932919783	5.542730497135105

drug_292.txt	-0.0285597214660439	1.0852842609463185	0.09576330263169108	0.17789192755174527	0.19017627340395454	0.1483900702108172	4.025664416469014	5.53772789981803

drug_293.txt	-0.0856241248609515	0.5621773420465767	0.3260149622939571	0.9076756020214796	0.20073776158642526	0.20816724008478177	1.6119442924040626	3.3335238488365246

drug_294.txt	-0.0765876795289495	0.4761981361087834	0.29920195195623833	0.8545212974435579	0.17275455920056668	0.17704407567087213	6.569531107462142	6.018779601799744

drug_295.txt	1.80003984493778	0.7233850507923025	0.294391581545471	0.888389173670884	0.185174388906937	0.22956848639399394	4.601617709663687	5.299369409008758

drug_296.txt	0.0638658450680145	1.0349298095813406	0.07996579190910655	0.15688401353616166	0.18805034929433967	0.18400291044799952	2.9186158243629508	5.387674963098827

drug_297.txt	1.82549002583082	0.8446322337060581	0.31412088154486784	0.8961830888431689	0.18972855896457902	0.24836504098898332	5.694483974943745	5.865172070585471

drug_298.txt	-1.82258173192861	0.8891693376062435	0.056317006757586136	0.11199381928419008	0.14957415575849084	0.21626212815498125	6.965298303229337	6.971793196928735

drug_299.txt	1.67243125781845	0.7210701939731611	0.300096366364928	0.991386376497043	0.1939879421292079	0.19164004436820953	-0.4053639846743295	2.726895658545424

drug_3.txt	-1.86807870386202	-0.6122603942779514	-0.23860292698696967	-0.9606214664338839	-0.03864810225477457	-0.06750711913293424	-5.631904153743235	1.588117744664149

drug_30.txt	-0.00825423568042816	0.9887797010870549	0.09188381875272023	0.1635212192660398	0.14102331675005386	0.09197722583102586	-2.771586693425774	2.1297575045612995

drug_300.txt	-0.0891688078364882	0.7514595480802999	0.2771820319359234	1.0983376802308757	0.17719354267784682	0.14358186372664725	-0.6715319588882808	1.8387978436996353

drug_301.txt	-0.175788877731645	0.677297873720049	0.3152390915470345	0.9302864665024055	0.21394916298226815	0.27314603405470106	6.080192179042753	4.190751864131262

drug_302.txt	1.77265010762593	0.16923459155829007	0.39900322389527576	0.8974171844851137	0.2716242024516308	0.3907618208352402	16.039712947758925	15.507823584718619

drug_303.txt	-1.80965112783475	1.0321581756927478	0.06568525151277327	0.12793576564757786	0.13524919747242087	0.040166899301819534	-7.765821322143161	-0.12811134987788106

drug_304.txt	1.7604875295752	0.6384915942419376	0.3195782239912216	0.9058028009913563	0.22528653615846486	0.29977873912358677	5.935668673599708	5.70704295547358

drug_305.txt	1.83613570115345	0.670496539844903	0.2964638178654988	0.8737009252006358	0.1935408813461391	0.2036557356507147	2.7533905005169372	4.814560963206847

drug_306.txt	1.76541096633787	0.5313674961845669	0.3172918174332586	0.8658379953789106	0.18414116210354672	0.2347145121148055	4.4246062154108134	5.07709229744855

drug_307.txt	1.78880669466319	0.7062553768387826	0.23333072007006506	0.8592208468856988	0.1377362449520806	0.11006529496988607	-3.2698047801496077	2.9345004965440173

drug_308.txt	1.85274913716382	1.058466402561179	0.07921822176785343	0.16197191000472383	0.15456562827929066	0.19577074183057394	2.517253542540899	4.595392357769967

drug_309.txt	1.76293386007945	0.8874631184201012	0.09740609452598678	0.1828654685289568	0.18473413153056836	0.25335379031567107	8.266009852216749	3.810824347855825

drug_31.txt	-0.0201364124153258	-0.5327503018039341	0.0429774599556674	0.09455267448533122	0.041626702952585734	-0.08157275768638238	-8.12581645685094	-0.3749584422173383

drug_310.txt	1.66902472378389	0.966814760661902	0.29789782088051686	0.9000115875954394	0.1946222406730931	0.2370410544257033	3.695882746457459	6.572292009562927

drug_311.txt	1.87266925698409	1.057361517187558	0.07031003777143319	0.12899142583897932	0.1909171015948291	0.3133491619041062	12.587982728212614	10.724933268878589

drug_312.txt	-1.79249208379212	-0.49896929194740747	0.0010741640911693107	-0.0028178063422967803	0.08352178949830921	-0.09109362365208257	-18.775941129964117	-4.442612033862925

drug_313.txt	-1.77448214218279	0.9769263199077773	0.06886276009592318	0.13815800221927343	0.18725453510752066	0.2124079745429773	7.198576902025178	6.875437341428861

drug_314.txt	1.82175726880198	0.7471838272312571	0.07290681983484716	0.16287590932938845	0.12455044833468476	0.07214041294987492	-5.927993675120112	1.1002127089971692

drug_315.txt	1.79253945169203	0.8286663140514471	0.30830261983064744	0.8689168191620176	0.18487415044729394	0.3020384144653872	12.884120902511707	7.439390896904637

drug_316.txt	1.79414868168266	0.5458754435761819	0.2745231370368136	0.8642461052729571	0.19171073956075843	0.22537443178435676	4.489326765188834	5.13765565436773

drug_317.txt	1.75900140260128	0.6083661553394116	0.32021385343567577	0.9876841931174263	0.26572227883192884	0.2685522702171379	3.9552149851000427	6.357181062797518

drug_318.txt	0.0234622455833821	0.5500408260271552	0.323437887704628	0.9236476045823238	0.22640714769515935	0.23042324283819507	2.3230310770540656	5.946161974847745

drug_319.txt	1.82839730874207	1.1320755319915787	0.07881800090535684	0.13801373203257802	0.20481068311140288	0.26760967787128875	8.601909627196983	6.256342515637052

drug_32.txt	-0.00908125601948484	-0.6100930373230807	0.06447897323061769	0.12909970861418468	0.0642195588607246	-0.07756710100130898	-7.283208660220154	0.14298448587982343

drug_320.txt	1.81155749996209	0.8688613300869943	0.09414405649064672	0.19722509229930474	0.160224862684487	0.2144604918939982	7.729088365869975	7.186169185377345

drug_321.txt	0.0472265990531773	0.6174181149090467	0.3035345801830472	0.9660618289736476	0.1679167925928507	0.14897427157818405	4.406738429726936	6.1578659610489215

drug_322.txt	0.0981947864385673	1.0109325885896354	0.11407746624224377	0.2530130347324885	0.1293711675952409	0.01970132886531902	1.2324028461959498	2.252899819812164

drug_323.txt	-0.0326036555648955	-1.0905515113095405	0.06081957370411431	0.11169319611323708	0.07836591076632002	-0.122236389381623	-9.244347138600013	-0.5946681965510785

drug_324.txt	1.85276076355984	-1.0264705756205108	0.11845728217086204	0.2209572317088021	0.1281758452424564	-0.05494124861278621	-3.2115064161041174	2.4171958646391816

drug_325.txt	1.7607683174464	0.8207777355477114	0.12087711606905185	0.25912767378918367	0.13158082782685449	0.05522514801751526	1.9209146749376635	2.689779659973896

drug_326.txt	-0.00446643911440769	-1.0624758410889195	0.09161931622852347	0.17582001539664205	0.10569322843846617	0.0345841123276203	3.5140911025968498	3.1348222425284096

drug_327.txt	1.83958053390433	1.1217029288591747	0.10500772445945941	0.22830805583982106	0.14203851631917755	0.11418281082714395	8.509639360214074	10.363188112180437

drug_328.txt	-1.79056454032471	0.9229173860972066	0.10761772801734763	0.2187686400910228	0.1319226708267816	0.11050055429317647	3.3700906160676274	5.2730043817952765

drug_329.txt	-0.0498777444315955	-0.7588363935386071	0.0586146571611493	0.11503371844523974	0.05724030305594835	-0.12277965915479366	-11.421711366538952	-1.4564264601087207

drug_33.txt	0.0165585451483287	-0.6468403060844826	0.06939193316240258	0.13550350209247425	0.08706664204329723	-0.06779752121676895	-6.440917107583775	0.7715594387022068

drug_330.txt	-0.00843990119644822	-1.0853679803205285	0.080799432634577	0.15583286407179092	0.1169574637384581	-0.035815066523100195	-7.33482941069148	-0.7919295645654584

drug_331.txt	1.85920110305061	0.671326605772959	0.25234207301055867	0.9659751475490554	0.14990727776700943	0.08197957229438503	5.482527519309128	5.0993353960475885

drug_332.txt	1.82849715896673	-0.7071831275583819	0.06719296812874936	0.1375827444743848	0.07630753734911498	-0.06080282108449632	-7.709006872225263	0.2323433128654629

drug_333.txt	0.0253094747396475	-0.7646133643596122	0.0431973695778026	0.07058549881321285	0.07702311154948886	-0.0699548016807926	-6.46064586754242	0.4663539398466156

drug_334.txt	1.88715916595625	-0.6388651307316955	0.0434525491351562	0.0958847359168239	0.058156863734938856	-0.13411976620054772	-12.999051268016785	-1.70805333794587

drug_335.txt	-0.0254643645014907	-1.088110798063014	0.06511520884088742	0.1202488353851866	0.06276590094991175	-0.12441024718109422	-11.910004257130694	-1.5989908929710657

drug_336.txt	0.0610059300566721	-1.1211007529519004	0.05400915043846857	0.10863409050072304	0.08359323813501354	-0.09338150956784544	-10.621918141458371	-1.270085792935553

drug_337.txt	0.0466785824836302	-0.7702927220280718	0.0558856578941378	0.11227178551772798	0.06979719439204507	-0.08872227364824069	-6.646937906708022	0.059411126696945905

drug_338.txt	0.0850644818953821	0.8787005640718649	0.09044255015981442	0.17803966058478393	0.126179537543405	0.03618831316962635	-5.083488414522897	0.2742902093852471

drug_339.txt	-1.73784362170265	-0.6972085209189343	0.08715469371458112	0.1991658756048552	0.0970161790235298	-0.07929976047670731	-6.731752113361309	0.9172321379900585

drug_34.txt	0.0137410322871857	-0.8218732122087165	0.09149091794804547	0.1793432218852911	0.10765017721683365	-0.016502565269792314	-3.2246670315635835	1.6803759575083363

drug_340.txt	0.023362395358719	-0.9920771270042359	0.08751988351107418	0.17842757378474028	0.09875051881926247	-0.020710018058147265	-7.110952989113908	-0.5224350412775676

drug_341.txt	0.052697814505163	0.8064502357040202	0.0976020695783431	0.19333954542650456	0.13207479452075016	0.11005262617706162	8.103788846317581	5.487319676148838

drug_342.txt	0.099662150609702	0.5240241303096523	0.09195687238189554	0.41095037079212626	0.17992063443272754	0.17099453634176712	7.819254393967038	2.7992632749287885

drug_343.txt	1.82095846700467	-1.1693662688423874	0.08593887691451718	0.18148297733544183	0.15626743032767257	0.09249818001038304	3.0451377485860243	5.89282373554557

drug_344.txt	1.80528198173258	-1.0271441270625674	0.05085993951703119	0.11235508599341626	0.10362999270241159	0.04260597445035494	-4.622599282369397	0.9560238610715814

drug_345.txt	1.82684963025979	0.5287738981572867	0.33835470577737925	0.9839745747511582	0.18792753812937443	0.16656315898990712	9.814109347442681	6.08688952366104

drug_346.txt	-1.78235728598882	1.2175025396463774	0.06912609476145565	0.1358793506159675	0.0975080796070258	-0.04981846484328159	-7.617928601836648	-0.5418782489854782

drug_347.txt	1.8438241684525	-0.5201328308387881	0.02958018749406252	0.06491687069558744	0.03762342059661822	-0.1919903426045715	-13.948902268442499	-4.156998770115823

drug_348.txt	1.80108827229674	0.4520022844391581	0.3285436329332506	0.9482852164085189	0.16678867787111745	0.20420400325953827	7.683938454053396	7.0339300010642924

drug_349.txt	1.79806237635804	0.2846108205861919	0.3567888418175295	0.8952404570894781	0.2275744928185272	0.3191022983175399	13.384674329501916	9.391287578998908

drug_35.txt	0.000233033415927397	-0.5498583504046831	0.016719038210389142	0.026995246204379597	0.015495057082411003	-0.09804560709277481	-8.815301344036977	-0.5639317763159931

drug_350.txt	-0.0899676096337922	0.6054349389467395	0.294693918876596	0.9012964343419158	0.17486195901170656	0.1855893688309332	6.255135924101442	4.211610548935764

drug_351.txt	1.86079870664521	0.2270986067359865	0.3690372385104109	0.8959827656030493	0.20261856906707418	0.29156956873845147	11.275120111901721	5.8184497694314325

drug_352.txt	-1.80374476998023	0.5966547497486479	0.29060334222936085	0.9096869963726552	0.15493143455937144	0.23319401902668302	8.886675180928055	8.667854950224758

drug_353.txt	-0.0609415834556681	0.6844573679073522	0.10368140663973312	0.21372338038314836	0.19288603090298234	0.2075334925020706	5.802274524113605	4.992894597365391

drug_354.txt	0.0555436945831997	0.5903810574940631	0.3223681989431778	0.9386977701937049	0.20259815650396354	0.20916584209462719	7.24488232074439	4.377493742466642

drug_355.txt	1.884712835452	-1.1327477791673406	0.061488221268523297	0.12165574944283003	0.12813953171873896	0.08120109623643867	-0.14721157939548743	2.90507356521462

drug_356.txt	1.875826165457	0.42948378112533336	0.3295528486657797	0.8869269947173696	0.16888411951386664	0.1897093509190636	10.985987958401752	10.624968026661973

drug_357.txt	0.0528475898421575	0.6308028247311672	0.3141488585444401	0.9451050841478996	0.160502575894908	0.1647119925752198	6.141750288876725	5.627211751773465

drug_358.txt	0.0987005495330561	0.7665472982855258	0.09492107598777098	0.21475763728065358	0.13886291618229454	0.07048256054787458	2.6748160311378704	4.119746916590048

drug_359.txt	-0.136977529536547	-0.7046806872897324	0.0674800464773895	0.16054472523140084	0.08016415168059186	-0.039557698418972505	-4.663224472419874	1.9680614675943167

drug_36.txt	-1.94559069674226	-0.7712757978033149	0.055735545615168164	0.11849606631966947	0.06843627520664343	-0.0357075884871757	-6.238557440856291	0.9794345867236568

drug_360.txt	1.8720318569198	0.6629097751160118	0.32882298410897015	0.9525063194055758	0.2128359341647113	0.20571659034531936	5.578045368849967	4.73178729341281

drug_361.txt	-0.0436371053901576	0.6549186192797551	0.13209861440800136	0.27489998566775226	0.21859493441460232	0.21996097128053285	6.288913215349997	4.502185356114141

drug_362.txt	1.79359950544701	0.7139422566199569	0.3036720425330496	0.936486210115631	0.17499678559237533	0.1978850241085342	8.45522106671532	5.967680526243305

drug_363.txt	0.0246105231670066	-0.9095746978980037	0.0785055198219905	0.16459130796344013	0.11198782042651664	-0.03805286555790537	-6.510284011433437	0.37961642578609445

drug_364.txt	-0.00269851327832538	-0.7359413947491418	0.06518519042107274	0.162012919898894	0.09965175867820826	-0.0011097407546958914	-4.281165237487077	0.6908275070951477

drug_365.txt	1.79519710904162	1.1498904826125091	0.08252860322350661	0.16500644696409134	0.11328421434401525	-0.04523090118561222	-5.800194611688864	1.3050741433002842

drug_366.txt	1.82824753340507	1.000065418716443	0.08709292822388032	0.18303402644475897	0.14964634260254442	0.10622711985895195	3.540935352429605	3.02213246083199

drug_367.txt	1.79538176356668	-0.7755518104457345	0.06302403094979245	0.13312898234620457	0.08078496229330348	-0.05247573290742933	-6.651499118165785	0.37402795209046474

drug_368.txt	0.0154243024980101	-1.180649453610537	0.07052420314533772	0.13805719798921673	0.08555168213086799	-0.06271752439554096	-8.271373836891078	-0.002601995033373735

drug_369.txt	-1.77490324965203	0.9992953996255819	0.08414174203932326	0.15401910631196752	0.1275975280906057	0.03039891347342825	-0.21436477528431552	2.509875185588813

drug_37.txt	-1.7808378260483	-0.9259494719653552	0.08622768669341362	0.17194415814935807	0.08949542050468001	0.008998397629336064	-2.4565346956151553	1.5301134446301312

drug_370.txt	1.82085861678001	-0.8306758917415022	0.0889182026931454	0.17677229224538055	0.1435336485436139	-0.024358170206614065	-6.186912363923859	0.3558824358464734

drug_371.txt	1.80138782297073	0.6987215654980186	0.29555095868756043	0.9303890938162034	0.1410365801351674	0.09166693014289813	1.5586571793468345	2.6603475699879593

drug_372.txt	-0.0132327119802725	1.0968273759269935	0.06173109435113744	0.11735815312854198	0.07815280737211694	-0.06370210627572523	-8.862360883050538	-0.23088534665335486

drug_373.txt	0.0183698841255687	0.5343623048699945	0.31897489474050267	1.205787795957742	0.21601670424180763	0.22460773355736802	8.489144316730524	2.3644386156873964

drug_374.txt	-1.85135379123096	0.6988153568242144	0.22996590022878385	0.9243051605278677	0.07673506666915478	0.0162649364828641	-5.317131910235359	0.6658974291095998

drug_375.txt	-1.85155349168029	0.7209146181330972	0.2435978555460237	0.9278312308257941	0.11340807257795123	0.061445599187149966	-1.2682357234081372	3.374549446923403

drug_376.txt	-1.82517783776985	0.7744942568838833	0.13156789591028617	0.29111832255523695	0.206445696172773	0.15466215620931317	4.022562792677736	6.029843067014534

drug_377.txt	1.87980854804749	0.5172032115570077	0.11671186044615917	0.0	0.22487538264705098	0.2410751336747167	7.1611628048409655	5.918086411296214

drug_378.txt	1.74247619041955	0.6046349454051547	0.3105366300885456	1.3191756589483457	0.251451412947324	0.22426833987658584	6.1252447850149	3.784991593686431

drug_379.txt	0.0257588007506311	0.7626750438542911	0.13064795313041838	0.3190951406127074	0.1663018717488039	0.10966032454521156	-1.7016237912789638	1.6926382169001357

drug_38.txt	-0.0151938262945071	-0.7157637830606234	0.040843856639775356	0.09649580031548755	0.05755486317687659	-0.033424128794288355	-4.995183360700602	0.9197162657572808

drug_380.txt	0.148213237023559	0.9959612278205747	0.09129127520074054	0.1874915497368722	0.16466084184043364	0.09162365000903003	-0.8523627075351213	2.9007733422393445

drug_381.txt	0.0466774228175307	0.7482601356441924	0.09143116345584151	0.17906608059888246	0.14336417685960626	0.12806256138335592	-0.670935960591133	6.17716790863249

drug_382.txt	-0.0551198812264033	-0.5175916589478755	0.05708725908441081	0.11294836932893221	0.11095656821081408	-0.11481479549518439	-15.600145958766648	-4.543760440940624

drug_383.txt	-0.0708549742390583	1.0725285432307194	0.09891969595695282	0.1907834948190792	0.1804821782441621	0.09749407155459137	-2.521474183543149	2.1126054122212645

drug_384.txt	-0.0934211250128976	0.49293043088709554	0.34012513588558535	0.9536624114944786	0.2083034686412829	0.22394484476023857	7.811579395487441	5.9389408151375385

drug_385.txt	1.7407085024637	0.501912849949679	0.3405622805535362	1.0079883383071908	0.24844205100961025	0.28041678845934465	10.288207747977863	8.273685854983679

drug_386.txt	0.10637599288976	0.6445594349944102	0.333996496474916	0.9706062027196312	0.17860458091208756	0.14355214291224005	-0.2779419813902573	5.665410794105985

drug_387.txt	1.76349466271111	0.6038113634731626	0.29107486642391056	0.9949516788997612	0.18891070850090166	0.1624469720753185	1.2579456303594234	4.231665277391141

drug_388.txt	1.93064393879699	0.5448494494585439	0.33453441162752307	0.9524266357967031	0.21309862649271494	0.17321223763509502	1.3547406191084352	3.9386737997503296

drug_389.txt	-0.0447853829737823	0.6986702997885603	0.12812486558747704	0.3002406020376711	0.1788438308317014	0.11130513266337864	0.6541020495043484	2.7257445279046415

drug_39.txt	-0.0114494428696443	-0.6705143028604388	0.03843314106017909	0.09156508003391223	0.07186681983171965	-0.020172945729438823	-3.9936507936507937	1.9045640467883675

drug_390.txt	1.77652511702964	0.6598793992523491	0.31648271456731875	1.0004156563068913	0.2104666292669983	0.19367198524202556	2.4897646414887795	4.1767237523090675

drug_391.txt	1.79779321488286	0.9750947822724265	0.11135383575497723	0.22935500069954778	0.20435255439990843	0.04701043579303034	-7.838898011311804	0.2213966846488507

drug_392.txt	-1.79746940042586	0.9304862002823776	0.1019594692036804	0.21039762345638602	0.17794236521719844	0.14062826888077296	3.0967463358267957	4.753213674846579

drug_393.txt	0.0495872629412046	1.058615301718436	0.056225455540622526	0.097419332711641	0.14144920583810885	0.11723352222831773	2.6907498631636564	4.770212462271527

drug_394.txt	1.77098342956084	1.0958978982786127	0.09786378981924967	0.19001417589536296	0.21010214346550274	0.11775122094410223	-2.218378641367147	1.9521799900458028

drug_395.txt	-0.0522741498235076	1.0488216956968772	0.1091401034252577	0.20804048294578387	0.20378234075325505	0.1572562937268501	5.3541081311196255	4.841412309074997

drug_396.txt	1.8120131892691	0.6334646367580907	0.32085879441303133	0.9734568288203604	0.22750948912279675	0.20226947386533697	2.0054126375965455	5.00719795556044

drug_397.txt	-0.105702702646447	1.1104516164945548	0.07121969035505263	0.1164327980551606	0.14843945452023993	-0.001739609830017545	-10.833825944170771	-1.8698464193098894

drug_398.txt	1.88830744353987	0.6306211676677895	0.3383524109711745	1.0479033216249896	0.23637685384215862	0.17679725022335147	2.320026759107219	5.563336231687603

drug_399.txt	1.82974528677502	0.45563813337337183	0.3514104541700688	0.9425044169460591	0.20996574016291844	0.24082618357390911	8.253688499665511	5.211132083837385

drug_4.txt	-0.0949110580704285	-0.6570392024422789	0.0035053474161228088	-0.002894913746516903	-0.018169844699635396	-0.05970214270745344	-5.988505747126437	1.1602041463632877

drug_40.txt	-1.83096263882913	-0.6016150566787181	0.037018128199621164	0.09043890622804984	0.02021896630861665	-0.09740186184832027	-8.915757465182752	-0.29833901648588995

drug_400.txt	1.82630045402415	0.6584373864926338	0.11757835450972551	0.22117506589624558	0.20227906104188464	0.19773081192438322	10.670777838593931	6.2523974297367095

drug_401.txt	1.82992979262494	0.6406453240221901	0.2759810613858556	1.2488289804995918	0.186795301019219	0.11512960548820753	6.861047254150702	7.008237021010072

drug_402.txt	0.035523575863126	0.3017244715674211	0.37356500639685314	0.8930981797603852	0.18530266148754282	0.22737197555420363	7.8171501550811895	4.709394918706977

drug_403.txt	-0.0657539301530133	0.6849953403570617	0.3124550471286312	0.9548772558140058	0.1678615521083553	0.1262554196667603	-2.211445599951347	1.9512776681436867

drug_404.txt	-0.03839496859535	0.6648201165828933	0.34104837223173884	0.9503067913648642	0.2005192900666365	0.2430019322673848	11.933454965638873	11.543386277277742

drug_405.txt	1.90127634635004	0.31157017874537	0.3860960576313853	1.3656938284475466	0.2687894717200996	0.279414569758347	9.33943927507146	7.244050348273798

drug_406.txt	0.0499225551190785	0.5612935308913027	0.14763994329144042	0.30758170486299247	0.23362032488783296	0.19442208316319062	5.261351334914553	4.322629946450845

drug_407.txt	-1.81361691827952	0.6657305737150342	0.3216868157325144	0.944589668011049	0.15403444200526623	0.12313137993325927	-1.8015082405887004	2.9464910513860123

drug_408.txt	-1.88191447194902	-0.734601430635254	0.0600060835082043	0.1234826657718816	0.06585379431768412	-0.0651884793024077	-10.577047983944535	-1.1786155918174406

drug_409.txt	-1.87717158627752	0.59763116517631	0.35643361824170505	0.9302239484367055	0.16740989081257673	0.28101647795245716	8.486833302925257	8.763204658541065

drug_41.txt	-1.92841645810022	-0.7188158280336276	0.038862095831621174	0.08869300002399705	0.04671051155167665	-0.05534891624293265	-5.215836526181354	0.737914601870133

drug_410.txt	-1.88550908003688	0.7892884170951209	0.3195788325024749	0.910585515307051	0.14272617906943602	0.20721720037475747	6.080009730584443	5.606951402087934

drug_411.txt	-1.72180463670189	1.0224118531022584	0.34233012653987765	0.9446560899551091	0.15136849884838968	0.09746835377136995	2.4793894058261876	4.904429178727691

drug_412.txt	0.0668544532813644	1.0443777086759398	0.0923748232988646	0.1710692311705348	0.14242778900173717	0.24799461982250423	10.705443045672931	8.91553679147299

drug_413.txt	-1.87807023829949	-0.34763021391022675	0.005807516826524695	0.018493076482222315	0.01869558318039684	-0.1859095528781093	-19.137529647874477	-5.469860928661051

drug_414.txt	-0.049329965742274	1.004360284721288	0.3390565228009279	0.9508250702802186	0.16209803735767575	0.12632765554104664	1.3126071884692574	4.08760620640956

drug_415.txt	-1.83827992377128	0.8440679896136905	0.3558607710176004	0.985324716037439	0.16548110610134623	0.1431468888932446	1.4774432889375417	6.121131105867892

drug_416.txt	-1.8364956436697	1.0797114890057655	0.35810439608040207	0.9232308234396525	0.1459775696554675	0.07224416929036119	4.032682600498693	7.357334572394617

drug_417.txt	-1.87652255981721	1.1332313959387506	0.11048651103469923	0.2199727781069288	0.12376075505104929	0.08544296371287834	2.48729550568631	5.072466713995642

drug_418.txt	-1.68851761071912	0.9433348668589967	0.11886399560540685	0.24165629769584168	0.12032468513821679	0.017204240536141585	-2.877856838776379	2.028773846262248

drug_419.txt	-1.86374173106035	0.9085828712055124	0.33764220531198214	0.928329992539549	0.14266177647732278	0.03212698217759283	-2.824460256644165	2.4479063627001074

drug_42.txt	0.0128857934063764	-0.7415572032315806	0.05364956613947103	0.09511114030636136	0.09545439316767626	-0.028784835190855187	-7.9381013197105155	-0.364364440811819

drug_420.txt	-1.88510967913823	-1.0336896211208875	0.10317973480076317	0.2142433494968954	0.10191967296978836	-0.05646934521791109	-7.36268320866022	0.16891658461168016

drug_421.txt	-1.87103079746075	1.0720640239506083	0.3154750894528885	0.8866524322557572	0.08607257062420612	-0.018178596361995907	-7.022197895761114	-0.24759930369027164

drug_422.txt	-1.92100583490458	0.4388196731577081	0.37963467902991826	0.9476681007753233	0.19335423970173712	0.28282551701712966	14.156334002311015	7.908764156030629

drug_423.txt	-1.91935830619764	1.034034482021213	0.3424775972179269	0.9108008349782096	0.1093918435286439	0.011183322748200128	-4.98121997202457	1.2389273203933742

drug_424.txt	-0.102705887565317	0.906871861066473	0.3288290232528965	0.9045147815086201	0.11298499103252976	0.10388023704401418	1.6780757769263517	5.119521748763121

drug_425.txt	-1.68073580516658	0.6607697067495022	0.3101705798650204	0.9383863519091411	0.17697978425804023	0.14021448354836627	1.841926655719759	3.2717779369936406

drug_426.txt	-1.77718461021987	0.6172003198337388	0.35344730623012427	0.909822892400337	0.15203142286898286	0.16148193226496615	3.9920695736787692	5.795685827662061

drug_427.txt	-1.86723648892355	0.7770545449736146	0.3308238316052303	0.9121102014451705	0.13895316842365543	0.16946148459071106	1.666776135741653	2.9635074399125907

drug_428.txt	-1.62501937980462	0.8352898784310623	0.29896290707695483	0.9853080683553319	0.1269549970891569	0.004460463907171925	-8.61935169981147	-0.609406698437177

drug_429.txt	-1.72350209052116	0.945391087429134	0.10793627931216833	0.20399471286133977	0.12572546414736488	0.01709867678579704	-5.839737274220033	0.707501512015077

drug_43.txt	-0.00695618275980914	-0.9956483078222405	0.04532963958418745	0.07874438140366002	0.07662348102983212	-0.011233074234410553	-6.022684424983275	0.03471935579877164

drug_430.txt	-1.8524087305611	0.6390441982922519	0.34509136449975736	1.3034497019059577	0.1987620356963793	0.1646601430585741	1.2909323116219669	2.8153406563175842

drug_431.txt	-1.77762091228851	0.9579137258248883	0.07968765002337308	0.14754071209528546	0.07680029615869612	-0.13780814808447298	-13.883756005595085	-3.2663903404840564

drug_432.txt	-1.73882910000693	1.1870184772903696	0.11181656751305392	0.21439904117612285	0.111620130906707	-0.05553997868707123	-3.7219850392264187	1.41328434168355

drug_433.txt	-1.6899155138644	0.905214615006628	0.10160164128859064	0.19640974502925315	0.11440331288023477	-0.00835683457902823	-1.0976585781183483	3.15822507939691

drug_434.txt	-1.81077118687662	-0.9592639238192329	0.07412400497716955	0.15100849785929876	0.055698474710577844	-0.13520950396767367	-5.919990269415557	-0.16156086219976476

drug_435.txt	-1.89105076750568	0.7702096256606171	0.36319884227918076	0.8978595252850505	0.16191625733287626	0.2523191440669167	14.336313324819072	10.868018535026147

drug_436.txt	0.0505546028782913	0.6248770476954298	0.3528470961705167	1.564645997373913	0.23751178635362896	0.2062447149037908	1.0070060207991243	3.916696430568416

drug_437.txt	-1.93096263882913	-0.40619150240725543	0.013010582848100527	0.03196683898471342	0.0035566175482489738	-0.20205789789541606	-19.435492306756675	-6.511532384942325

drug_438.txt	-1.73992745247822	-0.5413421199822439	0.04811642385215481	0.1093893577019317	0.08211848187878103	-0.10330333548546373	-15.116633217782644	-3.6691933259796023

drug_439.txt	-0.0406415986502676	-0.5031922178270212	0.04425770849590613	0.10362842892260765	0.11060051763566457	-0.16293737853808601	-18.864671896855803	-4.419714955263971

drug_44.txt	1.86659001967567	-0.7449141339182628	0.05897574967661942	0.13533416157715772	0.06842370327171271	-0.03382083103245454	-6.159958645016117	0.7184730774838123

drug_440.txt	-1.80779738670731	-0.5443813961760111	0.04372564630591111	0.10280121825072058	0.08326888042046623	-0.09871369224458466	-15.455087271179226	-3.1070008463793966

drug_441.txt	-1.89361865480517	-0.6734668200498006	0.06307471233508902	0.1676559505182063	0.09147131131029676	-0.05348647916888181	-11.588736848506963	-1.7620142259893394

drug_442.txt	-0.00744139894981821	-0.4771020443533549	0.024401073564601694	0.07296930843818744	0.0029883091014737554	-0.2069299784819072	-16.697354497354496	-3.025050562167071

drug_443.txt	-1.66845639819009	-0.4465800407333876	0.02501674185098615	0.04891304604692759	-0.0005000168998028605	-0.16882924189718748	-14.890032232560968	-3.8692253445504776

drug_444.txt	-1.83703179596299	-0.40320935874132496	0.008833584182204923	0.03143676529461881	-0.002573269577350653	-0.1766308914502062	-14.579894179894179	-3.5273143754388214

drug_445.txt	-1.80380337772079	-0.5589216757764088	-9.908709453532172e-05	-0.004528542306934558	-0.02173550968196851	-0.20271447408086238	-16.776415495955725	-4.812541843892958

drug_446.txt	-1.8486144220239	-0.567471508208286	0.024343414043892064	0.07464165556489832	0.027504340776533454	-0.10353335234890852	-15.387775953293195	-6.248296263599427

drug_447.txt	-1.87634456593847	-0.2468845983451057	0.0016577855206053038	0.009596602684827316	-0.03972088884106978	-0.2426691098073514	-22.6295323237852	-4.962547874863113

drug_448.txt	-1.81821002861402	-0.7090639115731119	0.10807809231559544	0.2679397824852836	0.10468538576573079	-0.05210463222612938	-6.672906403940886	-0.4506041949483833

drug_449.txt	-1.82073450277235	0.7808609551068246	0.23513601171395707	0.8393121378945414	0.13487345294733094	0.05283846630126076	2.006227574043666	3.668893421707756

drug_45.txt	0.0162807010449186	-0.6880768110845362	0.05900612922635967	0.13151454652845823	0.08894583240113887	-0.016097936526169122	-4.048567779602262	1.7307346588588324

drug_450.txt	-1.77265010762593	0.7879402171420963	0.1400239185010142	0.2886802893864113	0.1798315446274201	0.09131536099197868	3.3773155750167243	4.261190601885541

drug_451.txt	-1.77015385200936	-0.8011454563804625	0.11635258944801832	0.25597208469513844	0.11740163397747629	-0.024423282896575315	-4.008611567232257	1.9051841910403522

drug_452.txt	-1.83295964332239	-0.7427641830965126	0.1065598884687702	0.3002381895006432	0.11636509462636813	0.06443212045300882	-3.267858663260962	2.9819409271764252

drug_453.txt	-1.92477192490002	-0.607697944071744	0.056852636638801884	0.13659542260234997	0.07873704866111808	-0.12577157282873855	-10.68142066532871	-1.9456963053194316

drug_454.txt	-1.84868605370681	-0.6173115101407547	0.07347647904466187	0.1482515912661319	0.08089845411234002	-0.14315272813502725	-16.088633461047255	-3.3854037029081745

drug_455.txt	-1.9363046258486	-0.6117017407879524	0.03854818843577831	0.07882036731882558	0.06584900864574497	-0.17367782319561834	-18.45419935534878	-3.8117119113928255

drug_456.txt	-1.72831660787556	-0.48090444266759125	0.038722459825057925	0.08818872115247745	0.05837995849311899	-0.20323235720222013	-18.490628230858118	-4.9017559004739795

drug_457.txt	-1.81508645310771	-0.5912633883364548	0.05066996654699471	0.10581452671403357	0.08234556622787592	-0.14144363718033628	-16.708824423766952	-2.3780272875342763

drug_458.txt	-1.92664737259804	-0.538307210616326	0.06794075864455304	0.12967625410054073	0.10318151956217256	-0.12895305782695565	-13.40931703460439	-2.6204686571760174

drug_459.txt	-1.89466708216413	-0.5298506999495756	0.046947836895755685	0.08184293027099798	0.06947809124512905	-0.14270131603859695	-16.48048409657605	-3.357939726153625

drug_46.txt	-1.92432259888904	0.7879242954247823	0.10889035334882326	0.2406953194938647	0.11139132247428543	0.04261791819713957	0.09971416408198018	3.418980480752611

drug_460.txt	-1.93435754646767	-0.6701371156206346	0.05644974051864704	0.1036656882387107	0.0671019506542753	-0.1478473945903975	-16.522118834762512	-5.234771826211911

drug_461.txt	-1.90235554946318	-0.5623945952216073	0.036835049257377794	0.08617887118860434	0.023527710673698833	-0.19020561611756837	-16.93025603600316	-4.723921298244727

drug_462.txt	-0.0854035801568641	-0.8481123129776289	0.10651244186207354	0.2272828772165018	0.1653271143122021	0.003473258201877705	-3.450173326035395	1.8243762704495812

drug_463.txt	-1.92037851501485	-0.5441611261963096	0.03243791744143293	0.08607681871120193	0.05551757467105963	-0.1489665151198328	-16.18197409231892	-3.920982200564649

drug_464.txt	-1.75205925477478	-0.5584019441062312	0.03860882800535059	0.08427158475333002	0.07268096858988488	-0.14168116937383762	-14.558839627805146	-5.511611376081343

drug_465.txt	-1.77911866565845	-0.6103474422354579	0.04753254752760444	0.10826318201428325	0.09064740534580039	-0.13408828068755338	-15.645806726266496	-3.3050564515552434

drug_466.txt	0.0303045431852221	0.28703646813792494	0.3897938627915088	0.8836908536278503	0.20390162726635927	0.2878449303315884	14.50558900443958	11.522002851886116

drug_467.txt	0.0704559598957727	0.23630040698602978	0.3945388181127438	0.8708123988649087	0.2418707678809061	0.30323065750785533	10.51156115064161	6.6997461132545135

drug_468.txt	1.89859201668016	0.45287485243497	0.3507531480730812	0.9793807635664594	0.2546720532135055	0.2402961393381138	14.39331022319528	9.263620631201391

drug_469.txt	0.0590383037712638	0.2131806599223911	0.3860497359115582	0.8997356768004043	0.23204026939290096	0.2913563627860776	11.323979809037281	8.062340337788118

drug_47.txt	-1.92355201563349	0.683119582614699	0.12123676201221208	0.2633679048314371	0.12997336047623276	0.07930478515034776	2.2972571915100652	3.574263353640155

drug_470.txt	1.78491253590133	0.5622737403749647	0.3148204507961804	0.9605114865771582	0.21974802095529578	0.21373969732883868	11.516803503010399	5.727298534149763

drug_471.txt	0.00195870577695101	0.43621439307360793	0.3282480808053969	0.883641034947571	0.1954212596636815	0.22695303012504436	11.70212248373168	6.86381066334011

drug_472.txt	1.8685370990566	0.6102932769630277	0.30690663215965036	0.9278596847294234	0.15454314722505638	0.15370532189474648	11.316876482393724	5.7922550299637265

drug_473.txt	1.79139411787619	0.8931391891516269	0.318095219019102	0.8872290960494179	0.13370466070915749	0.015577196545756029	-1.4130511463844797	1.8232440839106063

drug_474.txt	1.82864693430373	-0.8160467435260332	0.23144469891228203	0.875782185787805	0.09010009467600977	0.007117560448418888	-2.26643556528614	1.6742075842553663

drug_475.txt	0.0721403897726964	0.8179371002796267	0.25966908602936073	0.9306448296819303	0.13221395450818055	0.08269683802652274	-0.9008818342151675	5.155751203030382

drug_476.txt	1.89080369915645	0.450144499102045	0.3464912240786653	1.152353011333388	0.22440935435612946	0.25076417085896474	11.411068539804171	6.143113399290729

drug_477.txt	-0.0541713040921048	0.5458670568243307	0.32897984416042625	0.9175304823025576	0.21962676230145517	0.21125755241634694	9.138514869549352	4.04776438055776

drug_478.txt	1.82580120290083	0.4078028861135128	0.35001252603775357	0.9101101049270452	0.23848359026439647	0.2586669930962949	10.466812625433315	5.956633000274764

drug_479.txt	0.0250393022735105	0.4794316308994693	0.33425933693433507	0.8693163039654084	0.1916766086026687	0.20063722525502362	7.8060086358936935	6.08268874791349

drug_48.txt	1.76862841532817	0.8482627006390908	0.12250650532799515	0.2580322290892321	0.23414101427425896	0.13474571495333648	3.213075472845588	8.45044452096316

drug_480.txt	-0.0347504353951502	0.2219592405352341	0.3935659531928114	0.88157642470892	0.21919946637184315	0.31249480670291196	16.161552028218694	9.891555110898354

drug_481.txt	-0.0498777444315955	0.12594121829138083	0.4152928393260332	0.8682576179756993	0.23114146015593603	0.2840864113126759	14.76280484096576	14.745233046530231

drug_482.txt	-0.0692986131285501	0.29856453990398923	0.377007538532697	0.8471715568869049	0.18604445146891554	0.22821602861334567	16.77911573313872	6.141755497277368

drug_483.txt	-1.79503826452103	0.2544958756498098	0.38537586663611645	0.8549301261762017	0.20855904763112318	0.30024177558898996	13.23788846317582	5.70475809199662

drug_484.txt	0.0394524651379096	0.33612614051848666	0.4044167093637064	0.9003475992224426	0.2288615337878752	0.2689476739899992	15.645028279511038	11.01628888033286

drug_485.txt	0.0610700387774502	0.2422870731261404	0.3936448776664599	0.8770992532883974	0.2306138259013164	0.2706043018094625	16.080338137809402	10.609906468552467

drug_486.txt	0.0081993448183888	0.22289307828282612	0.4183792205937912	0.9024275744734215	0.2703916861064683	0.3173497291401858	15.512242291552637	13.090186970289567

drug_487.txt	-0.00887504359898517	0.19074756835881446	0.39046031328853764	0.8693629952733366	0.22139758580552446	0.28867427009950924	16.099069512862616	11.19926969007496

drug_488.txt	0.0220785260465466	0.30948850498816766	0.3703078918899805	0.8654450459259233	0.20227264524686728	0.25760251787798877	14.802858359180199	7.199187224934264

drug_489.txt	1.86768837214696	0.39660328338522965	0.38601775057418586	0.7158603370164431	0.20264011257140402	0.24215848624183048	15.143161223620993	7.2418078668689745

drug_49.txt	1.73236758917609	0.804341384771524	0.13714359432656037	0.27642786055098667	0.2649015611522004	0.2057121538120827	7.071604938271605	5.496791109844852

drug_490.txt	1.91426850195225	0.411179369732377	0.3826252754674345	0.9013709730167379	0.20643431970045678	0.19409865910034982	15.311658456486043	8.320983331356565

drug_491.txt	0.000361102182342865	0.44257780209326786	0.3801124063702427	0.8757933866088943	0.2044074428591748	0.23251573878805568	15.472699629021468	14.63161376426752

drug_492.txt	0.0372915016992083	0.5067990979999906	0.3684052993269436	0.8766712483908865	0.1798236984750976	0.2585265156836569	15.305272760445174	9.255529049457916

drug_493.txt	0.0538808226017138	0.26296144625389595	0.40891262566227327	0.9218821609806079	0.24855837071777012	0.28829546779014736	14.624168339110868	16.403462244628063

drug_494.txt	0.0737010921973205	0.46088699971676816	0.12870638621131536	0.7039351685856873	0.2883560729168283	0.31064232487354926	9.853931764276592	4.26151452788696

drug_495.txt	0.0165368385777498	0.42903375068925664	0.4006116122632596	0.9199812971888726	0.2604630601348395	0.2769048886144044	17.531715623669648	23.275595533240526

drug_496.txt	1.81360784909592	0.29519528400020245	0.42383753014242426	0.9772546154543864	0.3021867801984976	0.36692717112370143	14.631064890835006	7.172572684593508

drug_5.txt	-1.71091445024244	-0.6959626463685779	0.07386117682293276	0.18737906156358627	0.060891549167036145	-0.01919406708469897	-4.972790853250624	1.2400852977069279

drug_50.txt	-0.0533581700112131	0.7015678740167085	0.11148810123086449	0.2403932844062649	0.18842613022851928	0.11177572909105069	2.27273611871313	4.242274878448889

drug_51.txt	0.0806764243152841	0.7301734899803367	0.11215824359316712	0.23028765440071863	0.25350516228775744	0.23196986278964857	9.718919905126802	10.481441397354702

drug_52.txt	-0.0194733510217104	0.5043234376410698	0.15184287846483738	0.31902284365374944	0.28528659336153367	0.30948570311674195	11.200766283524905	6.423391952998706

drug_53.txt	1.74830238263807	0.5969235274724616	0.10331158730495205	0.2247172342089424	0.2380592557151881	0.23631292158606534	8.449771939427112	7.036952252623431

drug_54.txt	0.0553643923632122	0.7254086295520267	0.11245923701474049	0.26285385346425366	0.20235779439514692	0.11443530426428718	-0.6366356504287539	3.9700668402318127

drug_55.txt	0.0752345870711504	-0.779468293391397	0.1037493299977337	0.22593296108964828	0.1887683886337429	0.06835839193715659	-3.5050173326035394	2.930998522889363

drug_56.txt	0.106843695148165	0.7430204290520847	0.10502307208861511	0.22708929593995214	0.19480264626150323	0.13229201621949124	2.816189259867421	6.095589931108162

drug_57.txt	-0.00923219102257855	0.6378418444435571	0.09504291401385746	0.20229600194745417	0.17647045176047274	0.10911729378673375	-0.6231466277443289	3.764420578799851

drug_58.txt	-1.86057474241288	-0.8169981848038284	0.07843919214930681	0.17125109981876085	0.16952765153010949	0.07236925077332261	-1.6605363984674328	3.349685505641531

drug_59.txt	-0.0857670908764905	0.8792821880991796	0.11680002801473413	0.2264675236490088	0.21668951568222736	0.12228654770590693	0.24727847716353463	4.9731101731964875

drug_6.txt	-1.91545763546461	-0.6613538970052271	0.029345036249660075	0.06333796450023749	0.021989903293711793	-0.047699300943245045	-6.500115550690263	0.9539043041514923

drug_60.txt	0.0674462695474359	0.46990370002612003	0.1183915822890933	0.2643711178570547	0.2037832078694403	0.15378525827512637	1.8615094569117558	5.412604947778762

drug_61.txt	-0.0422978099854388	0.6951087914193016	0.10622589851797841	0.23036943253319908	0.23505479140446334	0.24745283459487594	6.744219424679195	6.082059323893005

drug_62.txt	0.0288042326028527	0.5319124139670494	0.11081493315769364	0.22145624088472754	0.25083499232648826	0.27799886332046103	9.53684850696345	7.369725850250876

drug_63.txt	-0.0607470866362755	0.9374199983729975	0.08116439409467954	0.13926001722750847	0.21314051861492592	0.21068384638443552	4.4574226114456	6.118897268784777

drug_64.txt	-0.0467823874670423	0.8908812134680033	0.057886929322694375	0.09327514937055476	0.2150870810496941	0.19301800551430381	7.32669220945083	6.247542293548569

drug_65.txt	1.69486577162249	0.5391332331090832	0.12212374800109718	0.2427947105861147	0.25891070079621475	0.34393911419917833	14.416444687709056	6.473886660726891

drug_66.txt	1.84708092715007	0.3138028136141022	0.3461730818014888	0.9463213659685892	0.24708119033880424	0.30817408686358433	13.364726631393298	9.545820312006608

drug_67.txt	-0.0134324124295986	0.737667014208362	0.0993352773470651	0.19751586990443976	0.25126905086067214	0.26239451473544884	11.78670558900444	9.749146769508815

drug_68.txt	-1.75593170696605	0.8087305600888371	0.07877306496885345	0.159309957192535	0.17566461635732028	0.03255765801032374	-4.196424010217114	1.3110842926007966

drug_69.txt	0.104041376886427	1.0494141082607846	0.05830173680984513	0.10473151916733603	0.17687742332318904	0.0199183381771717	-4.955397433558353	1.3188327994878353

drug_7.txt	0.023761796257371	-0.6421091881332626	0.00736570688387389	0.022818900503005612	-0.011299237998694209	-0.05041146545781005	-5.4945691175576234	1.0879580960272512

drug_70.txt	1.77690947200403	0.17477152838770835	0.3735826118373394	0.9560748995602344	0.2951739469547276	0.33425506355841833	15.389770723104057	13.330395185032165

drug_71.txt	-0.0533725022948007	0.25092294594732206	0.37132991652531083	0.9815198707943814	0.3049193103348642	0.33319679614408093	13.395986133917168	6.22314566517339

drug_72.txt	1.83362439961261	0.27088045255106324	0.3814468685232204	1.000137385031501	0.32291405771280807	0.3462568547647683	14.587678647448762	8.656935345438425

drug_73.txt	-1.79092921071044	0.2331116282754964	0.372017775050576	0.972416153735093	0.27478897651583833	0.3345039523366971	14.766441646901416	10.957021435140724

drug_74.txt	-0.0915652132284003	0.14221163104347584	0.3942620042600544	0.9936887724121508	0.3046673510559911	0.3641408215830395	15.264319163169738	8.098053306118082

drug_75.txt	-0.0393869588708062	0.17051170813707864	0.39490818294715613	0.9828295146095962	0.3092803633318255	0.37654411448251796	14.027634859818768	9.037383180663193

drug_76.txt	-0.00499506844557451	0.11316352444078247	0.4311641890372986	1.0286589900328373	0.3526254795450465	0.42744852949237105	16.37654929149182	10.666630366747896

drug_77.txt	-0.0104868308020398	0.9186176601912295	0.07494734643931722	0.1605616629611239	0.15208725292029063	0.08462029768349762	2.11698595146871	3.2611208575201887

drug_78.txt	-1.78339051874838	0.7333387433882009	0.1061410375715683	0.22852083317958294	0.18531255067478627	0.14129547184481572	3.1236514018123214	2.969417103865083

drug_79.txt	-1.8347786539369	0.3887505719227087	0.31044506684967516	0.9900866633466626	0.23590750368628227	0.20329471645444205	8.032560968193152	9.465616748115359

drug_8.txt	-1.80816856906421	-0.5772395706719258	-0.21863728198508242	-0.8061192346819533	-0.026225630697605248	-0.07952099712272084	-6.395560420847777	1.1072357546934848

drug_80.txt	0.0102820159278653	-0.7924874943495459	0.08992571296695248	0.19326855186716496	0.1552051205603535	0.07497360297892793	1.4790609986012284	3.2202755561256824

drug_81.txt	-1.71788877136945	0.7615390212435922	0.1345446411796222	0.27838099970358077	0.20515949835224778	0.1025068874470171	2.2932189989661254	2.9042259713544074

drug_82.txt	-1.8023338428926	1.0495136726001144	0.09662086765714406	0.17859434631557597	0.1140369422252619	-0.021471104810011975	-6.080082709967767	0.9869212780638715

drug_83.txt	-1.90088601463499	1.048523655770519	0.07856449459619144	0.1558474812648789	0.15376800546437266	0.19185206228377494	1.5266557197591681	5.866172497939666

drug_84.txt	1.83566722578431	0.8916147172325494	0.1248016945828708	0.23738894853781956	0.1791649095716724	0.1061400065672663	-1.6465365200997384	5.262025620830486

drug_85.txt	0.00908381323190921	-1.1140656500716057	0.05117897442985345	0.09645365139253786	0.10884217797045787	0.03814416114651341	1.8917594112996412	4.068984432651825

drug_86.txt	-1.84367183590308	-1.0913915142918449	0.058206665865923685	0.1125821532370867	0.10429876782717327	0.12568991891981773	2.5811713191023538	4.592779065227591

drug_87.txt	-1.78156499616269	-1.1245858375006703	0.018400609044774308	0.02972281914715763	0.06553595803341836	-0.06216642571953383	-9.286869792616919	-0.4375460728675631

drug_88.txt	-0.137849747118453	-1.0652610998972754	0.03278204008506838	0.05717678879664362	0.1052326276353352	0.08864924425760488	6.451438302013015	4.454993929375067

drug_89.txt	-1.81560741080161	-1.1632140062719838	0.0228222220316244	0.03734434681495685	0.11212213166470189	0.0340336890861663	4.6771878610959075	5.256863863558955

drug_9.txt	-1.86193791504524	-0.6411936429337703	0.03931695391903817	0.0920338933845187	0.03853676469931805	-0.09954510850687054	-9.004622027610534	-0.7429370581611399

drug_90.txt	-1.7831625997573	-1.2209346346254197	0.06554043984956173	0.10437218143601229	0.10426494116809515	-0.06879539697821453	-11.700602079912425	-2.7647441112405176

drug_91.txt	0.0362929994525782	1.254982094256079	0.05454904818326367	0.10023725713476661	0.10159892252878677	0.09038174759185179	1.7081554460864805	4.046485221820739

drug_92.txt	-1.74442071258806	-1.214408110393854	0.04450171541824721	0.07477879355741135	0.07634552911673201	-0.11060655192906498	-11.105601167670134	-0.443986204744972

drug_93.txt	-1.81801032816469	-0.9839885581564576	0.022888431799010622	0.04515391792162632	0.03821655460878837	-0.13123719006368265	-14.110417806969531	-2.042760314794766

drug_94.txt	-0.0194937492510489	-1.0844953130108608	0.027610733062023607	0.05499199662481008	0.049571525106929665	-0.01440754732472555	-4.690616067627562	1.4950706545181964

drug_95.txt	-1.80592193900929	1.112192749561047	0.05686948131544792	0.10860719258865814	0.10692844447665852	-0.03876578478300358	-4.960408684546616	0.4643692543979888

drug_96.txt	-1.72804527574332	-1.0417084023329748	0.02581515519182495	0.04959526315653989	0.0626884936870257	-0.09610210722131735	-12.372936812017272	-2.6656161507323235

drug_97.txt	-1.76249360325206	1.0155355479801234	0.06698732811896979	0.12832937125661548	0.1306382855585227	0.1084791864964779	3.432816396034787	7.136612390988456

drug_98.txt	-0.0790413843201845	0.5947542820802918	0.29849230932708976	0.8720257015548845	0.12814825612614297	0.17942610381940025	12.799501307547285	9.27535861065346

drug_99.txt	-0.150584070291228	-1.1415038834387117	0.011200845424473832	0.01845120513756715	0.07120943960442774	-0.06109207239299192	-4.7066715319588885	1.8555127879032838

