	SScmap	SSfisher	SSlincs	SSlincs_Norm	SSpearson_corr	SSspearman_corr	SSzhang	SSzhang_Norm
drug_1.txt	1.80836926428539	-0.8986445890127939	0.0017941848206113886	0.022310249651486314	0.05916467061795327	0.008736350435559098	16.996250468691414	-0.6648700214795105

drug_10.txt	0.190931784141969	0.8829793239724026	-0.009650938780207285	-0.013162792657985478	0.04677378482470916	0.019735131162624295	22.697287839020124	-0.47702239197629964

drug_100.txt	1.87865928380157	0.8427003511590793	0.10777016690404134	0.20764338048669584	0.23761522835222193	0.1776875466620627	27.826271716035496	-0.34871376645878577

drug_101.txt	-1.4186492987791	0.8378556477473582	0.10975872196617167	0.2028734837421785	0.25080466165827997	0.20014569213894182	41.283964504436945	0.841200229560872

drug_102.txt	0.11086098125539	0.9249025289748436	0.0483344729950658	0.1183158577532531	0.19699026433578976	0.15613401796029286	52.6506686664167	1.6180971428815054

drug_103.txt	1.88604820042663	0.9071644318575827	0.07290874332853811	0.10798176998095987	0.21532834310081383	0.17583396251708297	32.193725784276964	0.18227048474871105

drug_104.txt	1.76862433622294	0.7076838088994657	0.09304848334983906	0.1720965192791225	0.25083995202902143	0.3338430718035696	78.33595800524934	5.982719598035867

drug_105.txt	1.5736444284622	0.8976313668116751	0.08448984041215804	0.1378388025851735	0.20415194091284888	0.13585835824714806	36.07574053243344	0.9793139285279279

drug_106.txt	0.127585893886443	0.6078989119374126	0.13211908385696847	0.2621258672725598	0.26960195835088224	0.24972157419284863	52.679915010623674	1.816831644953709

drug_107.txt	1.55181563319357	0.8643729536781914	0.07468752834873285	0.17477058169184212	0.1870117127030465	0.1949202075460103	29.935633045869267	-0.33833095277657116

drug_108.txt	1.84665728679708	0.7864425347309009	0.10314796536320867	0.2333209265163836	0.22304448880260735	0.23593631759136385	33.30846144231971	0.3375799137991377

drug_109.txt	1.80137974855898	0.584665626487074	0.1231326740733944	0.27387975742828397	0.2630652748940404	0.25591699294407394	38.2082239720035	1.683475133615555

drug_11.txt	1.34328996016465	0.8356901479369027	0.004995848510751383	0.024772683098847115	0.05808309989852591	-0.009222538981371025	25.579302587176603	-0.4174587672204935

drug_110.txt	-0.0137793310034948	-0.8157876506878434	0.022180917564493974	0.03522486006536085	0.022870847064876028	0.04019231179336567	28.518685164354455	0.8414960443620213

drug_111.txt	-0.0488267598602097	0.734922801285917	0.3738090003672564	0.9380243956839709	0.08882882888730641	0.09606524796036806	25.025746781652295	-0.2827269238110928

drug_112.txt	-0.00314528207688469	0.8044830467197457	0.32592673434055985	0.8407455491166259	0.06313207377172825	0.10215883628507258	33.02499687539058	0.4614717201426731

drug_113.txt	-0.017373939091363	-0.6729829991136043	0.033877582219610985	0.05981588487797246	0.03501907988421778	0.02788446949238129	18.427696537932757	-0.39928247892795604

drug_114.txt	-0.0157264103844234	0.5516818153924348	0.04865324761728307	0.10751177379739973	0.0930531759859073	0.1439881226040923	39.36957880264967	1.2813708652942342

drug_115.txt	-0.0225162256615077	-0.7377909876033223	0.04378793399842007	0.09159402012939505	0.04690315509235411	0.06683866292319705	20.5944256967879	-1.0143118068387869

drug_116.txt	-0.0130803794308537	0.8517614903529778	0.05595880898816846	0.12696351215831386	0.06109895183481136	0.06242482121209431	38.804024496937885	0.7985200131848024

drug_117.txt	-0.0183225162256615	0.8609645683032113	0.019715406791820822	0.033054193659365294	0.06188370632090329	0.11730037857324982	45.86351706036746	2.8245908579489294

drug_118.txt	-0.063155267099351	0.8022813634704586	0.03938391231660496	0.09515349786221816	0.06839938456320595	0.10195841713248323	31.141982252218472	0.367136736403678

drug_119.txt	-0.0620069895157264	-0.8840927365123676	-0.03236298656765016	-0.05882767490980295	-0.014216998118429173	0.013262712414372855	31.428821397325333	1.4104439449785713

drug_12.txt	0.23222194680008	-0.689783298305515	0.005007455410270506	0.019653683853139925	0.04797705627084584	-0.017202318636179985	17.840519935008125	0.3545134685605225

drug_120.txt	-0.0559161258112831	0.900528478452447	0.028962573590461393	0.06040244062562372	0.06498038661720024	0.14370553085129162	38.95725534308212	3.227866670948745

drug_121.txt	-0.0277583624563156	0.7182510127008559	0.006910704769954146	0.02469670128230822	0.05003271265350685	0.09631508446462196	37.790276215473064	0.9151436326734783

drug_122.txt	-0.0281577633549676	-0.6592328309038978	0.3077827947589102	0.6583621316911231	0.01947708611868531	0.034406807357595395	16.69666291713536	-0.9270824853942781

drug_123.txt	1.88240366722643	-0.8190373286483472	0.023436901470268806	0.06584880331214205	0.061133096055051385	0.04629772064305446	19.60129983752031	-0.3700388924195644

drug_124.txt	-0.0259610584123814	-0.741330679268968	0.057778454184676475	0.12347560649918798	0.05740931335669967	0.07649865442278621	6.760779902512186	-1.4815981785030643

drug_125.txt	1.72753596877411	-0.6287288836568017	0.05116363876330304	0.12578956046706663	0.10251311810602802	0.06720805024220965	18.04636920384952	-0.5879395183463121

drug_126.txt	-0.0115826260609087	-0.6535875141812824	0.04494050730442389	0.12095078832406436	0.03639460883435995	0.02581364530156687	11.630171228596426	-1.3116419464152942

drug_127.txt	-0.0441337993010484	0.818414141569424	0.04229072553892674	0.0835203530003521	0.03298176893829516	0.04598698735984416	21.004124484439444	-0.3953520187705856

drug_128.txt	-0.0117324013979031	0.6926740509135652	0.0446188902104499	0.09804098742438233	0.05958572134141262	0.05309595069721383	32.13148356455443	0.41335683906473725

drug_129.txt	1.76258339763083	0.7351005342931671	0.08425799433061709	0.15319843839311342	0.12884193874278327	0.08856528458612697	27.36832895888014	0.004458247435030785

drug_13.txt	1.69349611945718	-0.7264976794848149	-0.016607195810727754	0.008654569898014997	0.05713175690806759	0.01711085268152401	14.337582802149731	-0.4480988088028947

drug_130.txt	1.77835973312758	0.5569949370376728	0.11568340091268803	0.22026723713419544	0.18056133540601865	0.16927056328719653	29.472690913635795	-0.0573154931319578

drug_131.txt	-0.0349475786320519	0.7530622468155059	0.10092569436800533	0.20620080462318102	0.11497726414161955	0.13067881213605143	12.174228221472315	-0.8082705441025972

drug_132.txt	-0.0249126310534199	0.7296385630449582	0.07593203964630577	0.15622921474518203	0.07055079998254805	0.06310236804362801	15.563929508811398	-0.44570248313159166

drug_133.txt	-0.0509735396904643	0.5934238300812733	0.07557421510237558	0.18227295876431393	0.11035617590809096	0.15791684481988005	39.57617797775278	1.4446843501752764

drug_134.txt	-0.0331003494757862	0.6296128774957905	0.08287703664326146	0.16976901780617804	0.1105421492838451	0.12907926474962206	34.61454818147732	0.25427296993036613

drug_135.txt	-0.0372940589116325	-0.7182107899092487	0.05109623793889867	0.12948202910322892	0.05542986444406854	0.06135314310672414	27.307211598550182	-0.2666919215569498

drug_136.txt	-0.196954568147778	0.6900153383093657	0.03819440531895188	0.06637557370548475	0.05681774986251991	0.11579494648683622	42.794650668666414	1.5751257208058715

drug_137.txt	-0.0327009485771343	0.6758900987914518	0.04585881129736835	0.11859679646748672	0.0448927087341297	0.06529935177799971	20.755280589926258	-0.3980026411490313

drug_138.txt	-1.64080033795461	-0.8797368232443772	-0.0082867877923824	-0.021805431299276534	0.0223300229508155	0.04931763238163266	27.953005874265717	0.048032016405641906

drug_139.txt	-0.167748377433849	-0.5621861735402588	-0.026971726656828093	-0.054336288118926046	-0.03194477755698103	-0.02985608620498576	26.41094863142107	0.22170995217916686

drug_14.txt	0.152391692182007	-0.7388975564462547	0.0063874144743633066	0.00889877423388652	0.06744958593090541	0.007720671014163347	25.81427321584802	-0.13592110557769718

drug_140.txt	-0.0268097853220169	0.8954610851499087	0.056178495319174904	0.11980884925415813	0.08523903962657775	0.12722524015294678	35.68678915135608	0.18870623489913188

drug_141.txt	-0.0418871692461308	0.7470136042018694	0.04740040432624801	0.09676085045550253	0.05924936674477707	0.03803979058052896	40.864266966629174	1.4036980775762469

drug_142.txt	-0.201386381965513	-0.7398405785424638	-0.4996091670387708	-0.8601197212348131	-0.24667945716137155	-0.23573385813528114	-5.022372203474566	-2.660119587830027

drug_143.txt	-0.195195668036407	-0.5849010847519467	-0.5366359807983284	-0.9500689037262595	-0.3133522684044483	-0.25136909153546594	6.300337457817773	-1.1672269693549895

drug_144.txt	-0.188306002534659	-0.5082908634960318	-0.5419149052211197	-1.332744738270553	-0.31167960179868537	-0.3292632161883969	-3.8663917010373705	-2.5005778567076904

drug_145.txt	-0.0497753369945082	-0.5933954775040129	-0.5335725330351526	-0.9569657558005189	-0.31748583331676417	-0.2523082173135545	-10.869766279215098	-4.133043043921048

drug_146.txt	-0.129144744421829	-0.43559965719818206	-0.49047397069506593	-1.2023234125782987	-0.2608381959504584	-0.24604430348488215	-5.015373078365204	-3.2211877756577394

drug_147.txt	-0.164941049963516	-0.5338214887733116	-0.44634002317950583	-0.8305445623570074	-0.29402345724255635	-0.27497876497374574	2.5640544931883515	-1.6093788833194649

drug_148.txt	-1.69586773685625	-0.48524715855394374	-0.4872496957553373	-0.8945643769016192	-0.29422990050192743	-0.2596985569221614	0.4374453193350831	-1.9159143675663943

drug_149.txt	-0.171680940128269	-0.5901902121457285	-0.4821045386515008	-1.2134670287081843	-0.2567492706640053	-0.24428838374313508	-1.9281339832520934	-2.02731175652291

drug_15.txt	1.41956854927399	-0.7153702480987096	-0.002293524641376804	-0.018515696774593693	0.04558084046278417	-0.013698294983804338	16.448318960129985	-0.4297982104361658

drug_150.txt	-0.0343984023964055	-0.5934637477841508	-0.12471674081158138	-0.43038232238628826	-0.19888325233113746	-0.1863007874307907	0.9793775778027747	-1.048040694141012

drug_151.txt	-0.0413379930104842	-0.5419807125082196	-0.15268861322772392	-0.04936139428492059	-0.22966539840721975	-0.20055927048732064	0.17535308086489187	-1.8395992081420307

drug_152.txt	-1.6583125312032	-0.7331993650530171	-0.3757866991463983	-1.1666504728652265	-0.2264483721178801	-0.24598752015110573	1.1924759405074365	-0.9270426056849658

drug_153.txt	-0.284411843772802	-0.4900659220421886	-0.475317806073314	-1.2019321401680596	-0.30004913530915145	-0.28388555967110957	-0.12473440819897513	-1.1515968085371437

drug_154.txt	-0.0487269096355466	-0.9394272774134494	-0.43414023691575365	-0.8686352014589953	-0.22656369276357594	-0.19815755436361948	0.6552930883639545	-2.238819507845108

drug_155.txt	-1.71179384769	-0.5329748378205519	-0.4846063917866657	-0.8716002304647189	-0.29445888874130494	-0.27081962921878183	-4.24034495688039	-1.2894198098477176

drug_156.txt	-0.180817235684934	-0.6121144454242783	-0.42257027182323126	-1.3166665148024919	-0.24589877100465501	-0.2573702524899174	-13.873140857392826	-2.191452367765738

drug_157.txt	-0.151061868735358	-0.5433342024157295	-0.4832523777996241	-1.4478182112530007	-0.28655817632365593	-0.20950277042080123	-1.9346331708536433	-1.221633985492832

drug_158.txt	-0.182314989054879	-0.5052461954693636	-0.42581228022968076	-1.3976794527791527	-0.2906535026953534	-0.2877547737625624	-5.2104736907886515	-2.2914223512753016

drug_159.txt	-0.255405353508199	-0.584827942279766	-0.4190356320152876	-1.3325126713344873	-0.23601500397683395	-0.22741700681842011	-4.339957505311836	-2.1669377400139562

drug_16.txt	1.45647437934008	-0.7552325694521925	0.00748531062981922	0.017442963437413583	0.07847675842347344	0.03898341631010123	20.99050118735158	-0.4632583206658121

drug_160.txt	-1.70315680325665	-0.5343154424958715	-0.5161056264951003	-0.9181343004295923	-0.29327281109351727	-0.214096440295055	-6.236470441194851	-1.7952043189368279

drug_161.txt	-1.6636161142901	-0.5840166775386488	-0.4891856742638387	-1.247339545446156	-0.27598645894361284	-0.24944724061641663	-5.395450568678915	-2.3058505031847676

drug_162.txt	-1.65038595952225	-0.5650562685419813	-0.14384969756978902	-0.4954048849821536	-0.22407628757787088	-0.26991072740912286	-11.732658417697788	-3.2229840887533685

drug_163.txt	-1.71693613426015	-0.45481883868002293	-0.4518637625402483	-1.2531546918766412	-0.2656927145219768	-0.23297035598583196	-0.20147481564804398	-2.5012728475633863

drug_164.txt	-0.0377933100349476	-0.5936550649199672	-0.417013692671649	-0.8228283442772297	-0.20620752760303945	-0.19119552542748705	-14.767779027621547	-2.721733822739302

drug_165.txt	-0.173777794846192	-0.49948050861958965	-0.451373741199092	-1.2368365581363836	-0.24074540602297023	-0.16728828297881182	1.2294713160854893	-2.1358284731390773

drug_166.txt	-1.68503398748032	-0.5002375928831821	-0.4946574186570968	-1.2135784403524013	-0.28751710913841577	-0.3070543116134933	-10.509936257967754	-3.34500144349048

drug_167.txt	0.133949076385422	-0.7083168034047577	-0.49686278583709187	-1.1716194878224595	-0.18986551901961765	-0.16699949457350002	-5.298837645294339	-1.6526719504572562

drug_168.txt	-1.70733899151273	-0.6507542601138019	-0.49945331737013926	-1.4227025768217758	-0.28524560160747225	-0.25206265515583076	0.07661542307211598	-2.672967546221342

drug_169.txt	-0.136733361496217	-0.598796702355619	-0.46236721268611897	-0.8872535843867986	-0.23648339291039508	-0.2911137477649492	-13.230471191101113	-1.8858431860778817

drug_17.txt	0.193682203966777	-0.7441588309232829	0.043534962333317134	0.11193874592898967	0.09787482360196667	0.0322295624046348	20.8981377327834	-1.0045288631986775

drug_170.txt	0.0506739890164752	-0.6305433264073413	-0.467021750520467	-0.9040711527751859	-0.17997740839268758	-0.19311845800164362	-4.661792275965504	-2.439987122243912

drug_171.txt	0.195622300814513	-0.9234940494868724	0.0379610648500158	0.11537211319318114	0.1346517324059032	0.11238613224988325	20.950381202349707	-0.19491302879547795

drug_172.txt	1.79323741660237	0.8390282642001572	-0.0074972971134422695	-0.02818915324433302	0.11775843334104351	0.13086106021504018	31.02037245344332	0.3962568838578927

drug_173.txt	1.72641073355002	-1.1354344758427184	-0.019526646753031146	-0.031469474945932	0.10565066250680706	0.14757368165181362	28.60254968128984	0.2262404965115815

drug_174.txt	1.62690998467334	0.8777096221916201	0.020487397339107788	0.05358286357301456	0.1337973484813902	0.12059921992650062	28.984251968503937	0.17095118086329017

drug_175.txt	1.49311068362491	0.9575474306727001	0.026182712684593323	0.06447499311023747	0.12835019628759248	0.10384225720145605	27.043494563179603	0.9636450239665683

drug_176.txt	1.7079883670997	0.8602926997984119	-0.01293802030533664	-0.019558550028518917	0.1020594521874051	0.12624534109523908	18.891388576427946	-0.421718132252352

drug_177.txt	0.126476020235381	-0.9827199562547893	-0.008279471901621316	-0.007696319991410627	0.11474866585677937	0.15060139420520788	34.43294588176478	0.5882108464005438

drug_178.txt	1.59870229620604	0.6684838910351782	-0.025207049451704988	-0.029465770948828407	0.10657507262569321	0.13429654652404402	26.742907136607926	0.18414960405777794

drug_179.txt	1.70219705406925	0.9485397202745472	0.007116327046687576	-0.006068119642186676	0.12837059378678284	0.1193767166145213	18.265341832270966	-0.176953688491919

drug_18.txt	1.76648663368583	-0.8563112198318565	-0.011349395464091055	-0.0038583879899222184	0.052190842656360335	-0.010496839209712342	13.58830146231721	-1.3934634037845872

drug_180.txt	-1.53288947697335	0.8964470427638402	-0.015164394169287054	-0.03102732654329121	0.084180277907324	0.1010396582256202	18.25521809773778	-0.3646554024808594

drug_181.txt	1.42459806793307	0.8937542829677663	0.0011777594742805597	0.0184899420972493	0.11272063258702701	0.10582409814875608	26.261217347831522	-0.08510824566208171

drug_182.txt	-0.290618268401593	0.9103873165457064	-0.005041386595077857	-0.002755582058963535	0.12197925947506323	0.12938494895685032	39.27221597300338	1.625017633894959

drug_183.txt	0.166116559426594	-0.8968512024983061	-0.01712527504633371	-0.01695600926537999	0.0964067897447189	0.13075259684146784	34.946131733533306	0.520503180114879

drug_184.txt	0.212746614344218	-1.0330277152964147	-0.04563098704817509	-0.06396577898360367	0.08466754619846419	0.07973311363602777	23.824521934758156	0.27645275506949263

drug_185.txt	0.0525938365179504	-0.7751049464703763	-0.022156327745057852	-0.009688142479524542	0.09233113620699031	0.142054092733945	29.687914010748656	0.7952667589709828

drug_186.txt	0.176351207454552	-0.9086311684115567	-0.0289756383599708	-0.031556179271714835	0.09772961706156358	0.10456471786672157	25.952255968004	0.18186658745385553

drug_187.txt	-1.54751753488648	-0.9757914825153482	0.017932943629742404	0.046014731524449126	0.13264746681474002	0.11561007967055373	28.44594425696788	0.15862648740781343

drug_188.txt	0.253635281343719	-0.8596145784838561	-0.02012977769941479	-0.030198715015938293	0.08322309830649637	0.10175131173352212	22.348206474190725	-0.18417976670250646

drug_189.txt	1.56049806409267	-1.0113247257568285	0.004405056168169774	0.027375504887935553	0.1299527840980845	0.13251834004559668	28.172978377702787	-0.34426436753616657

drug_19.txt	1.84176916443517	-0.5853579576337768	-0.033564290937189475	-0.08466018510945628	-0.007056958174015556	-0.056726192890036754	18.187726534183227	-1.0151093355233967

drug_190.txt	0.147744118088601	0.8111685723690405	0.03741318255090384	0.08195550112339917	0.15979952127355374	0.19368236134951136	35.29908761404825	0.7752502921599131

drug_191.txt	-0.122800065635812	0.7920734891163739	0.02154856941434896	0.09056556397335597	0.1038072938135508	0.18931061867142437	20.325209348831397	-0.0734511142580039

drug_192.txt	0.191029190480014	0.8764049736833138	0.06507077336264505	0.13293919378957525	0.17774351249361361	0.17689773655352647	33.91288588926384	0.7227515488187921

drug_193.txt	0.223131037709171	-1.2043905284216165	0.02311224655359717	0.05142170110781552	0.15281317394293853	0.13148773748456935	29.96225471816023	0.654499602337662

drug_194.txt	1.84935324286298	0.8316252557059789	0.011532773244411987	0.05462168799838807	0.10934665183704043	0.12435212650081484	36.37695288088989	1.0978543941058219

drug_195.txt	0.107686023412434	-0.8645940348340112	-0.016277409374756607	-0.0205841851348586	0.08974143191347023	0.06618073510806219	27.29983752030996	0.26390536565840667

drug_196.txt	1.78709662778559	0.9306793287712518	0.026126797155496262	0.04308771495243641	0.1245777136159083	0.09956350184491605	21.045244344456943	-0.34220257579682434

drug_197.txt	1.36658508740386	0.8387026543679976	0.0575483466448026	0.13233692015493198	0.20186610430855847	0.20800896227600935	35.42669666291714	0.7800599043680112

drug_198.txt	0.125477517988751	-0.8913836608677899	-0.008439504761080574	-0.011718445072716244	0.10276852223503807	0.07756985881473591	11.5726784151981	-1.77887733687086

drug_199.txt	0.100564886935331	-0.7855471369736194	-0.034938925569670765	-0.06209709688772824	0.055176175153762955	0.03061680006228389	25.492438445194352	-0.5895373969747303

drug_2.txt	-0.146495990280314	-0.7665029038554048	-0.03404750943925394	-0.17950480268443392	0.03003237769118637	0.010461795597476162	27.88076490438695	-0.7932664696065013

drug_20.txt	-0.248581323818468	-0.8205921209445333	0.021975131705657527	0.0629098999400925	0.07453822497594743	0.05441420781305086	17.718285214348207	-1.4284876353375648

drug_200.txt	1.8752144510507	-0.8238330882294047	0.00839004242330299	0.044293535333613576	0.1068349697091066	0.16214615830916948	28.753780777402824	0.7368496178909463

drug_201.txt	1.61416755984904	-0.8508860109536611	-0.04498987488739242	-0.05340238469223496	0.028331899907609943	0.0861873129376043	20.44469441319835	-0.39614140788192154

drug_202.txt	1.60999689277273	-0.6671196934615031	-0.04096242774245909	-0.06180986851345821	0.009855618520575767	-0.052776222647200645	3.225971753530809	-1.757776046317427

drug_203.txt	0.179296789082111	-0.7664923033830755	-0.035958784981767855	-0.07169404783833883	0.028895711024987933	0.008031428330376024	24.374953130858643	0.07412183149605907

drug_204.txt	0.135512465567383	-0.6778194975622781	-0.006014563262169675	-0.014371817796377584	0.05940643898872986	0.04329404744261367	23.061867266591676	0.3973732351636034

drug_205.txt	1.61153305007524	0.8418538953516651	0.01521576289023785	0.04762448006003123	0.0824697055015882	0.05280252777945331	21.847144106986626	0.5172704138029001

drug_206.txt	1.56029836364335	-0.6863285498473588	-0.07926393911265411	-0.13444547765901	-0.014420107972232593	-0.029497466523784894	10.771153605799276	-1.2642145730862488

drug_207.txt	1.53927989135178	-0.8422152668009313	0.027399264986579047	0.0554498223889493	0.11944100052208191	0.14517479486774032	35.49456317960255	0.9734531220870303

drug_208.txt	0.250140523480513	-0.8969079763203909	-0.04484821758702423	-0.07823005900511837	0.024282942537942137	-0.037211983456489135	16.66541682289714	-0.4217732996074143

drug_209.txt	1.41988206501437	-0.7765376194407446	-0.029602142451512575	-0.038568487991229194	0.011582821700691817	-0.0250892257404295	16.916760404949382	-1.3753526562356575

drug_21.txt	0.163377660781555	-0.5870095306750994	-0.05479615187129315	-0.14263487766550237	-0.01945157812673401	-0.05162218562080772	15.971128608923884	-1.2696335259108713

drug_210.txt	1.47559849037632	-0.76657147455621	-0.015608272530832717	-0.016609403225633312	0.0369892515845932	0.039606155693261244	20.45294338207724	-0.2595910808269716

drug_211.txt	0.0927765694116168	0.9386719268812144	0.03286287522419132	0.08231281886715164	0.08802782300848042	0.07652894194219942	23.267091613548306	-0.143009513503574

drug_212.txt	1.46870882487458	-0.8257597479219425	-0.020178870119103215	-0.03057816184056794	0.04444510328921979	0.029186842662168446	15.189726284214473	-0.8965828135808858

drug_213.txt	1.43870383236334	-0.8288471907630542	-0.02834109225027509	-0.03818614195194836	0.03848336626693462	0.034972340861737006	12.687289088863892	-1.759813012435361

drug_214.txt	1.47418906605127	0.9470740736522054	-0.006441036221767782	0.008257008615224382	0.05903877739226218	0.05803862627165102	12.613923259592552	-1.1153750781116318

drug_215.txt	0.125527443101083	-0.883369210313342	-0.060165738697084	-0.11371977436920977	0.004275446868030604	-0.013719918087150005	7.605799275090614	-2.1818757013759487

drug_216.txt	0.0920276927266442	0.9358175429613016	0.006231457069587859	0.05405810251390425	0.06377921964561775	0.0693108306825093	23.168853893263343	0.35153811484479386

drug_217.txt	1.68382461273125	-0.8703424168809184	-0.028547478771516976	-0.0441168622020493	0.021343031660220477	-0.00023790708069208847	13.484939382577178	-1.5869766459895138

drug_218.txt	0.185687203460543	-0.9199704674862328	0.012839837428898687	0.032669095191268094	0.08117232884958986	0.10226043772828572	37.37657792775903	0.7241795488425486

drug_219.txt	-1.4751261220058	-0.8323720222975479	-0.0621713507329352	-0.10813965815428678	-0.021072729554067415	-0.04351525758030685	13.5249343832021	-0.845731337024585

drug_22.txt	-1.63595795118511	-0.8554130223002105	-0.028479094634501212	-0.09515818735629838	-0.05539614203369583	0.014689530579032602	9.540432445944257	-1.901999087124302

drug_220.txt	1.60328388536077	-0.7911516918657739	-0.05681767375108229	-0.08932692861326091	-0.0001509354265541525	0.002279815972914513	19.83177102862142	-0.8805758223330941

drug_221.txt	1.57284108801832	-0.9351577740083401	-0.03854719503311599	-0.046235909379752194	0.02152418781007495	0.006336301879469892	12.705161854768154	-0.5963721343477242

drug_222.txt	0.0638200042593452	-0.637758199565923	-0.0033876829665437647	0.010193769070657388	0.026898344378880293	-0.00795978020662227	16.691663542057242	-0.46345176827692575

drug_223.txt	0.0341145624221011	-1.0414272042150556	-0.027881920831373752	-0.05749996862352452	0.031816260754826534	0.02766305578773002	28.460192475940506	0.2926879245153125

drug_224.txt	0.23706014404966	-1.0995972961890645	0.032558860166274295	0.06204346439577041	0.08842117169051376	0.014478986743675802	24.73053368328959	-0.4916627665087268

drug_225.txt	0.182092595372675	-0.9186908318917977	-0.03406565189067645	-0.02358596984489436	0.027211611008750893	0.01040752458114467	25.36920384951881	0.3373713738583282

drug_226.txt	1.48401279200081	-0.7950146994288918	-0.05786343098469593	-0.14139777519439944	-0.005023179992045678	-0.014242073627361601	13.5965504311961	-0.5075358069097251

drug_227.txt	0.118088601363689	-0.9458908362259264	-0.005691567763933036	-0.003695782952164106	0.05699602803046895	0.07523153861741319	42.64441944756906	0.6400911981606328

drug_228.txt	0.191628291827992	-0.6778282146342298	-0.01796730561726778	-0.03872792167695738	0.03353496305719207	0.020974972367346786	8.68503937007874	-1.1448515852132306

drug_229.txt	0.213195940355201	-0.8578540642970292	-0.0849033909869587	-0.1522231561931945	-0.03363962798035009	-0.004857520520966312	25.838770153730785	0.007023176748406117

drug_23.txt	-1.48386301666382	-0.8139084988043181	0.02709823751372374	0.08453711948386727	0.0567842127880365	0.0235005984275196	24.13710786151731	0.018172949101870534

drug_230.txt	1.48338680790004	0.8118436006956091	-0.002466948510923994	-0.004986896185453171	0.04563366507213955	0.013036705725519631	20.989001374828145	-0.37204659014233576

drug_231.txt	-0.105092361457813	-0.821735604121475	-0.03335660164961288	-0.08736722269067698	-0.03852719498516861	0.003294340287871167	26.104736907886515	0.04070819871518591

drug_232.txt	-1.72210146318983	0.8747810060685608	0.03133958182283042	0.06338392327079401	0.04968910274804687	0.10005731443692882	18.77827771528559	-0.8929938631443648

drug_233.txt	-1.636295556665	-0.9381651026937923	-0.0213074489471817	-0.0372426581202982	-0.00020569260995595125	0.05476412768922474	45.96887889013873	1.809680846054532

drug_234.txt	-1.68427358961558	-0.7094468957218631	-0.05320722558806104	-0.10148918671785268	-0.0693258157602955	0.049924660891944334	31.94363204599425	0.2821461310771276

drug_235.txt	1.56951635483837	-0.751421752763792	-0.009009807139387899	-0.005244236540962843	0.03082558304975394	0.03523191946020106	24.67291588551431	0.28752342662012814

drug_236.txt	-1.61985483313491	-0.7694738651031644	0.005079983328761611	0.030360660861900812	-0.024377989682919453	-0.05409682232959973	19.704286964129484	-1.1297393680433583

drug_237.txt	-1.66304005530166	-0.9089487592026282	-0.028167722808883633	-0.054338875575760615	-0.0004334867177483128	0.07401144243453626	37.24321959755031	2.118076438094384

drug_238.txt	1.58464366387482	0.49489661468894763	0.021224509136047703	0.06042162522533068	0.06646917486712528	0.1038179707476086	39.250968628921385	1.1436984180412706

drug_239.txt	-0.146219132839203	0.729209698430435	-0.017696285574201637	-0.0017766795695569049	0.013878090906390318	0.0054493649876581444	31.489063867016622	1.134293286863554

drug_24.txt	1.56653202015159	0.9886838846734796	0.010729024454198183	0.028837748791857798	0.07480359668508257	0.09123610066153341	18.173228346456693	-0.4328040969211675

drug_240.txt	-0.180617535235608	-0.7667306780533502	-0.04205784702574661	-0.04907135222291176	-0.008528467069059301	0.032553989793916535	27.444444444444443	0.2616622834837328

drug_241.txt	-0.246768309074849	0.9515579655216249	-0.010700839952715646	-0.023149973572311577	0.0016672153049885276	0.09424198699491235	35.781527309086364	0.5554092946634007

drug_242.txt	-0.140777295595069	-0.6816466245498372	-0.04833391607265586	-0.09377863335707054	-0.04832056130205646	-0.052776113846074495	5.891513560804899	-1.5026020899962835

drug_243.txt	-0.0318431443743475	0.851864506749977	0.040395306170837364	0.14649767514393075	0.08141157222246594	0.11704687023770058	35.63467066616673	0.13376082447978987

drug_244.txt	0.134745085169449	-0.7153392828617764	-0.008281738755726104	0.0010559086934444073	-0.013444416469024568	0.007637308472564114	14.675665541807273	-1.2169665531396279

drug_245.txt	-1.71512730903645	0.8245424989446688	0.02661919824293149	0.08822549999320839	0.02763134337739799	0.056603726248190954	39.80002499687539	1.5659084826627074

drug_246.txt	-1.71867199201198	0.8173952304487866	0.04459179890293008	0.10625787984755108	0.037532797846343384	0.11113288637177066	36.37757780277465	0.46654169353387037

drug_247.txt	-1.74493260109835	0.9040057221386351	0.016283067414118724	0.06953843142598465	0.015978167199570237	0.09666453655695666	29.50543682039745	0.6093303649752044

drug_248.txt	-0.118812690055825	0.8969277051374525	0.006073072678405539	0.05562403200722493	0.04438664428752442	0.0651930207861878	31.665291838520186	0.45655736758841936

drug_249.txt	-1.72396405391912	0.8168999886655085	0.04289962625198124	0.12892975483463298	0.02300820939648189	0.05908658312679569	21.824521934758156	-0.24628679004397547

drug_25.txt	1.57597484891544	-0.5889832127410228	-0.05773671042808082	-0.10439529233139777	0.011535609200160415	-0.021501849452708752	4.145731783527059	-1.392408702711851

drug_250.txt	-1.76759860209685	0.8442519297906391	0.0431105385390371	0.1959732733603784	0.03971754451265643	0.11911176674669599	25.379077615298087	0.46682750722205335

drug_251.txt	-1.75801298052921	0.7476828576172013	0.0581552615354293	0.1909894922293679	0.06026390264550949	0.10711473803925718	47.19710036245469	1.3212414660405272

drug_252.txt	1.46685880270503	0.8169690177739279	0.03968442967813121	0.13906189795323226	0.08215092384384776	0.11808599573364038	36.71478565179353	0.9790822461105086

drug_253.txt	-1.76105841238143	0.7126122098210421	0.02461848061884947	0.08256456343286117	0.04632353969317691	0.16660089890637692	39.280464941882265	0.980457457480888

drug_254.txt	-0.143725321109245	0.7875136357022499	-0.0002224574206056984	0.05710610952509193	0.05299767123591062	0.09888508479258978	38.13360829896263	0.9930098123299618

drug_255.txt	-1.70089865202197	-0.7790703510533965	-0.02141866388255409	-0.06771639328546258	-0.06318728223540729	-0.06352429899975992	5.065366829146357	-2.541116768750223

drug_256.txt	-1.74802795806291	0.7956112473041157	-0.012748765578475485	0.003400120483414981	-0.014588837525246045	0.08080447998229012	35.93875765529309	-0.03515560882648154

drug_257.txt	-1.72626060908637	-0.9499504762383167	0.022075680498505834	0.06526900546039571	-0.0016902039084278108	0.01151552627352873	3.4131983502062244	-1.093774031886552

drug_258.txt	-1.73679480778832	0.7186621105576783	0.013286241971040919	0.028328642792101177	0.01804786358981679	0.12259067322726191	35.16835395575553	-0.06893248056779325

drug_259.txt	-1.73100349475786	0.7012082163889513	-0.014903412122132587	-0.03605557873953891	-0.006162361443229941	0.058176967401228505	21.60429946256718	-0.1149951468794483

drug_26.txt	1.74760586393138	-0.5682925055931596	-0.03704333567568657	-0.06926835681029864	0.02709412075178719	-0.02376434593333077	19.310961129858768	-0.8363633549241317

drug_260.txt	1.8113602323787	0.8247770193754852	0.03999757645242469	0.1131841753402103	0.14052873992999562	0.2109411122334531	54.53218347706537	2.9825710219784103

drug_261.txt	-0.202251168701493	0.8741021034985277	0.06656210855805283	0.13818135862708036	0.1374094250338354	0.16540582776247836	55.33233345831771	1.3397148944432884

drug_262.txt	1.60485460620258	0.8458368950649282	0.2562369314824775	0.9408193392294033	0.13352771275294156	0.1718175814032517	51.25859267591551	2.1712211636566625

drug_263.txt	1.81919847501475	0.7658150553779426	0.013473145226428895	0.06227421307377512	0.08187703557218873	0.10724917178701049	23.012248468941383	0.539733835567878

drug_264.txt	0.21614152198276	-0.7891471110050166	-0.018658888891194297	-0.01323173836076269	0.031527816915789174	0.0370096393404134	35.48481439820023	0.9201196428373362

drug_265.txt	1.85379657786048	0.6668947105362975	0.03824374373517608	0.06016100543733427	0.08339331727512647	0.09130928730996048	33.39382577177853	0.20374127148138124

drug_266.txt	0.0303998547633096	0.867660967970735	0.05582428515511559	0.14368760696093308	0.13891852049791423	0.18160959377627686	56.183227096612924	2.0281716945376695

drug_267.txt	-1.53560114373894	0.8814498565521657	0.06987340563499875	0.13971347860092687	0.13333700599638607	0.0964594262815473	21.353330833645796	-0.3982857776776753

drug_268.txt	-1.52157218717378	0.8737003039952587	0.00914474665838172	-0.0032282106926364573	0.07987144375144284	0.09207818987418545	43.90676165479315	1.9162431106394908

drug_269.txt	1.88115553941815	0.8299203553329983	0.020126705828780567	0.06433886644991649	0.05479133722365129	0.023499376945509493	12.54705661792276	-0.22464697610885237

drug_27.txt	1.55549403167975	-0.5479071212054045	-0.06064500417700747	-0.11848699899338944	0.00012453957763542084	-0.019564831031585617	2.581427321584802	-2.1038932499570753

drug_270.txt	-1.56979984568602	0.9242018213748049	0.007963641463841514	0.029247078458874642	0.0653360351889629	0.093708839811882	25.082989626296712	-0.190623712328443

drug_271.txt	-1.55388525603204	-0.8208216209084995	0.045972316287099024	0.11574800427024867	0.04491493034242465	-0.03795081720144277	-0.07249093863267092	-1.062549990752192

drug_272.txt	0.0605046974992058	0.7330600867188997	0.05072084069268623	0.08538334452370633	0.11849524178801667	0.1177584900755013	40.88113985751781	1.168980135589921

drug_273.txt	-0.324433280149705	-0.6799529473683039	-0.001806029968936862	-0.0016710527183568802	0.03507287267791611	0.014852171537380745	30.601549806274214	0.3844679006905478

drug_274.txt	-0.315197134368377	-0.6732409455747488	0.014916507000487605	0.04245495219398493	0.05208896920644366	0.03159110098394405	33.83652043494563	0.6215404615985679

drug_275.txt	-1.42973302284336	-0.7995305546999116	0.005024706619666558	0.04603001738918072	0.0410198433804129	0.03412868869052573	20.540682414698164	0.07693304785232621

drug_276.txt	1.54679170056105	-0.7456966295062302	-0.029159587103619294	-0.04311767503043418	0.04901852564727947	0.07482262489949411	37.201599800024994	0.05996489524707481

drug_277.txt	-0.248996435416805	-0.8142447587961907	0.020807122989362048	0.04855316437432211	0.0628433373245161	0.053782362410620496	30.415698037745283	0.380328326790866

drug_278.txt	1.64086597376662	-0.8068972184701775	0.008260228781215684	0.06685438155230977	0.07982480486926931	0.09435082739547733	29.40819897512811	0.19794274035459963

drug_279.txt	0.0390368991966595	0.7493176124985815	-0.0047638871157522356	-0.014495539147601044	0.061564730127388445	0.09624971934085902	38.294088238970126	0.42591173835285107

drug_28.txt	1.5590118319025	-0.8097713096216546	0.04011132618970342	0.09419404084914962	0.1185162483476422	0.06302726213731812	15.924634420697412	-1.1992424485762552

drug_280.txt	-0.272461238212611	-0.751732981729755	-0.024591835476848095	-0.042664683413583704	0.03861480611889946	0.02798068504378912	31.13610798650169	1.3705312737289113

drug_281.txt	-0.0682521672037398	-0.9043901948809505	0.006630759351985455	0.004351288712617529	0.10283206495701457	0.12673816727324036	47.16935383077115	2.063609654504027

drug_282.txt	-0.0816320973085826	0.8561692098859044	-0.03443670143058175	-0.07296395889197316	0.02279265177957236	0.04506195215466016	29.302712160979876	0.25633665627113067

drug_283.txt	0.345036640842932	0.8351306626654599	-0.0053700957442955055	0.016266709740311636	0.05333713526792377	0.06080714606098855	32.800149981252346	0.955093406946734

drug_284.txt	0.0665955612036491	-0.8061305140244248	-0.015295767621778783	-0.010375087554548301	0.06589879503662344	0.0733897596905156	30.15360579927509	0.7347935982204037

drug_285.txt	1.77511460082603	0.7627939492401751	0.06122402872563526	0.2801165005026336	0.15997059785118412	0.16634191084435565	46.2753405824272	1.3687431993567383

drug_286.txt	-1.60519675032905	0.846878117014379	0.06386587278202782	0.25967148685339925	0.13049867762373518	0.15036861827443881	52.587176602924636	4.6781276723166645

drug_287.txt	-0.0995552126355921	-0.7885309571344862	0.045542612047323516	0.13704099917337664	0.10671803212389147	0.07082889621899885	27.63642044744407	0.21687289418010416

drug_288.txt	-1.56415830799256	0.7428275943266736	0.09766870062238023	0.2050175993309319	0.1572024870767848	0.09227163485362912	31.031996000499937	0.6533737157707705

drug_289.txt	1.49437033261297	-0.9365424192955907	0.0722585180083525	0.21519227358664977	0.14997468285515073	0.1159613830737119	0.2557180352455943	-0.7866008927667459

drug_29.txt	1.68246511351853	-0.8649913598881405	-0.01844982338727047	-0.03230089102282785	0.07245266289662411	0.05994604367646114	23.228221472315962	-0.20339397679883822

drug_290.txt	1.69583806109018	-0.9940159227908448	0.05862959433090875	0.1307248019406939	0.09633796702138492	0.08018148393040288	22.795525559305087	0.27535270907211956

drug_291.txt	1.73742567966232	-0.7002828273215496	0.05723018176772274	0.11200797356577541	0.09774566954575765	0.029356893484335445	25.045744281964755	-0.3761418059957021

drug_292.txt	1.72696863795216	-0.979731973579882	-0.02347163542721692	-0.03843586089806039	0.041762530652378387	0.019514055854265282	7.296087989001375	-3.9553816282455836

drug_293.txt	1.67754277674398	0.9951869134352722	0.031323288995946136	0.09212170122903568	0.10077450644593669	0.09948543635989218	34.864266966629174	0.31874095896274995

drug_294.txt	-0.0503426678164571	-0.8150947597470926	-0.021533371012092933	-0.0030855546153681357	0.03070951008775195	0.005206276408707715	6.929883764529434	-0.8406908999388858

drug_295.txt	1.75178141878092	-0.9507851812503008	-0.028278823745503723	-0.05764295966483096	0.06654314834314054	0.09173738689613953	35.16460442444694	0.7019889607988049

drug_296.txt	1.71553578722825	0.857886443345371	0.0801607739915372	0.14900976293794443	0.1496357263787617	0.09293839794956801	20.72703412073491	-0.24526323501375513

drug_297.txt	1.70540098942495	0.9068713500343597	0.014215855895358093	0.02473755854167009	0.08344113536384133	0.1032623269440566	28.182852143482066	-0.18289775983016163

drug_298.txt	0.112812599282894	0.8404450461688459	0.019481603572196526	0.05502787286366845	0.06410560851885207	0.040875773374378234	12.490813648293964	-2.5506157186351097

drug_299.txt	1.83682657831435	0.9154997861545888	0.02225590905892927	0.05730835975624282	0.10188384072662734	0.06101889731022894	32.07874015748032	1.6909724322018043

drug_3.txt	-0.277203774757444	-0.7027103439618203	-0.21988213390060776	-0.763647743282007	-0.026226309231763337	-0.036250772033398666	15.04861892263467	-1.0146465367727133

drug_30.txt	1.74701828376317	-0.7101410699595878	-0.03937434169559412	-0.0776177120042238	0.04726687832769208	0.026293311831437544	13.74878140232471	-1.6665800777826765

drug_300.txt	0.130885489946898	0.8931757593364061	0.03107482180880078	0.1117780005763902	0.09676839538885337	0.10219614516279682	28.066991626046743	0.6527634360636573

drug_301.txt	0.0771933009576544	-1.1768858580680244	0.0686676932417381	0.1417064607431151	0.11252146644642753	0.053900450329549945	21.023372078490187	0.2191685921104742

drug_302.txt	0.0922434530023147	-0.7911879139639	0.027953695963635394	0.06220662899499241	0.06596772737235983	0.013432455833099377	8.182102237220347	-1.2885952540337358

drug_303.txt	1.65804475105524	0.9785140728381516	0.04195161079234663	0.041583771231807565	0.09186336652000535	0.1072190294532751	30.397700287464065	0.43910133010910746

drug_304.txt	1.69399083193392	-1.1417241030487864	8.660660373691065e-05	-0.010049768864960174	0.06239250349850892	0.048050097868228704	24.353705786776654	-0.4091775917494772

drug_305.txt	0.0409204375255299	-0.9683971031690831	0.009185925984810578	0.04945332450819506	0.09124339962078348	0.06150315040171348	33.78527684039495	0.5688236770683534

drug_306.txt	1.56193890981709	-1.1015289575825062	0.005638456504605621	0.022436865556945407	0.050144977654482746	0.009164715340083186	15.364204474440696	-1.3540800285118735

drug_307.txt	1.68016157581809	0.8514817296713795	0.011648815921460637	0.046348319729803134	0.08453433525592106	0.029131106504692778	30.283089613798275	0.10034868021982288

drug_308.txt	0.0742477193300958	0.984343723923983	0.019150278864111414	0.031440575104602575	0.06961703651820092	0.02906612086294128	21.35445569303837	-1.0289111465543428

drug_309.txt	1.67087550492443	0.8937772220272557	0.019136155457273568	0.03721541839854986	0.0827454730163852	0.09815979143955021	24.97537807774028	0.3065721267682371

drug_31.txt	0.147676038389968	-0.5148535117002808	0.01112828559568188	0.017582860881830142	0.04658693494385135	-0.021119313534018348	9.833895763029622	-2.0125370034415084

drug_310.txt	1.75417782417283	-0.7597309900730265	0.012057199362377702	0.016957778434746607	0.06887411418844412	0.046818093931487885	25.844519435070616	-0.36662533866805774

drug_311.txt	0.130685789497572	0.9249172604246673	0.04928584105572059	0.11535263343194574	0.11449373064772109	0.09721390299379017	17.125484314460692	-1.0796709164611409

drug_312.txt	1.41666835411219	-0.7390247962428975	0.04390389552592652	0.11099061177149294	0.0768007367658974	0.020578787015240917	13.246219222597176	-1.7691716691081123

drug_313.txt	1.43515635637453	0.9104114565051076	0.05018237073227996	0.10370386248825852	0.10499269850889904	0.029512368531964626	15.441319835020622	-0.8244442876680793

drug_314.txt	0.00644941678391509	1.128912411098183	-0.005501404596272963	-0.005515109051859146	0.06449006269172744	0.0604069509520752	31.41169853768279	0.2587456223827677

drug_315.txt	0.157654427449734	0.8274184977504913	0.02323474454068941	0.06614759917402047	0.06839747218726128	0.05193722510657412	17.995500562429697	-0.28241457398383285

drug_316.txt	1.71875368765034	-0.950139219968554	0.009466906060499575	0.045226916616464774	0.07139794223088283	0.052195888608958026	24.323709536307963	0.47478588523598225

drug_317.txt	0.057273181137385	-1.0647984061862197	0.031007457873207883	0.07906661264463527	0.09562758530586873	0.0942474879067861	33.22047244094488	0.35795302713065613

drug_318.txt	0.00521246102873651	-1.2248944059507298	0.023145466516569846	0.06798721261228069	0.09268729744130952	0.02904807484419359	23.22347206599175	-0.21821832662199978

drug_319.txt	1.81715608405573	0.840409701454649	0.04589920987491958	0.09291316575739139	0.11444895508544722	0.07249889645657837	20.033745781777277	-0.5752452212835466

drug_32.txt	1.7842508963827	-0.759257994130544	0.0052766229617234595	0.01614138862632042	0.08319417342625576	0.05936064671104305	16.673915760529933	-0.6444113091070095

drug_320.txt	0.00883674488267594	0.7377887178523937	0.08852220468625177	0.18670441478333116	0.09889912767846115	0.1360318107220677	35.802274715660545	0.23047608197086866

drug_321.txt	-1.66541341833404	0.7973577467679153	0.06506302455508478	0.16425637786253022	0.10014274555860707	0.13762633709794414	38.2665916760405	1.373522311716172

drug_322.txt	-1.72983985560121	0.8466359805088225	0.03695327222304315	0.11481231083739857	0.030495933317832218	0.048685240767717596	21.73278340207474	0.28411540607550145

drug_323.txt	-1.72564614616537	-1.0689743154727753	-0.006700304367368848	0.013043994090862432	-0.005434151661075957	0.031424093584550596	30.246969128858893	0.5208209657198701

drug_324.txt	-0.0150274588117822	0.7422897905427122	0.05420722698295341	0.1103138773777611	0.09885049948324695	0.14701036846630364	41.33270841144857	1.9292053433454812

drug_325.txt	-0.215165712969008	-0.7028767045229182	0.0374825951127008	0.07773185509658215	0.04950586368308874	0.06149213825581789	16.636170478690165	-0.5494671009694782

drug_326.txt	-0.16339337148124	-0.7824313087985131	-0.033156050403968046	-0.06645583537364952	-0.008366621075052526	0.04300464410685295	23.89888763904512	-0.27914457182167324

drug_327.txt	-0.00743884173739395	-0.8601442785287948	-0.004118173126935798	0.03223846060016722	0.020455435032443917	0.031886656200651634	30.505686789151355	0.4127447343884298

drug_328.txt	-1.70402857252583	0.9393172202241968	0.031035758121512547	0.09064139624064271	0.060876105426552356	0.10716066467587973	46.37732783402075	1.4857755552975735

drug_329.txt	-1.64349629402051	1.0519942514233305	0.018691002448644578	0.039308271158889796	0.08555603291098257	0.15342355594979165	35.682164729408825	0.5463523213585918

drug_33.txt	1.77835973312758	-0.6180354564645988	-0.020530479278004055	-0.04762768278730556	0.04966429046605817	0.06505674643159952	18.308211473565805	-0.9295873162643821

drug_330.txt	-1.71975498291025	1.0507858768729834	0.03894736170966956	0.049411148205249056	0.06776482666457695	0.05258740412006704	25.03774528183977	0.032847488192714346

drug_331.txt	-1.63428319059872	0.7362771165257618	0.04231644691835457	0.11827206211656416	0.10184589255427487	0.1424746165063242	29.914010748656416	1.2869535822395697

drug_332.txt	-1.66323975575099	0.9121786048248242	0.007259177010504353	0.005423330497676904	0.003343810902887519	0.007672485507526237	28.065741782277215	-0.0020056729549920082

drug_333.txt	-1.72145243672952	0.9875314862464802	0.030988776046040084	0.10146592875685922	0.03346464350561759	0.10464525499824291	46.03837020372453	1.626930162251499

drug_334.txt	-0.237620492338415	0.9076743929898621	0.0018909657607094343	0.019784022542287283	-0.0013203461906884904	0.06488613600267713	16.578177727784027	-0.9887485954049028

drug_335.txt	-1.66129267637006	-1.0200711567888778	0.004539250592367872	0.023013965768238887	0.049756840691610967	0.045201061247971165	32.278340207474066	0.24388305600611565

drug_336.txt	-1.71026921156726	-1.0349575282575556	0.024021582336936104	0.06083186078165165	0.029075053128964173	0.06368860842887397	28.34620672415948	1.1416175265485513

drug_337.txt	-1.65852375283229	1.0117039300716475	0.05146439933102212	0.12248367995307075	0.05556446791674316	0.06298659279002126	39.953255843019626	0.9078195022467581

drug_338.txt	-1.68286032489727	1.150606883537547	0.017033647079375158	0.01541945754860552	0.02323360329853318	0.039939048088981674	19.002499687539057	-0.8333575145919538

drug_339.txt	-0.286620069895157	0.9327738145446589	0.06689677598433055	0.14277733593298259	0.07096422094526342	0.09832285010383977	23.592050993625797	-1.0054835154674666

drug_34.txt	1.46484154886551	-0.637027352773313	-0.022088512273485766	-0.048522340701745825	0.014155831672942971	-0.03311243489989956	13.958380202474691	-0.9647103934961226

drug_340.txt	-1.67811743922578	-1.084680695076632	0.019385520200084605	0.05234830802017443	0.03267099847114622	0.0751452257060658	28.20034995625547	0.20350523502341383

drug_341.txt	-1.68099005338147	1.151661823954829	-0.0013017764516147778	0.015067270839702052	0.03048217591530273	0.09566235459854476	29.352455943007126	1.3632226948858277

drug_342.txt	-0.273654902261992	0.8010623819466376	0.2581992579244944	0.8435156590205553	0.07721248740370266	0.12337843759748557	7.2450943632046	-0.282840839461892

drug_343.txt	-1.69362110680134	-1.0649991516876471	0.008126021577440912	0.07658116986376062	0.020955618397395265	0.07061330669164849	30.16835395575553	0.19644969993891476

drug_344.txt	-1.6528322900265	-1.0284321413446043	0.023406379876901806	0.08450646057334665	0.06969597107997953	0.05072196239020998	31.205974253218347	0.13865366952540398

drug_345.txt	-1.6944583125312	-0.9987517593668382	0.02967842920295563	0.06917816717673103	0.01869986045645696	-0.009023580889034488	20.504686914135732	-0.2286243441541331

drug_346.txt	-1.65984484811245	-0.9366071991455316	0.03292374170958584	0.06945712801113757	0.09551027928152994	0.1273765736024166	30.455693038370203	0.3477923636480264

drug_347.txt	-1.64846192250086	0.8678130467534696	0.06441886466619237	0.13541622705151007	0.07554955837383036	0.06461377822673108	6.5355580552430945	-2.5119829790582084

drug_348.txt	-1.69751526556319	-1.1491073847903954	0.04616230508001737	0.12118487790323668	0.02820382696234573	0.0020941372208777495	9.074865641794776	-0.4984341721061689

drug_349.txt	-0.128445792849188	0.7710752350725251	0.025668267551541946	0.08271239269446812	0.018631254617198386	0.04820994465250299	11.908761404824396	-0.09665660362229372

drug_35.txt	0.189483955884355	-0.49422857040030055	-0.021104888837769648	-0.030602577596867853	0.044390801449326556	-0.021927629866972442	11.142482189726284	-1.2911150573293668

drug_350.txt	-0.282925611582626	0.914149564617598	0.015397791267156014	0.048826398277721006	0.03371410911776621	0.11044369453468306	29.240219972503436	1.9095399507332331

drug_351.txt	-1.67864357310189	-1.0675529627990767	-0.05151277459193504	-0.11841421342384012	-0.05298240020873725	-0.01454799908147486	12.015248093988252	-0.3682900376861975

drug_352.txt	-0.122055378470755	-0.8859548248778832	0.015134906328938297	0.04533225822393355	-0.023511615975897578	0.03403892529795511	18.892638420197475	-0.8550939982512646

drug_353.txt	-0.0694458312531203	0.7033410730551124	-0.0076092982218925465	0.006343218535498407	-0.04392708489602215	-0.019880261554726185	13.29583802024747	-1.3384863837870828

drug_354.txt	-1.61299205038596	0.9429736238633869	-0.006598876928455233	0.030704526281066347	-0.011418888207203173	0.061974879581093906	34.574303212098485	0.8875687955590154

drug_355.txt	-0.390928991128692	0.8471630320711938	0.034404086994326843	0.05361271623104841	0.013217691836649106	0.003880591077819262	27.005124359455067	-0.4502248064186544

drug_356.txt	-1.61294212527363	0.700199003542796	0.04292851888445129	0.1170070414874676	0.0187706792974906	0.07566228702119147	26.636170478690165	0.45127461125773505

drug_357.txt	-0.31943623026998	0.9949886122762047	0.009087621600052193	0.04429129498126283	0.0018044184733123872	0.05555383140576805	30.234595675540557	0.5793338494815794

drug_358.txt	-0.360758861707439	0.8016111973520015	0.04613200851128732	0.1270295562513683	0.023029381195829274	0.05854367316319956	32.87114110736158	0.600584735161874

drug_359.txt	-0.261607588617074	0.9178626248095199	0.04480095641348822	0.12773035443153014	0.035172589891994906	0.08391568483792528	32.48218972628421	0.5171805222282306

drug_36.txt	1.72689846349357	-0.696809552285354	-0.030208337109361577	-0.06265773821565257	0.02885722624306408	0.017418021540798447	22.611423572053493	-1.2626880628623771

drug_360.txt	-0.227478712001927	0.9211423296181275	-0.022702702939912556	-0.052058413772602674	-0.006015283340291949	0.041895680329200546	30.635420572428448	0.5558944707435332

drug_361.txt	-0.354184108452705	1.1795087233804757	0.027441533518665212	0.04579605030154976	0.03837971325261713	0.07663075585236866	32.80939882514686	0.913408104108496

drug_362.txt	-0.272391412880679	0.9218709288108751	0.022191216726744595	0.07250664701832904	-0.002468660969892598	0.06101305012932855	20.774153230846146	0.23570483844715565

drug_363.txt	-0.0326010983524713	0.9549230342346542	-0.012043982220389715	-0.005504067262598666	-0.011903805955100792	-0.019017171691623317	25.77790276215473	-0.717489739339238

drug_364.txt	-1.62597257959215	-0.733845156396935	0.009867364280902069	0.05145383256468533	0.00011614030808081881	0.0014037459592111507	13.69241344831896	-0.4344508599774176

drug_365.txt	-0.0295556665002497	0.7215411256355213	0.05818526258454043	0.11737496899154992	0.04407411208528224	0.023442116701740175	13.838270216222972	-0.8673241137323499

drug_366.txt	-0.0965551672491263	1.021112015443113	0.008735368244470548	0.03824073840175646	0.0017983522580920838	0.0768351446108688	28.09498812648419	0.6661648539688111

drug_367.txt	-0.0314528207688467	0.8671827282969351	0.03141333302455862	0.07297330622263642	-0.00684762952942368	0.02440096209574647	21.344831896012998	0.10304100456553913

drug_368.txt	-0.0189216175736395	0.8094043434884235	0.38295564538448734	0.9516478179409931	0.04669888139833128	0.04466926052054626	33.237345331833524	-0.20487652486463623

drug_369.txt	-0.394124198317908	-0.8264395938985603	0.016722334008940437	0.051525890140390274	-0.031099943308849055	-0.019077716977297716	4.230471191101112	-1.5244025032324682

drug_37.txt	1.77641719239323	-0.7544951869539164	0.008243811884318775	0.044751462103814366	0.0720121128336694	0.06248495783481199	22.683539557555306	-0.04295549010359186

drug_370.txt	-0.00988517224163754	-0.8476294565055513	0.012444370328252019	0.038775130286425374	-0.005073964630630203	0.023712101703053004	18.34233220847394	-0.8369617661951754

drug_371.txt	0.0141787319021468	0.9440042939172306	0.05841532717665762	0.13939273645937894	0.03220217882898189	0.03739472415044385	40.59130108736408	2.5051353838747445

drug_372.txt	-0.0357963055416876	-1.0068776504098327	0.0030428468004100595	0.01050015173405422	-0.023188701383199735	-0.049303890275502506	17.00812398450194	-1.1207395255038346

drug_373.txt	0.0389915127309036	0.8515804957734727	-0.01308489075673186	0.007743892979608036	0.020826121747174006	0.040378603436433694	23.20034995625547	0.2615294420723037

drug_374.txt	-0.0534697953070394	-0.8327981693691603	-0.02383815797956018	-0.02852725765987868	-0.030006681807005945	-0.015579476031244953	23.657917760279965	-0.6942944903463105

drug_375.txt	-0.089665501747379	-0.8147174095344891	0.01642343857852044	0.06255537262264582	-0.028425627252381014	0.007661457352881176	14.99437570303712	-0.4825377652778338

drug_376.txt	-0.280855639617497	-0.8885480602147459	0.014706742882135027	0.03653796953602789	-0.008646572161079741	0.05401574086773552	29.99000124984377	0.28093437857288744

drug_377.txt	0.0159261108337494	0.7864436687015866	0.008382894753396736	-0.056679558741555336	0.0008841672311417335	0.025217461516253873	13.280089988751406	-1.117670078205544

drug_378.txt	-0.320484657628941	0.8834302910784768	0.0007042095954431227	0.03672136169675716	0.02034310542960671	0.08989663709977366	30.6984126984127	0.5444239823245746

drug_379.txt	0.107447919030545	0.7751302158906223	0.011118330247990887	0.049656441401843665	0.09628393689209655	0.1269625704638208	37.96600424946882	1.3208942491289823

drug_38.txt	-0.178736091666696	-0.6496542773335037	-0.02104192781445144	-0.022318656164416917	0.03608023955499361	0.0025736690433870364	13.040119985001875	-1.2525269658982008

drug_380.txt	1.66593990133681	-0.8942558070974738	0.014301803163571158	0.06471595617367454	0.06637301281430447	0.036398174578555445	12.123484564429447	-2.075047651011727

drug_381.txt	1.6223552782714	-1.2191054056077317	0.030343984807410213	0.06994829442327799	0.0900265454667568	0.04836826843137058	30.87151606049244	0.11140236356198124

drug_382.txt	1.44727943050459	0.7736228733579517	0.03810184478331563	0.08518761157437615	0.09368261288050031	0.05993026158315116	16.820522434695665	-0.2894240624026192

drug_383.txt	1.77208069015358	-0.8799234897916439	0.01489305977164726	0.04503489772704611	0.07911512550032929	0.049473305841755216	9.303087114110737	-1.6350229124928144

drug_384.txt	0.0429628284845459	1.1025984415669816	0.017543046392973022	0.01959780942730105	0.09096883105290729	0.09717617418977524	36.41444819397575	0.7210791722583842

drug_385.txt	1.54802132465637	0.7152885875748298	0.07752999649167236	0.19122210963603775	0.15351634030702038	0.1324387239394341	30.00524934383202	0.9111494281457192

drug_386.txt	1.53313910253501	-0.9995512010488425	-0.004685529665416355	-0.0022336739373832737	0.05482696605082746	0.0002705960442813473	14.04511936007999	-1.3311066631661757

drug_387.txt	0.0755024805449169	0.9128794123778428	0.011486773320840027	0.03346059125099049	0.0906935944017948	0.06608204340128919	30.511561054868142	0.5312657632780786

drug_388.txt	0.196171477050159	1.0422993308886208	-0.026551182258512385	-0.07017627821029948	0.016764932922954265	0.02435965723074973	26.661917260342456	-0.35389175961065344

drug_389.txt	1.63623445949956	0.9513161706496889	0.08125404944287573	0.21037231217010177	0.12015822263524267	0.07720105143346838	14.740907386576678	-0.6424301445832911

drug_39.txt	-1.36948458431234	-0.6072072443099812	-0.02208514948880949	-0.032975752378366086	0.022654850502963158	-0.04683716864238699	1.298962629671291	-1.961399980574114

drug_390.txt	0.309201931368681	0.9759185300040376	0.017375974470708044	0.11002447696586237	0.09733621022094031	0.08069174040469777	25.879640044994375	-0.02173983470098471

drug_391.txt	1.65790195825143	-0.8567754178997914	-0.041860008079875	-0.07196077805950868	0.026524503900730707	0.0032801759553118463	21.540182477190353	-1.328235023987294

drug_392.txt	1.59554549294939	0.695844012866529	0.04857578356601577	0.11406299687962101	0.11161523207206167	0.10080212840136737	21.341957255343083	-1.0160654610442388

drug_393.txt	1.5609020036379	-0.8524239991653034	0.01055809969803595	0.03575467966126106	0.041697946711740146	-0.07945902509186052	4.841269841269841	-1.2559252673685808

drug_394.txt	1.70667879299931	0.7681580261618823	0.04351423730606516	0.08982099646429026	0.1137678611850356	0.10732902829580629	17.274715660542434	-1.6822884585533027

drug_395.txt	1.7643422977422	-0.7732888998431822	0.0032687416675188374	-0.0034829567672967077	0.06073235972158672	0.02554102904434086	5.5735533058367706	-1.4185154265991637

drug_396.txt	1.43416064714118	0.8209245589899783	0.04470651271169648	0.15139878490549757	0.1584107804160749	0.17711553619459391	44.19485064366954	1.3695675813795771

drug_397.txt	0.0654542661532176	0.8664173578026789	0.014028904905187212	0.043237455820904935	0.08938826147691674	0.08546849118816686	13.06511686039245	-0.668565135578461

drug_398.txt	0.138861986740169	-0.940826627861062	-0.007838479388237757	0.010386596529401548	0.060813529090787695	0.051241870918744464	32.094363204599425	0.9165498831799129

drug_399.txt	0.0963757161460606	-1.152539994159425	0.01590451105922816	0.03498140265442029	0.06963256415839301	0.00040589406642202095	34.99950006249219	1.0475144590179402

drug_4.txt	-0.190368642839936	-0.7501217909170368	-0.20021889624469968	-0.7307980053753895	0.030770413804571572	0.03363997136233755	24.30108736407949	-0.49645693847225747

drug_40.txt	0.105364680252349	-0.6967887393712145	-0.00412669452495712	0.003991871256144697	0.05612687327665347	0.03997154813798973	12.72978377702787	-1.6677135618943841

drug_400.txt	0.123485052142067	-0.992609589211257	0.005339425330367742	0.025089920988175085	0.048666914129725396	-0.024338977618694902	13.182352205974253	-1.258400719374059

drug_401.txt	0.219747651250397	-0.9149792023282478	0.010588655078846293	0.106658800802298	0.0874466877148045	0.07149952514267886	15.627921509811273	0.01137638403941994

drug_402.txt	0.183190947843968	0.7851809732154418	0.02383932508820341	0.03307349248417546	0.09698993910967449	0.06036314563262957	11.010748656417947	-1.0001206214441813

drug_403.txt	0.22877257540263	1.0194643423136547	-0.006717857098554714	0.039180476973041334	0.09437127842507795	0.1112164725853763	34.694413198350205	0.6288924637886942

drug_404.txt	0.148946859431133	-0.9570945584415818	0.013421567041263655	0.036230022319373834	0.08409804281072582	0.020718356156519915	8.969003874515685	-1.2955892176581096

drug_405.txt	-0.15222411138537	0.7731644487763258	0.021664333362111793	0.08443346399417756	0.10268325553338749	0.18110664816085079	23.07724034495688	0.07383422555635645

drug_406.txt	0.0907341784526008	0.9995221064771426	0.06472937519916344	0.13864054750834948	0.14186384274663394	0.10432078831588787	15.124109486314211	-0.5374202161779628

drug_407.txt	-1.61918276431507	0.861802947503759	0.26882079912542634	0.7979641020062993	0.03846712910913547	0.040003032092688816	38.51968503937008	0.8500392581289838

drug_408.txt	-0.221705902684435	0.5485917697745077	0.3667987488270587	0.8829096283967024	0.08102682945273354	0.1169927583116248	23.60379952505937	0.00867949204990914

drug_409.txt	0.271683384014887	1.0014395867150994	0.3480852890948734	0.8786546231158047	0.14214964389771081	0.13671192436896681	45.199850018747654	1.2822102005541898

drug_41.txt	-0.0656173083032793	-0.7095006082409172	-0.055736071346176946	-0.10115768211595522	0.06880949335054728	-0.0002736067897839698	18.994625671791027	-0.7759651118033307

drug_410.txt	0.00938592111832248	0.8279441187759342	0.37208292983199653	0.8934949181987972	0.07597569567327389	0.02710491540048301	26.151981002374704	-0.014259443386128971

drug_411.txt	-0.158900111371404	0.956658269343741	0.36009722489069845	0.8671083417529275	0.06847897821249785	0.06826874726600982	30.693538307711535	-0.3539321222209416

drug_412.txt	0.163439107073655	0.7886475753216677	0.33151404252167216	0.8196881666714871	0.09644298952449037	0.07084540086352116	27.80402449693788	0.15942612131251027

drug_413.txt	-0.24047774492108	0.5873169866558609	0.3381126490308993	0.8373602268736493	0.08267407698211686	0.13954210834494693	34.69253843269591	1.2726334201026603

drug_414.txt	0.0224072981436937	0.8002805231737352	0.38776114643726894	0.8825588527019924	0.13246788587235364	0.0864860473133522	23.287964004499436	0.010665635962940007

drug_415.txt	-0.0208187718422367	0.6132175123662527	0.44513483818302213	1.0373405473009027	0.13200474975082638	0.11110522010442922	34.13998250218722	0.024778457191832772

drug_416.txt	1.54349629402051	0.8358939573169419	0.34453279399007813	0.8229914695853082	0.054618962818204164	0.051466581209909656	18.217472815898013	-0.7829844847485204

drug_417.txt	0.0814802272116302	0.613199414331235	0.42931436650661264	1.026775520182569	0.15622991410907125	0.1571745785601734	42.90813648293963	1.7183645444799462

drug_418.txt	-0.187706901186681	0.6384990445030766	0.3742142911895371	0.8262234931769	0.08267454673148007	0.07097114160407912	20.633545806774155	-0.7650025092609376

drug_419.txt	1.50421430790877	0.7660965640724104	0.3801291556999492	0.9038455880985437	0.1262578357444152	0.11109082568434647	28.32883389576303	-0.831378163123159

drug_42.txt	1.54746097636762	-0.4925009168748088	-0.0332085599133678	-0.06163767865804015	0.013785227937243396	-0.03810737182946306	11.292713410823646	-1.110028851485524

drug_420.txt	-0.434463689081762	0.7285009986783638	0.3335694189543339	0.8389679176320106	0.08982741479150125	0.13959016003514838	40.18310211223597	1.1356662433242333

drug_421.txt	0.0163255117324015	0.6485216241471105	0.37982168315114995	0.9061960271543479	0.1050462547902257	0.14569056863862337	30.816772903387076	0.8566963042807281

drug_422.txt	0.00424363454817767	0.6728246026153375	0.37540412237215537	0.9270842528421464	0.11521571549975117	0.1304418421184943	31.185101862267217	-0.09890251778403324

drug_423.txt	-1.57025615423019	0.6271854874762381	0.03069160990469938	0.0	0.018425227715492782	-0.016267943072615733	24.636170478690165	-0.2351107138396947

drug_424.txt	-1.36921680416438	0.775895892608315	0.4040082574552321	0.9258932546933722	0.09896183243440436	0.01950730278114659	40.672540932383455	2.041856195450881

drug_425.txt	-0.029006490264603	0.7546636693615028	0.31407056067318706	1.0879587320635093	0.14512361623928544	0.13174751090307815	35.023997000374955	0.34944502343914874

drug_426.txt	-0.263842697492223	1.1257573857184822	0.3362858538076027	0.8569516786134338	0.04880411627726732	0.03867560415087437	36.7222847144107	1.087235546601993

drug_427.txt	-1.66017128153923	0.8611106434694955	0.4075060112815742	1.0091303666575333	0.07830887055700265	0.07412891078690853	37.25084364454443	0.7463937352698353

drug_428.txt	-0.392776220284957	0.7899936765160884	0.3247917634768912	0.8264741259833959	0.06741196281513523	0.05409631734449951	40.67504061992251	0.6767667771473285

drug_429.txt	-1.68099005338147	0.8459150783900076	0.3361431501750883	0.7079246975920611	0.020236653890079857	-0.0006667172015448137	25.388576427946507	-0.2529898382524176

drug_43.txt	1.79283801570372	-0.8740553161345787	-0.01810637512283733	-0.016053685450012012	0.0684287882523217	0.06699520453863847	23.641044869391326	-0.382055534859803

drug_430.txt	-0.389630938208072	0.7965851689472128	0.31323723522503993	1.0684193996002564	0.13380135277415028	0.1512293939845009	44.34020747406574	1.3930647557208473

drug_431.txt	-1.63970198548331	0.7686146100812783	0.4175469240603489	1.1464531830933034	0.09488748755842169	0.06996176699545155	55.20759905011874	1.7706544128711645

drug_432.txt	0.0121817274088866	0.6411763289563546	0.43058479125636484	1.0070331650915023	0.1307685586113864	0.16082109618533288	40.914885639295086	1.1490072034425607

drug_433.txt	1.72127717514637	0.6886426741388252	0.4208384643330243	0.8432150884833859	0.15476419442352846	0.07209765910185033	21.570678665166856	0.14639084417547724

drug_434.txt	1.29314245415094	0.9515279905617096	0.31206018668638896	0.8728196711656304	0.1358056030842144	0.1342242547507553	44.43244594425697	2.3858070486342915

drug_435.txt	-0.453162563846538	0.949147169786503	0.03796688553413591	0.06576660017294966	0.04321124974722968	0.09891689998492655	38.17385326834146	0.8880800040297081

drug_436.txt	0.0440496597760701	0.8971415357281775	0.04268291119573708	0.14341731512474926	0.09862294624783899	0.11225589864462047	37.943382077240344	1.0892392345045956

drug_437.txt	-0.0391912131802297	0.6904320866894039	0.0342233514471163	0.09604666183562433	0.07830880174042953	0.13294283142178548	28.063867016622922	-0.17943947868779603

drug_438.txt	-0.339467721494681	0.8354978591629543	-0.012134580623442054	-0.018770903360720126	0.036979336487460795	0.10058807859585396	41.93575803024622	2.194706332872822

drug_439.txt	-0.0112830753869195	0.785079905665313	0.03587727958571582	0.07823540590739259	0.07778832080379246	0.1310015582820287	31.139857517810274	1.1837426339822263

drug_44.txt	1.70731629827985	-0.6537216414385182	-0.02155400673005564	-0.04761924649711313	0.07888685876992664	0.07449208436794068	17.41907261592301	-1.3348154015566247

drug_440.txt	-0.0117324013979032	0.7668490989770194	-0.009343900659139426	0.0045454565679348136	0.05274000476473583	0.12060046093433861	37.21397325334333	1.1919643187514324

drug_441.txt	-0.0166749875187219	0.8941312012813674	0.023749017958814234	0.09139869876594109	0.06234313105923487	0.11815726604680742	33.53318335208099	0.45566140877959604

drug_442.txt	-0.0245631552670993	0.9398922390818929	0.02944066825938138	0.07126326657573429	0.07605715635716208	0.12406115143692015	16.819397575303086	-0.6414940228887033

drug_443.txt	-0.11063404892661	-0.988153271256438	0.01070085236078111	0.03826141574026681	-0.01502524113155522	-0.02416422675432432	7.034995625546807	-1.9691613685852065

drug_444.txt	-0.0326010983524713	0.9831073308977083	0.034301680163561915	0.09330067874123521	0.07464919140163727	0.08509042943562678	38.61417322834646	0.714723578715575

drug_445.txt	-0.112331502745881	0.9926269649575117	0.028705509750816455	0.05857722694961626	0.04228494175231178	0.0475190275800025	25.965129358830147	-0.23632796681876855

drug_446.txt	-0.0209186220668997	0.9596540286594987	-0.02196107345864637	-0.02125703280895047	-0.014714238100913699	0.00994305114083064	30.748031496062993	0.9725888950965677

drug_447.txt	1.7407207370762	0.6371639595780683	0.035069996126313535	0.07928418424785455	0.09375742443707048	0.1008286120374223	25.557680289963756	-1.892473699184336

drug_448.txt	-0.0500249625561657	-0.875669823321086	0.303153815091766	0.7486353091304097	0.05665973735783297	0.08144002131542674	18.970378702662167	-0.967683710570681

drug_449.txt	-0.100149775336994	0.8265304782682785	-0.00042561000202190336	0.039469635949161974	0.021034449912534784	0.0470325991188124	23.2580927384077	0.6432204963371473

drug_45.txt	1.88679707711161	-0.5899340483253649	0.003561414020266551	0.025033519653662073	0.042631841159839354	0.02314232374689248	4.087614048243969	-1.3583733102168685

drug_450.txt	-0.0124812780828757	1.0262192961352226	0.019050803450266968	0.08549424904000985	0.06857424600645566	0.09441095984976208	27.065866766654167	0.0043919564782968126

drug_451.txt	-0.00439340988517223	0.9224816678065577	0.07097927669243292	0.1400182262254438	0.09362770582196286	0.06448245985913405	29.606299212598426	0.1152451712780477

drug_452.txt	-0.15282076884673	0.7618813309589385	0.012333960206919542	0.053400578508548124	0.04582386348933731	0.09852773137759784	34.95425571803525	-0.7738154353759163

drug_453.txt	-0.0378432351472792	1.1056862545731059	0.01655384740983673	0.035277167577635105	0.04882389371291358	0.0895702972798402	32.066241719785026	0.8675509103199655

drug_454.txt	1.71919847501475	0.9796948811814412	0.06417365101203462	0.14768475987174168	0.0800362027372853	-0.01699343158086861	12.621297337832772	-1.097114197037774

drug_455.txt	-0.0379430853719421	0.8023797276787219	0.006433391105149566	0.01824659753061597	0.028485389249741058	0.09311951523515748	21.99912510936133	-0.3035464551214393

drug_456.txt	-0.0315526709935098	-0.868236709303503	-0.0047571008619901045	-0.008499952951943446	0.014511691586511149	0.029792624475376343	17.954755655543057	-0.7549243501767943

drug_457.txt	-0.00803794308537198	0.8383099668572127	0.059971524533853876	0.13611393033693148	0.07440677973168804	0.053841621220624504	16.13310836145482	-0.45423357115216084

drug_458.txt	1.74716107656697	0.9010016687972896	0.03729999898113007	0.068851094745213	0.060351557688957856	-0.01772430797556596	11.741657292838395	-2.0755868085472446

drug_459.txt	-0.0336994508237644	0.7654560949465978	0.03876803645565269	0.10402167649323668	0.04111520491022541	0.03895739753000986	4.827396575428072	-1.5309677108644304

drug_46.txt	1.81836126928488	-0.7083675005866575	-0.00662225117739948	-0.015472824603885882	0.055583552667547574	0.03747210352832545	13.465691788526435	-0.8723736078107149

drug_460.txt	-0.018472291562656	0.951330679520557	0.06054854924368877	0.13921692087919135	0.06458624262842241	0.05928568950623108	22.312460942382202	-0.7016203715110001

drug_461.txt	1.72179458085599	1.0101531935948778	0.057030510343011126	0.14482274548925111	0.08882214833691195	0.022161615666372744	14.087864016997875	-1.002350406340026

drug_462.txt	-0.327758362456316	-1.0579292332527137	0.008088050480167502	0.025163714109468938	0.007747180452562405	-0.012071772098710316	19.011498562679666	-0.8399955653913206

drug_463.txt	-0.00464303544682976	0.7762972889717534	0.0638118241938039	0.1509552053917902	0.08635685529035138	0.10703877524955828	27.290463692038497	0.19466893449265585

drug_464.txt	1.76103571914855	0.8168165693407747	0.09328814822248988	0.22152191714464453	0.16332942721147012	0.13800999582891563	16.315210598675165	-0.5931425383557714

drug_465.txt	-0.0199700449326011	-1.0401924628478336	6.711297154957108e-05	-0.003597426555444372	0.02423408875114496	0.07027980594529437	28.56580427446569	0.2752540245778555

drug_466.txt	-0.0960059910134797	-0.8673246370341527	-0.3037579661599293	-0.8561797455543143	-0.04150097736363796	-0.0025750620289843205	4.55355580552431	-1.459498686087464

drug_467.txt	-0.148266062444794	-0.7122396761445231	-0.007147494134843724	0.007195972806054884	-0.0345485997340646	-0.04710211647950424	4.766654168228971	-1.3752103236322615

drug_468.txt	1.72854599220051	0.8802743830259222	0.015819270258496276	0.05793516816639571	0.06335658690308954	0.12761741064378093	27.64466941632296	0.10235087296644083

drug_469.txt	0.0148504515953342	-0.7120567395648134	-0.03516232291599938	-0.04118818725522927	-0.02057265669136301	-0.022716544204129264	-0.9048868891388576	-1.284959892252937

drug_47.txt	0.0165594265943741	-0.6851289056293209	-0.027055596422492473	-0.05254784960259601	0.017272757934975992	0.026872049861398142	15.384076990376203	-1.128058008704794

drug_470.txt	1.49357606946224	-0.9270132265015738	0.01572293591089194	0.047813935338897384	0.052654829386650955	0.046310468350805885	17.613673290838644	0.7077735037805194

drug_471.txt	-0.004708671258846	-0.7018054991637632	0.015071699253181525	0.05500875309177661	0.03618772564800432	-0.032530740172773846	2.6166729158855144	-1.3747642048840147

drug_472.txt	-0.192998963093821	-0.8569578466395564	-0.03964171873078068	-0.1051778622649554	-0.052296389008937086	-0.039383124870358804	1.1206099237595302	-1.7228874138967363

drug_473.txt	-0.0497753369945083	-0.6951150226027023	-0.3619311620902983	-0.8832982800032081	-0.06151407423020018	0.05829796206108961	31.34533183352081	0.38271646807098936

drug_474.txt	-0.0489765351972042	-0.8096183692423213	-0.31756412053457833	-0.9655501925526078	-0.07245905509869341	-0.014875459506922597	15.209598800149982	-1.082029136489357

drug_475.txt	-0.0354967548676984	-0.9000045029021417	-0.29394441559268203	-0.9259253016354521	-0.033129313258032485	0.014813367331263361	24.6984126984127	0.2563843032470808

drug_476.txt	0.0158262606090863	0.7320236759258405	0.006029959685701497	-0.03123528949210197	0.018469445154633907	0.058421381752941426	17.75828021497313	-0.24513948973298233

drug_477.txt	-0.251311494297016	-0.8327876603455044	0.25058557681046745	0.7317929644901972	0.0006194717914976325	0.021559008235662192	16.372453443319586	-0.11703580033675713

drug_478.txt	-0.0116325511732401	0.8660139742641559	-0.24723769846563715	-0.7712667501406743	-0.010894122965091686	0.017558148160249955	12.990376202974629	-0.903952493003881

drug_479.txt	-0.262544644571604	0.8025384684108923	0.002519900913298165	-0.024017949433212005	-0.008539320472172922	0.012526036743596545	20.611423572053493	0.23921579939983847

drug_48.txt	-0.0466956907296399	-0.7000347038026824	0.015952490615693843	0.06488551932223452	0.12701335857115723	0.14908493589684083	22.725784276965378	-0.2623189294423185

drug_480.txt	-0.0492645646914244	-0.9148071180086588	-0.06698736487235721	-0.14376622985590987	-0.033019907840323964	-0.02771417908116667	4.689288838895138	-0.8252852583982223

drug_481.txt	-0.0500249625561658	-0.8154457846445022	-0.3076120547587662	-0.8405331225718912	-0.03358980497621889	-0.015453376913729711	1.1859767529058867	-1.5151496712064838

drug_482.txt	-0.00384423364952569	-0.8956058349057812	0.020767362810728912	-0.07407035093161174	0.0006843798062920658	-0.006044342224844925	11.807024121984751	-0.3748717320386265

drug_483.txt	-0.109224624601559	-0.784749621163259	-0.34906633592482206	-0.7977255331651765	-0.07246546399302436	-0.016607197006063407	6.9310086239220094	-1.2557831785022786

drug_484.txt	-0.121606052459772	0.6857131944924731	-0.0018478240446805905	-0.0961185769924921	-0.0018302308564056664	0.05897366424350187	20.072240969878766	0.13386346289267917

drug_485.txt	-0.0277583624563155	-0.6657474389699649	-0.3130279804035099	-0.8822629533609183	-0.04543721988457613	-0.014723225136549794	7.324584426946632	-1.666259051583324

drug_486.txt	-0.111621029993471	-0.7930853941088465	-0.27054212047524656	-0.7194083517661218	-0.0303846835049918	-0.029108149714625893	17.24246969128859	-0.5709849429899434

drug_487.txt	-0.0432850723914129	-0.6750588148050747	-0.30469791036232197	-0.8914662236172388	-0.06665237600755923	-0.07391059018547995	11.146356705411824	-0.8510910060924802

drug_488.txt	-0.0803179845616191	0.7796154004326399	0.005264127263772622	0.023499727199572662	0.005101399626224846	0.006327210832283904	7.337707786526684	-0.6713648853545398

drug_489.txt	-0.144921079918584	-0.7144327249564515	-0.3880123423041306	-0.8298634938349059	-0.11365650885257593	-0.08357718786185939	1.5410573678290214	-1.252239659377401

drug_49.txt	1.79274968665882	0.8590469447353888	0.004431547616234266	0.026752347916880526	0.12408907597429802	0.19656448085741657	34.43307086614173	0.7101780148018096

drug_490.txt	-0.155305503283536	0.7761320117663557	-0.0007064554844286308	-0.003272280885913914	-0.032270921994353774	-0.023707397209668954	7.67416572928384	-1.3819343300373428

drug_491.txt	-0.127247590153232	0.7295244320428436	-0.3066716242263837	-0.8275784964857554	-0.028584095811521576	-0.012499717666948396	13.459567554055743	-0.5825669403156563

drug_492.txt	-0.0117324013979032	-0.8432808342748609	-0.0024571193259649016	0.005124735188266283	-0.028166614438322572	-0.015332149033291456	21.293838270216224	-0.45962174467247124

drug_493.txt	-0.134187180767311	0.7496012075123347	-0.32279021240654404	-0.8379135996836016	-0.02785031934866954	0.04632106912347991	17.303837020372452	-0.028497294458852847

drug_494.txt	1.53231341798491	-0.838204974903165	-0.0009492971700077318	0.01456872648828228	0.01620030870573339	0.04060020010854378	1.5753030871141107	-1.5450351585531596

drug_495.txt	0.009335996005991	0.7231146096811722	-0.0037556257397309833	-0.000607382084299557	-0.005303019290101468	0.010067231880866072	11.154355705536808	-0.6620110487219322

drug_496.txt	1.79578359733128	0.8463039485136475	-0.02390160779831757	-0.049213363545928424	-0.009654821094849088	0.02671188580713969	10.71366079240095	-1.352338045498974

drug_5.txt	0.099922843008215	-0.575924730377738	-0.05013087320290752	-0.12120635446610095	-0.029712648164628302	-0.0650537018762789	13.07074115735533	-1.4968072179163372

drug_50.txt	1.76309416993391	-0.6963286115043403	0.015208244785907987	0.033340092493473916	0.12388814723889872	0.15747715787948088	22.989876265466815	0.045318308620098384

drug_51.txt	0.176058639313757	-0.7240091708430068	0.06259003596156448	0.10549417418031876	0.18670522601633116	0.22304978142249052	39.37045369328834	0.9547374762654272

drug_52.txt	1.66513411700631	-0.9003852159473161	-0.023859687047007805	-0.03657698015614108	0.09677484818838807	0.12368253987140722	4.507561554805649	-2.0162847027817072

drug_53.txt	1.87786048200427	0.7251381752287192	0.05492310283104024	0.13259423586294383	0.16899188857041994	0.21899746051255625	19.447569053868268	-0.5597513737024769

drug_54.txt	0.128130531475514	0.7666219630443285	0.08910944539745794	0.19342463959462902	0.19021200503539326	0.19677111809894973	25.38557680289964	-0.615315283624122

drug_55.txt	0.131824989788045	0.5192660770850352	0.08995659725197488	0.1743284640274106	0.2162945683263855	0.2508516912720152	29.426696662917134	-0.16130174316555063

drug_56.txt	1.81366830872572	0.609792780400706	0.04564883900486494	0.08951827731049206	0.14227970088620243	0.16965663758658855	32.85564304461942	0.45952587672494377

drug_57.txt	-0.0214335838898995	0.5962039838670857	0.09026805501199187	0.20270381621638206	0.1918598484689355	0.2182575737439011	27.646169228846393	-0.41546824553493067

drug_58.txt	0.0130147436188375	0.5102338564394702	0.04782284119238492	0.1142682246859365	0.19282393834237627	0.2205173463695957	23.41994750656168	-0.17172920871517877

drug_59.txt	0.141011210457042	0.45162097350945474	0.06945221460458856	0.1389843486457678	0.20058030859497267	0.2325775889400079	18.99512560929884	-0.9561107904464908

drug_6.txt	0.117746108110561	-0.6965023256753213	0.026576295374226552	0.07913092881844794	0.037422244786842834	0.01641890180362371	22.531808523934508	-0.8030273571812966

drug_60.txt	1.74297434966431	-0.6840148908180352	0.061213949879869806	0.13692767249787968	0.19436145674094293	0.19431343687805314	28.274215723034622	-0.1576332889927544

drug_61.txt	1.68126691082258	0.7313659133194421	0.06326258976963303	0.11206121954366843	0.1904926990857762	0.19513885827419544	39.06349206349206	0.744889359843338

drug_62.txt	1.72658739163981	0.507254531158515	0.34696875739828914	0.8565607230463361	0.20546671831263108	0.24108886054623166	40.053493313335835	1.1745992389217519

drug_63.txt	1.67028792475622	0.8985816997210074	0.08559164398507502	0.16822821960514722	0.17061845429801537	0.14928268242044987	19.63042119735033	-0.9008028768478833

drug_64.txt	-0.0628714271250468	0.48484947379215926	0.07146010088432572	0.13480650698837005	0.18439233034883198	0.19935767901795645	25.67504061992251	-0.16303347588606085

drug_65.txt	1.8470067625834	0.5755283613315777	0.3907986610426622	1.042183450921066	0.2140467562825633	0.2676222448850168	40.911761029871265	1.2022007701539665

drug_66.txt	1.73217900422094	0.5485897308637459	0.08516775326090029	0.17963073003492314	0.22413056849794133	0.307932884157758	47.69766279215098	1.1121076474174905

drug_67.txt	1.64831633668379	0.5618795953039729	0.06585437194749075	0.12518201171581828	0.1988915533739996	0.2561340139478078	38.509686289213846	0.7142446007106126

drug_68.txt	1.65385802415258	0.5298481803490357	0.10657690960952043	0.2135128331033398	0.23377813807533693	0.2507313844803639	45.9023872015998	1.033141558414577

drug_69.txt	1.70863041102682	0.609659100248331	0.05687060987254883	0.11739825790581981	0.17373069434077523	0.20653845519292166	41.58480189976253	1.2223591786957142

drug_7.txt	0.0855444106567421	-0.7226805211955702	-0.24979446213836196	-0.8436123082371605	-0.0061322051351933825	0.0012528237972755877	26.50681164854393	-0.49542271871637117

drug_70.txt	1.83212907910861	0.6027756883964297	0.3132073084819439	0.8646241787406962	0.18439322161602484	0.20284933245672215	31.86889138857643	0.590309245309867

drug_71.txt	0.0343826916967206	0.5878610237913213	0.2952624920809258	0.8882274172051291	0.17993081004423805	0.19256906605656854	28.39170103737033	0.05041349058283014

drug_72.txt	0.0142628714271249	-0.7260244970463006	0.2875952632709622	0.8276329296902905	0.13442948892880738	0.13603731778852862	19.485814273215848	-0.39788314952787723

drug_73.txt	0.0403737051765009	0.5944179985255345	0.048060506348475376	0.12186906418019144	0.14229688524133988	0.17395722078346812	18.42694663167104	-0.5412965507350083

drug_74.txt	1.76003721690192	0.5134163978688386	0.30882909348031923	0.9095705449569202	0.18589908718800321	0.2225137740681874	32.60542432195975	0.47507406161479493

drug_75.txt	0.0733242793152926	0.603953273886465	0.0855666145426184	0.18135708615108823	0.17536567980825868	0.20493067133636947	32.48306461692288	0.5965149172371826

drug_76.txt	1.68546062025842	-0.7112077104668731	0.02936994489422934	0.07558644837160694	0.13289279061630038	0.15444316492920285	33.373328333958256	0.5652931794084362

drug_77.txt	0.109508464575863	0.7840914790611409	0.02819626104640699	0.05912387381435125	0.14896460545338314	0.17555732524007556	37.955380577427825	0.7232063186575719

drug_78.txt	1.65257149241173	0.850957103992691	0.012047818506401214	0.0501357255306773	0.13598177518840493	0.1434186514576433	26.501312335958005	0.5330551219835481

drug_79.txt	1.53733281197086	0.7567021073705245	0.04799772677629707	0.11913069069671339	0.15852940881446026	0.21367990032157114	29.541557305336834	0.17183090657523056

drug_8.txt	-0.17554088447748	-0.7236749080253932	-0.2240785922789304	-0.7825637660271183	0.005821273274423654	-0.026297282248329064	27.02774653168354	-0.13359033924175961

drug_80.txt	0.119144011255844	0.7655483393017377	0.35281616067823374	0.9708117078453793	0.2209792747336499	0.21166741305186165	33.385576802899635	0.7485141537616429

drug_81.txt	0.117396632324241	0.6108554863001656	0.04523664921960427	0.10450684867371424	0.18760678359792993	0.2104556783053177	32.75365579302587	0.7617482290632145

drug_82.txt	1.5869468524486	0.6730106109600398	0.06051711051443695	0.14615302883500836	0.18833449178101472	0.15769924109729336	23.33108361454818	-1.165898663765367

drug_83.txt	-0.0237800641694801	0.7105484769047553	0.07325667832196556	0.15978424064568103	0.1909058399882904	0.1571537110212425	20.540307461567306	-0.6822618578696894

drug_84.txt	-0.0773381885214137	0.8037749216521599	0.11187483961864067	0.23256979788235005	0.22508772261191298	0.21069408446273677	45.06849143857018	1.1787486287824886

drug_85.txt	1.85799028729633	0.6734665399315085	0.1175026726848929	0.22727848236077652	0.2501808859864616	0.2560014401947414	39.52455943007124	0.9489558115463339

drug_86.txt	1.84286297825988	0.4270646177286008	0.11591867693864202	0.23418919258634585	0.2746522335023103	0.2722007901721186	26.329083864516935	-0.4512677308636368

drug_87.txt	1.6314800526483	1.1902298230771073	0.04944662071713801	0.10231709273796152	0.18808420269031118	0.14222761239694237	28.29196350456193	-0.1764937102561241

drug_88.txt	1.87676212953297	0.6630245065082689	0.09916174915722722	0.1947677216837853	0.20057118397859228	0.15143339830858496	25.13398325209349	0.21376512618871443

drug_89.txt	1.61487803260145	0.7100479650361363	0.09946583124314973	0.18537940411342213	0.21980346292136174	0.2333889247681675	33.21734783152106	0.44575948556250716

drug_9.txt	1.52689183008704	-0.7372433712378665	-0.27549445053895083	-0.7548330587087382	0.02790871635419094	-0.040948594318551135	25.212723409573805	-0.42631352935188

drug_90.txt	1.79638269867925	0.6686425182183389	0.10231773371518654	0.1993980512335739	0.27490208475121014	0.26156620660827806	38.56342957130359	1.4794342329919583

drug_91.txt	0.102968274860437	0.9107433085459371	0.0804633623188599	0.18244141169331474	0.19206736950751013	0.12849996386650162	32.205349331333586	-0.4263910077889449

drug_92.txt	1.87206916897381	0.7619768424976973	0.09524605939025527	0.17999044098439954	0.24211388922501925	0.23011083892265752	33.23859517560305	0.596452990710141

drug_93.txt	1.8495529433123	0.7493082192045649	0.0859779478004789	0.18237235213213204	0.19771173359735883	0.10769036187012777	27.86289213848269	-0.3291454443954149

drug_94.txt	-0.0307311759633279	0.657347789375599	0.10416734349824402	0.20330329660126006	0.21872403563929274	0.19556430641894665	41.4273215848019	0.8400616243854079

drug_95.txt	1.82628784096582	0.6337600508679586	0.12428428467961358	0.26641884659651377	0.24569773294276817	0.24078830770630294	36.59930008748906	0.34942135723023426

drug_96.txt	1.4933487880068	1.0126966531581771	0.05206886854846282	0.09681071533108654	0.16832126389504057	0.09102675555006104	20.5899262592176	-0.7703127546503012

drug_97.txt	1.64207569764235	0.8292513865286048	0.09730244816022116	0.19245906078297031	0.21011219425367997	0.10543282849945398	27.09061367329084	0.6741888475663274

drug_98.txt	1.5451096083148	0.5366249077537196	0.07913935435170796	0.15280634336037913	0.21496516980430777	0.21010902969804515	30.9848768903887	0.15951021836955903

drug_99.txt	1.78889393182953	0.6303687003318118	0.13039726022630066	0.23454880986458315	0.2609335953275349	0.19501050969911393	23.691788526434195	-0.44044459682546794

